300 300
000000000000000000000000000000101100000100000000000000000000000001000000000001110000100000000000000000000000000000000010001000000000000000000000000000000000110001001110000000000000000000000011000000000000000000000000000000000000000100000110000001111100000000000000101000000000000000000000000000011000
000000000010000000000110000000000000000000000000100000000000000001100000000001000000100000000000000000000000011000000110010100000000000000001000000000000001000000000011000000000000001100000011000000000000110000000000000000000000011011000110001000010010000000000000000010000000000000000000000000011000
000000000101000000001100110001001101101100100000000000000000000000000000000000110000000000000000000001001000100100011001100000000000110000011100000010001000000001000000100000000000001100000000000000000000110000000000001100000000111111000000001000101001000000000000100000001000000000000000011000000000
000000000110000000001000010011001000000000000000010000000000000000000000000000011000000000000000000011111000000100011011001000000001000001101110000010001000000000001100000000000000000000000000000000000000000000111000001010000000011011000000001101101010000000000000000000000100000000011000010110000000
000000010000000000001000000001000010000000011010100000000000000000000000000000100000000000000000000010000001000100010011101000001100111010000001000010001000000000000000000001110000000000000010000000000000000000000000000010000000001010000000000000101100000000000000011111000000000000000100000110001000
000000010100000000000000010001000010000000000000000000000000010000000000000000110000000000000000000100100011101000001010110100001011010110110011100011100000000000000000000000010000000000000110000000000000000000000000001000000000000111100000000000101000000000000001101000110001000000011000000110010100
000000000100000000000100100001000100000000000000000000000000011000000000000000010000000000000101000100100010001100010000011000000011101000110001100001001100000000000100010001011000000000000101100000000000001100000000001101000000111101110000000000010000000100000010010000010000100000001100011000010010
000000110000000000000000000000000000111000000001101000000000001000111000000011001101110000000100010111000100110000010010001000000001011110100000000001000100000000000000100000111000000000000000001000000000001100000000000010000011110000010000000000000110001010000110110000001000100000000001000000001010
000001001000000000000000000000000011000100000011000100000000000001000110000100110000000000000001011000000010100000010001000000000000001010110000000000011000100000000000000001010000010000000000110100000000000000000000111000000111000000100000000000001110001110000110110001011000000000000111000000001000
000001000110000000000000000000000000100010000011001000000000000001000101000000100000000000000000100000000001011100001101000000000111100001100001100010001001010000000000000101000000101001100000001000000000000000000011011100001100100011000000000001101100001100000110100010001100100000000010000000000000
000000110100000000000000000000010011010010000000110000000001110001111101000000000000000000001000000000000000001100000110000000000011000000000000000011111000000000000000011011000001001001100000000010000000000000000011110010001100101000000000000001110100000000000000110001010001010000000000000000000001
000000011000000000000000000000100100000000000000000000000001001001000101001000000000000000001000000000000000000000000000000000000000000000000000001000001001000100000000011100000000110000000000001111000000000000000000001001001111110111000000000010001010000000000001110000000000100000000001111000000000
000000000100000000000000000000100100000110000000000000000000000001111110010001100000000000000000000000000000000000000000000000110000000000110000001100000000000000000000000100000000000000000000000000100000000000000000001010000110000111000000000001010011100000000000000000111000000000000001001110010001
000000000110000000000000000000010000010110000111100000000000100000100000001010010000000000000000000000000000000000000000000000110001000000110000000100000000010000000000000000000000000000000000001100010000000000000000000000000010000010000000000001001001110000001000000000110100000000000011000010000000
000000001000000000000000000000000000001000010011010010000000000000100000001101100000000000000000000000000000000000000000000001000010100110000000000000010110000000000011101000000000000000000000000100000000000000000000000000011100000000000000000001000100110000001000000100001100000000000000101110001010
000000000101011100000000011001100000000000010000100010000000000101100000100011000000000000000000000000000000000000000000001000110011011010000000000000000000000010000100001000000111000000001100000100011000000000000000000000100110000000000000000000011101110000000000000101111100000000000000000000000100
110000000010001000000001110000111000000000110000111100100001010000100000100001000000000000000000000000000000000000000100010100110001001110101100000000000111011010000100000000001011000000000110000010000100000000100000000000011100000000000000000000000100000100000000000011000100000000000000000000000000
100000000010011000000011101000000100000000100001111011000011100000001000000101000000000000000000000000000000000000001110010100000001000110000100000000000001100100000100000000000000010000000110000001111110000001111000000000000000000000000000000000000000001010000000000000000011000000000000000011000000
110110000001010000000000000110100000000011100001101010000110000000111000000000100000000011000000000000000000000000010010000000000100000000111000000000000000100100000000000100000011110000001100000100100001011100011110000000000000000001110000000000000000010000000000000000000111000000000000000001100000
000110001100000001100000000011110000000011100001111100001000011111111100000011000011100001100000000000000000000000110100000000001010000000000000000000011000011000000100000100001000010000001100001100000000111011110010000000000000000001100000000000000000100110000000000000000111000000000000001101000000
000001010000000001100000000010000010000000111000000000001000000000010000000010000101100001100000000000000011000000110000000000010001000000000000000001000100000000000000000000000101100000000100000001110000000001001111000000000000000000000000000000000000101000000000000111011100000000000000001010000000
000011000000000000100000000000111010000000011000000000001000001110010110110000000100101000110110010100000100110000110000100000001010000000000000000000111110000010010011011000000111000000000110001101100001110110110001000011000000000000000000000000000000010000000000000000100100000000000000001000000000
000011000000000000001000000100000010010000000000000000000100011010011110101100000000111101110001010100000010001010011000010000000100000000000000000001000110000010010000100000000000000000001010001000100001100001000110001111000000000000000011000000000000000011000000001111110101010000000000000000000000
000011000000000000011000001100110001110000000000000000000000000000110111101100000011011100010000001001110000000010000000100000000000000000000000000000000000000100001000000000000000000000000100001010011001110111000100010000000000010011000000000000000000000011000000001110000100000000000000000000001000
110000000000000000000000001000010111100000000000000000000000000000001101000110000001100000001000000001110001000000000110000000000000000000000000000000000000000010001000000000000000000000000000000110001000000001101000010110000000111000110100000001100000011000000000000001000000000000000000000000001000
110000000000000000000000110000001100000011100000000000000000000000001110000000001001100000111100000000000001000000000110000000000000000000000000000000000000000010010000000001110000000000000100000000000000000000110000001110000000100000010100011101100000001010000000010001000010000001100000000000001000
000000000000000000000011011000000000110100100000000000000100000000000011000000110101100001110000000000000000100001010000000000000000000000000000011000111000000000100000000010001000000000000100000000110000000000000000010110100000000001100100000101111000000100000010000001000010011111100000000010000000
000000000000000000010100111000000000000101000000000000010000000111001011000000000001100011101000000111001000000001000100000000000000000000000000001000011000000000000000000011000000000000000000010000101000000000000010111011110000010010000110000001000100000000000010000010000001000100000000110000000000
000000000000000000001000000000000000111010000101000000010000001101010110000000011110000110000000000101010100001000000010000000000000000000000000000000100000000000000000000000010001000000000000011110101000000000000000000111001111110000001101100001111000000000000000000000000000101011100000101000000000
000000000000000000000000000000000000000000000100000000100000000101011100000001010100001110000000000101000010011101111011000000011000000000000000000000000000000000001110000000000001000000000000000000010000000000000000101000110110000100001101010000010000000000000000001000000000010101100000001000000000
000000100000000000000000000000000000000000000100011000100000000101001000000110000000000110000000000000010101111010000011000000011000000000000000000000000000000000010111000000001000100000000000000000000000000000110000010000000001001000000010010000000000001000000000000000000000011110000000101000000000
000001110000000000000000000000000000000001100011001000110000111000110000000000100000110110000000000000010001100000000001000000000000000000000000000000000000000000001000110000001000100000001000000000000000000000011000000000000001100000000001110000000101101000110000000000000000010100000001100011000000
000011000000000000000000000000000000000000000001110000000001001011110000001000000001000000000000100000000011000100000110000000000000000000000000000000000000000000000110110000001000000000011100000000000000000010010000000000000000000000000000000000001001100000011000000000000001100000000000000011000000
000101110100011110000000000000000001111011101100110000000001000000010000000101000000110000000011001100000101100010000000000000000000000000000010100000000000000000000010110000000001000000100110000000000000000010010000000000000000001100000000000000010001100000000000000000100000000000000000010111000000
000110011100100000000000000000000011111111011100000001000000000100011000000000000000100000000000111110010010000100000000000000000000000000001100000000000000000000000101000000010010000000110100000000000000000100010000000000000000001100001100000000010111110000000000000000010000000000000000011101000000
000010000001000110000000000000000100000010000000000000100000000011010000000000000000101001100000000011100011111000000000000000000000110000010001010000000000000110000100010000000000000000000110000000000000000010010000000000000000001010110010000000011001110110000000000011011000000000111100011000110000
000000000000111000000000000000010001001110000000000001000000000000000000000000000010001001100000000000000001100000000000000000000000110001101111101000000000000010011000011000001111110000001001000000000000000001100000000000000000001110100000000000000100100110000000000100111000000000110110000001110100
000000000000000000000000000000011011001110000001111101000000000000001110000000000100000000000000000000000000000000000010000000000000000010001000101000000000010010010000001000010111110000001001000000000000001000000000000000000001100000110001100001000001000000000000001110000000000001010000000000100000
000000000000000000000001100000100010000000000110011110000000000000010001000000000010100000000000000000000100000000000101000000000000000001100000101000000000000010110010010011111010001000001001000000000000110100000000000000000001101100001000001110100000000000000000000100000000100010011000000000001010
000000000000000000000010100001000000000110000110110010000000011000100001000000000001000000000000001000001010000000001101100000001100100000100000001000000000001100000000010001010001101000001110000000010000000000000000001000000000000000000010000000100000000000000000000011000001100011100000000000011100
000000000000110000000000100000000000001101000110010000000000010100010010000000000000000001110001011000000110000000011001100000011001010000000000000000000000000000000011000110000001010000000000010100011001000001000000001000000000001000000010000011000000000000000000000000100011100001000000000000010000
000000000000110000000000000000000010000000100001110000000000001100001000000000000000000010001111000000000000000000111101000000001010001000000000000000000000000000000000110000000010000000000000011000010011111000100000001000000000001000000010001110000000000011000000000000111000000000000000000000110100
000000000000000000000000000000011111000100100000010000000000001100000000000000000000000010000011100000000000000001000110000000000110000000000000000000000000000000000000000000000000000000000000101000001110110111000000000000000000000000000010000000000000000011000000000000001101100000000000000001100100
000000000000000000000000000000001000100010100000000000000000000000000000000000000000000001100100100000000000000001011100000000000110100000000000000001100000000000000000000000110000000110001010010000001010000000000000000000000000000010101000000010000000000001000001110000100100100000000000000010100000
000000010000000000000000000100000011100000000000000000000100000000000000000000000000000000011000000110000000000000110000000000000000010000000000000001100000000000000000000000110000000110001011000000000001010000000000000000000000000011001110000110100000000001110001010000110000000000000000000000000000
011000011100000000000000010100000000000000000000000010000100000000000000000000000000000000000000000110000000000000000000000000000000100000000000000000000000000100000000000011100000000000001001100000000011100000000000000000000000000010001110000010010000000000000001110000100101100000000000000100000111
011000010110000111000010100100000000000000000000000011000100000000000000000000000001100000000000000000000000000000001000000000000000000001000000000000000000001010000000000100010000000000001111000000001000100000000000000000000000000000000000000001110000000001010000000001011101100000000000000011100001
000000000110011111100010000000000000000000000000000010000000000000000000000001000010010000000000000000000110001110001100000101000000000001100000000000000000011000000000000011110000000000010100001000001000000000000000000000000000000000000000000000110000000000100000000101001110000000000000000000000111
000000000100110000011000000000000000000000000000000001101100000000000000000001000010100000000010000000001111011110100110000100100000000000011000000000000000011000000001000001000100000000011101110000000000000000000000000000000000000000000000000000000000000000000000000000000000000000000000000000000000
000000001110010001110000000001110000000000000000000001100000110100000000000000000001000000000010000000011101000010001011100001001000000100111000000000000000011100000010100000000000000011011101001000000000000000000000000000000000011000000000000000000000000011000000000000000000000000000000000000000000
000000001110111001110000000001010000000000000011100000011000010000000000001000000000000000000010000000110001111000000001100001101100001001000000000000000000001010000100000000000000000011101000001100000000000000000000000000000000011000000000000000000000000011000000000000000000000000000000000000000000
000000000000000101000000000001100000000000000000000000001110010000000000001000000000000000000000000000010000000000000000000000100100000101000000000110000000000110001100100000001000000001011100101000000000000000000000000000000000000000000000000000000000000011000001011100000000000000000000111000000000
000000000000000000000000000000000000000000000000000000000010100000000000000000000000000000000000000000001110000000000000000000011100000100000000001011000000000000011011000110110110000000110000111000000000000000000000000001110000000000000000010000000000000011000001000000010000111110110000000010000000
000000000000000000000000000000000001100000000000000110001001100000000000000000000000000000000000001110111100000000000000000000000000000010000000000000100000000000011111001110010110000001100110000000000000000000000000000001110000000000000000010000000000000011000001000001110111000010110000000001100000
000000000000000000110000000000000001100000000000000110001101110000100000000000000000000000000000001111011000000000000000000000000000000010000000010000100000000000000101100001110100000000110110000000000000001110000000000010000000010000000001000000000000000101000000000001010100000001000000000000110000
000000011000001111110000000000000000000000000000000110011001110001110000000000000000000000000011001010010000000000000000000000000000000000000000000010110000000000000011111000100100000000000000000000000000010000011100000100010000110000000000011000000000000010000000000010010000000000000110000000000000
000000000001000111001000000000000000000000000000000000000000000001100100000000000000000000000001100000100000000000000000000000000001110000000000010000110000000000000100101100111000000000000000011000000000010001010000000100010000000000000000011000000000000100000000000001110000000000000010000000100000
110000100000000100110000000000000000000000000000000000000000000000001100000000011000000000000000001100000000000000000000000000100000000000000000001001100110000000000011000000111000000000000001011000000000000000010000001000100000000000000000000000000000001110100000000000000000000011000000000011100000
110000100000000100000000000000000000000000000000000000000011101110000100000000110100000000000001111000000000000000000000000001011000000000000000000011010110000000001101000000000000000000000001100000001000001000100000000011000000000000000000000000000000000001110000110010000011100101100000110000000000
000000010000000100000000000000000000000000000000110000000110000001000011000110000100000000000010000000000000000000000010000001011000000000000011001001010000011100001000000000000000000000000000000000011100000110000001000001000000010011100000000000000000000000010001000110110100011010111000110000000000
000000001111111000000000000000000000000000001100100100001110000011010011000000011000000000000011000000000000000000000001100001000000000000000011001010110110011100000000000000000000000000000000000000111110000000000001000100000000001000000000000000000000000000000010110101111101011000010101000000000000
000000000000111000000000000000000000000000000000100110111010000010011011000010000000000000000001000000000000000000000010100001100000000000000000000100010100010000000000000000000001100011000000000001100011000000000010000010000000000001010000000000000000011011000110011000111111111100011001110001110000
000000000000000101010000000000000110000000000000010011000011101100001100011000100000000000000000000000000000000000000001000000100000000000000000000000001000000000000000100000000001010000000000000011100011100000001000010001000000000001010000000000000000000100000011000000000000001010010000110001001000
000000000000000101100100000000001010000000000000000100100010000010000000000000000000000000000000000000001100000000000000000000000000000000000000000000000000000011000100100000000001001000000000000001100011000011001000001010000000000000001000001100000000000000111110000000000000000001011011011110000100
000000000000000001100100000000000100000000000000001100010010100000000000000000000000000001000000000000001100111110000000000101000000000000000000000000000011101100100110010000000000001000000000000000111110001100000000000000000000000000110000001010000000000000100110000000000000011000001001000100000100
000000000000010000101000000000100100000000000110111010100010000000000000000000000000000001000000000000000001111100010000001001000000000000000000000000000010010100010110110000000000000000100000000000011100010011000000000000000000000000000000000000000000000001101100000000000000000000100110000000001100
000000000000101000000000000001000100000000000100010001000000101000000000001100000000110010100000000000000001100010110000000101000000000000000000000000000000001011111010110000000000000000001100000000001000100000110000011100000000001110000000000000000000000010101000000000000000000000000000000000101000
000000000000000000000000000001000100000000000111100000000000111000000000010000011000000001000000000000010001110000100000000000001110000000000000000000000001110010010110110000000000001011010010000000000000010001010000011010000000001001000000010100000000000100000000000000000000000010100000000000100000
000000000000110010000000000001000100000000000001000000000000000000000000001000011100000001000000000000101000010000000000000000001100000000001101000000000000000011100001110000000001001000010010001000000000000000001000011000100000011011000000010011000000000101100000000000000001000000000000000000110100
000000000000001001000000000000100100000011000001000000000000000000000000000110000000000000000000000000101000110000000000000000000000000011101000000000000000000100001111011000000000000001111100011100000000000011110111101000010000011110000000001000000000000010000000000000000001011000000000000000100110
000000000000000010000000000000001000000011100001100000000000000000000000000001000000100000000000000000101011100000011100000000010110000011100000001000000000000010100110000000001000000001100000111100000000000001011011000100010000011100000000000111000000000000000000000000000001001000000000000011001100
000000000000000100000000000000000000000000000001010000000000000000000000000010000001000100000000000000011111001000011100011000011100000000001100001000000000000001000001000000000000000100000011000000000000000000000010000001100000010010000000001001100000000000000000000000000000111000000000011001100000
000000000000000000000000000000000000000001100000010000101000000000000000000110100000000100001010000000011111000001100000010100000000000000000000000000000000000000000000001000000101110110000100000010000101000000000000000000000000010010000000001100000000000000000000000000000000000000000000000000100000
000000000000000000000000000000000000000001010000100000101000000000001110001010000010000010010010000000011000000000011100000000000000000000000011000000000000000000000000100000000000000000001001000100010000000000000000000000000000011011000000000010100000000000000000000000000000000000000001001000000000
000000000000000000000000000000000000000001010000000111011000000010101110011010100010011100001001000000001100000000011010001100000000000000000010100000000000000000000001100000000000000000011011000000000000010000000000000000000000011011000000000000000000000000000000000011000000000000000000010000000000
000000000000000000000000000000000000000011110000000001001110010001000000001010110000001110000000000000010010100000000000000000000000000000000010000000000000000000000000010000010101000000000010000011100000000000000000001000000000101110100000000000000000000000000000000000000000000000001101100000000000
000000000000000000000000000000000000000010100000000000110000110000000000000100000000001110000000000000001000100000000000000000000000000000000000000000000000000000000000101000110110000000010000000000001111100000000000011100000001010001000000000000000000000000000000001000100000000000001000000000000000
000001100000000000000000000000100000000011100001000000110000110000000010000000000000000000000000000100000111100001110000100000000000000000011000000001100000000000000000101000010000000000000100000011010001000000000000110110000000000000000000000000000000000000000000000000110110000000000001000010000000
000010010001010000000000000010001000010000100000000100000011000000000101000000000000000001100000110000000000000000000100000000000000000000011100000000010000000000000001000000000000000000000001000100011100000000001100011100000001100000000110000000000000000000000000000001000001000000000001000110000000
000001110000011000110000000000000100001100000000011000000000000000001001000111000000000000000001001001000000000000000101100000000000000001000000001100010110000000000000001000000000000011101010000100001100000000010010001000000000000000001000000000000000000000000000000000100010000000010000001001000000
000000101000010100010000000010000011000000100000001010000000000000000111100000000000000000000001100100000000000000001100000000000000000001001010001000001110000000000010010000000000000000100000000100100000000000001010000000000000000000010010000110000000000000000000000000011100000000010010000110000000
000000011000010100000000000000001100010100000000010110000000000000000001101110010000000000000000011000000000000000000010000000000000000000000010010100010000000000000000000000000100000010100011101010000000000011001110000000000000000000001001000011000000000000000000000000000000000000001100000001000000
000100001000101100010001000000000010110000000000110100000000000000000000101110011110000000000000110000000000000000001110000000000000000000000110001101000000000000000011100000001010000000000000000000000000000011000000110000000000000000000111000001000000000000000000000000000000000000000000000001100000
001000100011000011100001110011000000001010000000000010000000000000000000010000000110110100000000000000100000000000001100000000000000000000100010001000000000000000000000000000000000000000000000000000000000000011000000110000011100000000000001000111000011100000000000000000000000000000000000000011110110
000111110010000000011000000111000000010110000000110110000000000000000000000010000000010010000000100001100000000000000101000000000000001000011100000000000000000000000000000000001110000000000000000000000000000000000000000000100011000000000000000110000000011000000000000000000000000000000000000011000101
000011111110000001001001001111000000100000000000001000000000000000000000000000000110000000000001000110000000000000000100100000000000011110000000000000000000000000000000000000000101000000000000000000000011000000000000000000111111000000000000000000000100011000000111000000100000000000000000000101010011
000000000100000011011000111110000000000011100000000000000001000000000000000000111110001000000000100100000000000000000011000000000001110111000000000000000000000000000000000000000000000001101000000000000100111100000000000000110001100000000000100000000100010000001000100001000000000000000000000100000101
000000000000000010011000000010000010000011110000000110000011100000000000000000011000001100000000000000000000000000010101000000000010110010100000001000000000000000000000000000000000000010011000000000000011000011000000000000000000000000000001110000000010101000001001100000000100000000000000011000011110
000000000000000001001101100000000100000000001000000110000101100000000000000000000000000000000001011000000000000100000111000000000110000111000000101000000000000000000000000000000000000010000000000000000011000010110000000000000000000000000011001000000011001100100011100001000100000101000000100101011100
000000000000000001000000000000110100011100110000000000000100000000000000000000000000000000000001100000000000001000010000100000000110000000000011000000000000000011100000000000000000000000001000110000000010000000000000000000110000000000000001001100000001100000101110000000011000001001000000100110000000
000000000000000111001000100000000010000011100001000000000010000000000000000000000000000000000100100000000000001100000110100000001110000110000011000000000000000011100000011100000000000010011000110000000010001001001000001100000000000000000000111000000000100000111010000000000010100100100000010100000100
000000000000000010101011000000000000000110000010110000000000001100000000000000000000001000000011000000000000000000000000000000000000000000000011001100000000000100010000000000000000000000000100000000000001000001001000000010000000000000000000010000000000010000000000000000000010100011000000000000000100
000000000000000001110000000000000000100100001111011000000000011000000100000000000000010100000011000000000000000000000000000000000111000000000000000000000000001011100000000000000001000001101100000000000010111000001100000000000000000000000000000000000000000000000000110000000110000000000110000000001010
000010000000000000100000011000011100100000011101110000000110000000001010000000000000001100000000110000000000000000000010000000000011000010000000000100000000001010000000000000000001100000101100000000110000000000000000001101000000000000000000000000000011000000000000111000000110110000001110111000000000
000111000000000000000000011000000101000000010000110000001001000000010010000000000000000000000000011000000000000000001100000000000000000010000000000110000000011100000000000000000000100000010000000000111000000000000000000011000000000000001010000000000110110000000000001011100111101000000010011000000000
001101100000000000000000000000000100101000000000000000000101000000001100000000000000000000000000100000000011000000000000000000000000000000001110000110000000011100000000011000000000001000000000000000001000000000000000000000000000000000000100000100000110000000000010001000100100001101110100000000000000
000111000000000000001101000000000001010000000000001000000010000000000000000000000000000000000000100000000011000000010100000000000000000000011010000000000000000110000000011000000000111000000000000000000000000110000000000000000001000000000000001010000000000000000111000111000011110110000100000000000000
000010000000000000000001000000000000000000000000010100000000000000000000000000000000000000000000000000000000000000001000001100000000000000100000000000000000000110000000000000000100000000000000000000000000000101000010100000000010100000000000010000000000101001000001100011100011100000011000000000000000
000000000000000100000101000000000000000000000001000100000000000000000000000000000000000000100000110111100000000000000000010011010000000000010100000000000000000000000111000000000100000000000000000001000000000011111000000000000010100000000000010011100000010100000000100001000000001001110000000000001000
000000000000001010000100000000000110000000000000011000000000000001100000011000000000000000100001000100100000000000001110000010111000000000100100000000000000000000000010000000000000000000000000001011100000000001100000100000000001000000000000011110100000001000000000000100000000010000000000011000001100
000000000000000011001100000000001101101100001101000000000000011100000000011000000000000000000001000101100000000000000010111010110100000000101000000000000000000000000010000000000000000000000000110000100000011000100001000000000000000000000001000111000000000010011010001000000000001010000000011000000010
000000000000011100000110001000000101000100110100000000000001000000100000011000000000000000000001001000000000000011010000000010001110011001001000000000000000000000000001110001000011000000000000010101100000101100001000000011000000000000000001000001000010000011110000010000110000000100000000000000010100
000000001101000000000001111100000000000000001000000000000001000011000000000000000000000000000000011100000000000101111100000000000000011001001000000000000000000000000000110000000010000000000000001101000000000110000001100010100000000000000000000011000001100000000010000001010000000000011000000000000100
000000010000001101110000000000001100000010000000000000010011001010000000000000000000000000000000001001000000001101100000001000110000000001000100000000000000000000000000111101000000000000000000000011000000000000000000010001100000000000000000001110000000101110000010000001000000000000011000011110000000
000000100000001101111000001100000000000010000000000000100001000010000000110000000000000000000000001001000000000000000000001101110000000000100100000000000000000000000000000000000000000000000000000000000000001010001000010000000000000000000000000000000000001110000000000111110000000000100000100111000000
000000011010110001101101111100000001000010000000110000110000000010000100010000011000000000001100001000100000000001000000010000000000000000011000000000000000000000000000110001010000000001000000000000000000011111100000100000000000000000000000000000000000000000001000010010110000000000111001111000100000
000011010011000000001111000000000000011000000000110000011000000010000000010000011000000000001100000110110000000011100000001000100000000000000000000000000000000000000000110011101111000011100000000000000011100100111100000000000000011000000000000000000000000000000000100010000000000000010001000001100001
000001010100000000000010000000000000000000000000000000001110100110001000001110111000000000000000000011100001000000000000001000100000000000000000000000000001100000000000100011000000100110010000000000000000000110110000000001100000011000100000000010000000000111000110101100000000000000011010000011010000
011001000000000000000000100110000000000000000000000000000010100000000000111110100000000000100000000000000010000000000000001101000000000000000000010101000001110000000000000100000011000001111000000000000011100000000000000010100000001000010011100101110000000100000001100000000000000000001011000011100001
011100000100000000000000100010000100000001000000000000000010000000000011110000010000000001010000000000000010100100000000001001100000000000000000000000101111110000000000000000011011000000111000000000000010010000000000000100010000000011111000001000101000000110101000000000000000000000000100100011000101
100101000100000000110000010010011010000001000000000000000100000000000000000101100000000001010000000000100011100111100000010110000000000000000000000000000001111000000000000000000100000000011100000000000000100000001100000100001100000011110110011100001100000001101100000000000000000000000011100000001110
011010001000000001100000001100011011000001000000000000011010001000000000001111000000000000100000011000110000000000010000111100000000000000000000000011100001100000000000000000000000000000001100000111000000100000010010000010001100000000000010010011100010000001000010000000000000000000000001100000100000
011011010000001101110110000000100001111100000000001100100011000000000000111110000000000000000000011000011000000100000110000001100000000000000000000100011010000000000000000000000000000000011100000100100000000000010100000000000010011000000001100000001010000000100000000000000000000011100000000000110000
001000000001010000100111000000101101000100000000000100001000000000000001101000000000000000000000000000000000000110000111101101101010100000000000001101001100000000000000000010000000001100000000010000000000000100010100000000001100011100000000000000001110000000100011000000000000000100000000100010100000
000111010001000000100100000000001000001100000000000110101010100000110001000110000000000000000000000000000000000001010001001110001101001000000000001101010110000000000000000001000000001100110000011100010000000100010000000000000000101110000000000000000000000000000100000000000000100100000001110000000000
000000100000100000001100000000000011110000000000000000000000011011001000100000111000000000000000000000000001000001100111000000000010000000000000000101100100000000000010000000100000000000000000100000100000000000101000000000000000000110000000000000000000000000000000100000000000110100000000001100100000
000000011001001001011000000000000000100000000000000000000100010100110000011111100000000000000000000000110010100000010010000000100000100101100000000011000000000000000110000100010000000000000000111111000000000101100000000011100000000010000000000000000000000000001001000000000000000011000001101011000000
000000011011001111011000000000000000000000000010000000000011110001011000000111111100000000000000000000110001100100000010000000100000111110010000000000001000000000000010001010100000000011000000111100000000000101000000000001000000000000001100000000000000000000100000000000000000000000000000101000000000
000000000101011110000000000001100000000000001101000001110000000000001010000000001000000000000000000000000000000101111000100000100000100100010000000000000000100000000001001000000000000001011100000000000000000001101000000000111111000010011100000000000000000001000110000000000000000000000000001000000000
000011000001000110001011000001100000000000001001000000000000001100000001000000000000000000000000000000000000000100010000010000000000110011000000000000001100110000000000110000000000000001011100001100000000000001001000000000101011110111000000000000000000000000111110000000000000000000010000011010011000
011011000010010010100001000000000000000000011010000000000000000100010000000000000000000000000000000000000000000010000100010000000000000000000000000000000111000000000000000000000000000010000000010000011100000010000000000000101100010000001000000000000000000000001000000000000000000010110000001100010000
011001000001000000100001000000000000000000000100000000011010011000000010000000100000000000000100100000000000000000000010001000000000000000000000000000000110000000000000000000000000000100100000100001001100000001100000000000010000010000100100000000100000000000000000000000000000000110110000101100100000
101100000000100000011100000000000000000000000000000000011010010011000100000000010000000000000000011000011100000000000010010000000000000000000000000000001110000000000000001100000000000100000000110110011100000000100000000000000000000110101000000000110001111000000000000000000000001111010000110000000000
101011100000000000000000000000000000000110000000000000000001010001010000000100010000000000001000001100000000000000000001110000000000000000000000000000000110000000000000010110000000101100100000000000010000110000000000000000000000011010010000000000011110011000000000000000000000011000000000000000000000
101101001000000000001000001110100000001110000000000000000000000000000000000011100000001000000000111010010010000000000000000000000000000000000000000011010110000001000000010110001101011110000000100000100001000001100000000000000000011100000000000000000000001000000000000000000000001100000000000000000000
101111111111110100010100000010000000001010100000000000000011000000011000000000000000011001010111000000010110000000000000000000000000000000000000000100011000000011100001110110011100010010100000100000000000000011100000000000000000001100000000000000010001000000000000000000000000000000000000000000000000
010011011000000000001000010110100000000000101000000000000110110000000001000000000000011001011000000000000110000000000000000000000000000000000000001000011000000110110011111100110110100010000000100000000000001011100000000000000000000000000000000000000001010000000000000100000100000000000000000000000000
010111001100001000000010000001100000000000100000000000001100000000000011000000000000011000001000000000110000000000000000000000000000000100000000001000110000000011101100110010110000011100010000000000000001100000000011000000000000000000011000000010001000001000000000001010000100000000000000110000000000
000110100001000000000010110001100001100010100100000000000100000000011000000000000000010001100110001000110110000000000000000000000000001010000000000110101000110001000100100010110000001000100000000000001110000000000100100000000000001000100110000100001000001001100010100001000010000000000001010000000000
001001100011100000100000001000000110000100100000000000000100001000011010000000000100010001011110001100111111000000000000000000011000000110000000000110100110011000000011000000100000001000000000000000000000000000000000000000000111001000001110000110000011010001100011110110000010000000000001010000000000
000111100000000001000011110000000110001100110000000000000010011000010001000000000100010000000010000000110111000000000000000000010100000000000110000000110101010000001110000011100000000001000000000000100001000000000011000000000100100000001110000011100000100000000000010000000110000000000011011000000000
000010001000001000000111100000000000000000110110000000000001100000010101000000000000000000111010100001000000000000000001000000000100000000001110000000100000100000010100001100010001100011000000000000100001010001111000000000000011110000000110000001000000000000000000000000010000000001111011001100000000
000000001000001000110110000000000000000011111000010000000000000000110100000100000000000000110100010011000000000000000100100000011000000000001001000000010000000000110110000000001100110000000000011100100001110000000100000000000000110000100110000000000000000000000000000000000010000010011101101100000000
000000001000001000001110000000000000001100110000111000000000000000011011111010000000010000000010010001010000000000001000011000110000000000000000100000100100000000100100000000001100001101110001100010000001100000000000111000000100001111000000000000000000000000000100000000011011000001100111000100000000
000000000000000000000110000000000000010101100001110100000001110000000000011010011000010000000000010001011000001111001101010001110010000000001000000000001000000000011000001100000001110111100001001011001111010110100001000100000100001100000000000000000000000000001111000000010000010111000000000011000000
000000000011100000000000000000000000010001000011000010110001110000000000000100000000110000000001100001001100001111000010010100100011000000000100010000000000000000000000000000000110110111100011000001011000011000100000100010001010000000000000000000000000010101110000100000001000011100000000000110000000
000000000000000000000000011000000000000010001001000000111000001000000000000000000000000000000001000001000000000000000000111000001000100000000001111100000000000000000000000001010000000000010001011111001000000111100000110110000100000000000000000000000000010111111100010000000000001111100000000000000000
000000000000000000000000100100111001001011000001000000000001010000000000000000000000000000000000000000100010000111000001110000001110110011001011000100000000000000000000000000001100000000000000111000001000000100001001000000000100000000000000000000000000001110100110010000100000100001100000000000000000
000000000000000000000000010011101100000010000110000001110010000000000000110000000000001000000000000000001100000000000000110001111111000011101010101100000000000000000000011000000111100000000000000011110001111111111110100000000000000000000000000000000100000000000000000000011011000100000000000000000000
000000000100000000000000011100110000001100100000000011000110110000000000110000000000010100000001000010111000000000000000110010001000000010101101011000000000000110000000011000000111111000000000000001000010011101000000010000000000000000000000000111101000000000100000000000000000000000000000000000000000
000000000100000000000000000000011000000111100000000011000111010000001101110000000000010100000010100100010000000000000010010100001000000001000010010010000010001001000000000010000000111100000000001011000000011010000000110000000000000000000001011100000000000000011000010000000000000011000000000000000000
000000000011000001101000000000001000110011011000001000000010000000011101100000000000001000000010100010100000000000000001100100001000000000010001111010101110000110000000001000000000000000000000000010000000000001000111000000000010100011100110100000000000000000000000111000000000000111000000000000000000
000000000111000011111101000000000011000000000100001101000001000100110101000000000000000000000001000000000000000000000000000100001000000000100000111000110001000000000000001001000000000000011111110000000000000000000111000000000100110011100000101100000000000000000001111100000000000011000000000111000000
000000000001000100000000000100000000000001000010001101000000100110000101000000000000000000000000000000000000000000000000000010010000000011011000001101000001000000000000000110000000000000011110100000001110111100000000001100000110011000011000011000001000110000000010000010000000000011000000000000000000
000001000011000000000000000010000000000001000000111111000000110000000010001000000000000000000000000000000000000000000000000000000000000011011000000000000000000000000000000000000000111000000011011100001100000010000000111110001110010010000100000000110111101000000110010011000000011011000000000101000000
000011110011111000000000000011000001100010000000001000000000100100000110001000000000000000000000000111000000000000000000000000000000000000000000000000000000000000000000000000000000100100011110000000000011100000000000111010000000010001000011100001011100001000001110101011100000010010000000001001000000
000110010000101000000100000111000010100110100000010000000000111000010000001100000000001000000000000000000000000000000000000111000000000110110000000011000000000000000000000000000000000010010100000000000010000000000001000111110011010001100010100110110000110000000110010011100000011000000000001011000000
001100111000010110001000110000000000000000000000010000000000011000011000011100000000011100000000000000000000000000000000001000000000000110110000000011000000000100000000000000000000010010000000000000100000011001000110000101110000010000101000100110100111000000000010000010110000000000000000010001010000
011100001000110110100100000000000111001000111110000000000111000000001100001100000000010110000000000000000000000000000000011001000000000001000000000010000000001001000000000000000000001010001000000000010000101001000110011101110000000001111111001000110000000000000001111100110000000000001100001010101000
011000111000010010111000001000000010010010111000000000011001000000001110100000000000000011000000000011000000000000110000010110000000000000000000000000000000000001000000000000000000000000001110001000010101000110000110111100000000000110000010011010000000000000000000111000010101000000010010000110000000
011001010000000000101100101000000000010000000011010000011011000000000001000000000000000011100000000000000000000000110001111000000000000000000000000000000000000001000000000000000000000000001100010000010100000000000001101110000000000010000000011010110000000000000001110000011001000000010010000000000100
010101000000000001000101010000000000000110101011010000000011000000000000000000000000000111000000000100010000000001000000111110000000000000000000000110000000000000001100000000000000000100000000100000111000000000000000000110000000110100000000100100010000000010000011000000000000000000001100000000110100
001101100000000010000000101000000000100000000000110000011011000000000000000100000000000100000000010100010000000000110010110000000000000000000000000110000000000000000100000000000000001010000001010000100100000000000000000000000000010100000000000110100000001100000100100000010000000000000000000000010100
001100010000000000000101000000000000110000110000010001000010000000000000000100000000000000000000100000100000000000110010100000000000000000000001000000000000000000100010000001100000010001000011111100011010000001110000000000000000001000000000001000111000000001100011000000010100000000000000000000000000
000000111000000000000110000000000000001101000000010110000010000000000000010000000000000000000000011111000000000000000010000000000000000000000010100000111000001000100000000010010000001010000000000010011011000110111000000000000000000000011000000100011000000011100000000000100100000000000000000000000000
000000100100000000100000000000000000000000000000111010000100000000000000010000000000000000000000011011000000000000000000000000000000000000000001000001000100010000001011000001100000000001000001010010001010000111000100000000000000000000100110000000010000000011101000000000011000000000000000000000000000
011000010110000000100010000000000111000000000011100001000000000000000000000000000000000000000000000001000000000000000000000000000000000011000000000000000010010111110000000000000000000010100110001010000100000000000110000000000000000001110110000100100000100011101000000100000011000000000000000000000000
010000000100000001000010000000000101000000000000000000000000000000000000000000000000000000000000001001000000000000000000000000000000000011000000000010000001001000000000000000000000000100100010000000000000000000000000000000000000000001100100000100000001010000000010000001000011000000010110000011100000
010111000000000001000010000000000101100000000111000000000000000000000000000000000000000100010001000101000000000000000000000000000000000100000000000000000000000111000000000000000000000010010000000000000000000000000000000000000000000000100100000101100000100000000001100001000000000000010100000000000000
000001100000000001000100000000000000111100000000000001000010000110000000000000000000011011100001101110000000000000000000000000000000000011000000000011100000000111000000000000000010000001001011000000000000000000000000010000000000000000011000000101000000000000011100110001000000000000001110100000000000
001000100000000000101000000000000010100000000110000011000001001010000000000000000000001010000000110110000000000000000000100000000000000010000000011110100111000000000000011000000011000000000111000001100000000001011000101000000000000000000000000010000000001100001101110110000000000000000111010000000000
001111000000000000000000000000000111011000000011001000001011001110000000000000000000000000000111100100001100000000000000110000000000000001110000001011001110000000000000011100000100000000000010000011000000000001010001000100000000000000000000000000000000001100000001000010000000000000000001100000000000
000010000110000000000100000000111100000000000110100010010110010010000000000000000000000010001111100101010010000000000001001000000000000001000000100101010000000000000000001001000000000000010010000010000000000001110001000100000000000000000000000000000000000000001100000000000000000000000001000000000000
000000001111000000001000000000110000000000000011110000011000110110000000000000000000000010110000111011010001000000000000110000000000000000000000010000111001100000000000011100100000000000011100000101000000000000000010000100000000000000000000000000000000000000000010001100011100000000000000000000000000
000000011001100000001100000100000000000000000010000011110000010100000000000000000000000000010000000010001010000000000001000000000000000000000000010100001101100000000000101001100000000000000000001001010000000000000011001000000000000000000000001100000000000000000001000000111100000000000000000000000000
000000000000100000011001101110000000000000000001100010100000001000010000000110000000000100011100000000000100000001000111000000000000000000000000000000010001000000000000101110000011000000000000000100010000000000000010000000000000000000000000001100000000001000000000000000010000000000011000000000000110
000000000000110000011101100000000000000000000001100100001000000000110000001001000000000011100100000000000000000001011000000000000011011000000100000000010001100000000000000110000101000000000000000000000000000100000000000000000000000000000000000000000000011000001110000010001000000000100000000000000110
000000000000010000000000000000000000000000000010000000010000000001110000001010000000000000100010000000000000000000111100010000000011000000000010000000010010100000000100000000000010000000000011000000000000000110001100010000000000000000000000000000000000001010000000000111000000000000100000010100000000
000000000011010000100000000000000000000000000111100000000000000011000011000100000000000010101010000000000000000000000000001101000010000100000010000000011100000000000101010010000000000000000011000000000000000000000001100000000000000000000000000000000000000000100000000111000000000000010001000010000000
000000111010001000110000000000000000000000000000100000000000000111000011100000001000000010101010000000000000000000000001000000000010001100000000000000100010000000000000010010000000000000000000000000000000001000010001000000000000000000000000000110000011100000010000000001000000000000000010000010100000
000000100011011001000000000000000000000000100111100000000000000011000000000000110000000001100011000000000001100000000000000001100100001000000000000011001110000001000000111010000000110000000000000000000111100000001010000000000000000000000000000110000011111000100000000001110000000000001001000000000100
001000000011100000011100000000000000011111010010000000000000000001100000000000110100011000000011000000000001100000000100000110000000010000000000000000000110000011110000100110000000110000000000000000000010000000000000000000000000000000000000000000000111100011000010100000001000000000001001000001000001
011000001100000000011100000000000000000100100000000000000000000000101110000000010110001000000000000000000000000000001101001000000010100000000000000000000000000100011000011100000000100000000000000000000000000000001010000000000000000000000000000000001100010100000000010001001000000001111110000000100000
100001111001000000001100000000000000011000000000000000000100001000001110000000000000111000000000000000000000000000011000001000000010000000000000000000000000000011000100001000000000100000100000000000000000000000001000001000000011000000000000000000011100011000000010100000100000000010001000000100010001
010001101001000000001100000001000000101000000000000000001010010100001000000001000001100001010011011011000000000000001101001000000100000000000000001100000000000001111000000000000011000000110000000000000000011100000001001000001001000000000000001110011011100000000001000110000000000011010011000111001011
000000100100000000000000011000000000001000010000000000000000010010001110000010100001000100000000000011000000000000000100110001100000000000000000010100000000000000010000000000000000010001010000000000000000110010000011001000001010000000000000001110011111000000000000000000100000000000000011000010001010
000000110000000000000000000001000010000000001000000000000110001100001110000010100001100001000000011000110110000001000000001100100000000000110000001000000000000000000000000000000011100001100000000010000011101000000001000000011000000000010000000110101000000000001110000100111000000000111000000000000100
000010100000000000000000011100000010100000011100000000000011111000000000000001000001100110011101000001111110000001000000001001000000000000110000000000000000000000000000000000000100001100000000000010000000000000100001100000000000000000101000111000110000000000000001000000001100000000010010000000000000
010001000000000000000000000000000000000000011100000000000001110000000000000000000000000000000011100110000110000001000000000111000000000000000000000000000000001100000000000000000100000010110000000010000000000010111010100000000000000001101001000000000000000000001111000001001000000000000000000000000000
011110000000110110000000000000000000000000011100000000000010001000000000000000000000000000000010010010111010000000000000000000000000000000000000000000000000000000000000000000000010001010000000000000000000000000011011100000000000000000001001001000000000000000000100000001110000000000000100000000000000
001100000000110110000000000000000000000000101100000000000001001000000000000000000000000000000000000011110101000000000000000000000000000000000000000000000000000000000000000000000000000110000000000000000000000001010000100000000000000010010000101000000000000000000000000000000000000000000100100000001000
000000000000000000000000000000000000000000111000000000000001110000000000000001000000000000000100001111110101000000000000000010000000000000111000000000000000000000000000000000000100000010000000000000000000000011101110100000000000000001100000000000000000000011000000000000000000000000000011000000010100
000000000000000000000000000000000000000000010000000111000000100000000000000001100000000000001001100010000000000000000000000100000000000000000000000000000000110000000000000000011010000000000000000000000000000101100001100000000000000000000000000000000000000011000000000000000000000000000011000000101000
000000000000001100000000000000000000000000000000000000000000000000000010000010010000000000000000000000000100000000000000001000011010000000000000000000000000100100000000000000001010000000000000000000000000000011000101100000000000000000000000000000011100000101000000000000000000000000000000000000110000
000000000000001100000000000111000000000000000010000000000000110000000101000000110000000000000000100100000010000000000000001000001010000000000000000000000000100100000000000000000100000000000000000000001100000010010101000000000001000001100000000000011100000101000000000000000000000000100011100000000000
000000000000000000000000001110110000000000001101100000000001101000111000100000000000000000000010000000011110000000000000000000100011000000000000000000000000011100000000000000000000000110000000000000001100000010000010000000000001000010010011000000000000000001000000000000000000000000100000000000000000
000000000000000000000000010000111000000000001101100000000000000000110010101110000000000000111000000000000000000000000000000000000101000000000000000000000000000000000000000000000000000000000000000000000000000001101100000000000000100011010000010000000000010001000000000000000001110010000000000000000000
000000101000000011000000010011100100000000001011000000000000000000000001011000000000000000100010011100100011100000000000000000001110000000000000000111000000100000000000001000000000010001000000000000000000000000000000000000000000000000110000010000010101000000000000000000000001111100000000000000000000
000001001000000100100000001110000110000000000000000000000000000000000000011010000000110000011011010011100111000000000000000000001110000000000000001011001100100000000000001100000000100001000000000000000000001100000000000000000001100000010000001000011101000000000000000000000000100001011000000000000100
000001000110000101000000000000000011000010000000000001100000000000000000000100000000110000100010100000011100011010000000000011000000000001110000111000000000000000001100011101000000010000000000000000000000010010000000000000000001000000011000000000000010001100000000000000000000010001011000000010001110
000000110110000001100000000000000011100100000000000011100000000110000000000000000000000001110100000000001011000110001100000110000000000010110111000011000000000000100000011001110000001000000000000000000000010010000000000000000000001100000000000000000000110000000100000000000000010001100000000101100001
000000001110000000100000000000000100000011000000000101100000010001100000000000000000000010000110000000011001001100010000110010100000000011111111111000100000011010000010010010000000000000000000000000000000001100000000000000000000001100000000000000000000000000001000000000000000000100000000001100000000
111100000000000000111100000000000101000010000100000110000000010000010000000000000000000100101111110001011000011100001010111010010000000001100010001000100000100001000100001100000000000101000000000000000000000000000000000000000000000000000000000000000000000000001110000010000000000101000001100010000100
000010000000010000001100000010000010000000000000000000000000010100000000011000000000000100000010000000110000000110001100111001100000000000000001110110001101100000010000000000000010000011100000000000000000000000000000000000000000000000001000000000000000000000000110000010100000000011000001101100000100
110000001000010000000000000011100000000000100110000000000000000010001000011100000000000100000101100000000000011010001000000000010000000000000001100110111100010000010000000000000100100001100000000000000000000000010000000000000001000000011000000000000000000000000100000010000000000000100010010000011001
001010000000000000000000001000000000000010010000000000000000000000000000110110000000000010000111000000000001101000011000011001010000110000000000000010111100000100010000000001001011110011000000000000000000000000111100000000000110110000100000000000000000000000001000000000000000000001100011000010000111
000000000000000000001100100100100000000111100000000011110000110000000100000000000000000000111100000000000010001000011001101001010001010000000000000110000000000001000000000010000111011000000000000000000000000000100010000000000001000001000000000000000000000000001000000000000000000001000001100001000011
000000010000000000001101111101110000000101000000000110111001110101000000000000000000000000000000000000000010010001001001110001100001001001000000000110000000000000000000000100010100011000000000000000000000000000010010000001110000000001010000000000000000000000000000000000001110111000000000000000000000
000000010000000000001000100100000000000100000000000110000001000111101101000000000000000000000000000000000001100010010011000000000001001001011000000110000000000000000000000011000100000000000000000000000000000000011100000001001000000001110000000000001000000000000000000000000010011111000000011101100000
000000011000000000000000000000011000001010000000000000010100010000110000000000000000000000000000000000000000000011100001100011000000101001001010000000000000000000000000000000110100000011000000000011000000000100000000000001000100000000000000000000011100000000000000000000000000110010000000001110110110
001000111000000000000000000001110000001010000000000000111111111100011000000000000000001000000000000000000000000000000001100110000000000000000000000000000000000000000000000000011000000011000010000011000000001010000000000000100000000000000000000000101100000100000000000000001101100010111100001000010011
010010000000000000000000000110100000010000000000000000000110000000010001011000011000011000000000000000000000000000000000111110000100000000001000000000000000010100000000000000000000000000000010010110110000010001000110000000010100000000000000101001110000000110000000000000000000000001011100000011000010
010100000010000000000000000010000000010010000000000000000000000000000010010011110000100100000000111011000000000000000000000100001011000000011010000000000000010000001000000000000000000000000011001000110000001010001001000000010000000000000000101000000000000010000000000000000011100000000000000011010010
010010000100000000000000000000000000010100000000000000000000000001000000100000110000011000000100100000100000000000000000000000001100101110011011000000000000000001000110000000000000000000000001000111110000000100000101000000000000000000000000001001100000000100000000001000000000000000000000000010000100
001010000110000000000000000000000000001000000000000000000000000001001000100010000000001011011110111011000000000000000000000000000011011001011011000000000000110001101000000000000000000000001000000010000000000000000010000000000000000000000000000001110000001100000000001000000000000000001100000000110000
000100111100000000000000000000111000000001000000000110000000000001101101010000010000000011000110100010000000000000000000001010000001000000001001000000000000000101100000000000000000000000010100000000011100000000000000000000000000000000000010101100000100000000000000000000000111000000001100000000100000
000011110000000000000000000001000000000010100000001000000000000000001000000001110000000010001000000000000000000000000000001100000110011001001000000000000000000000100000000000000000001000010010000000001111000000000000000000000000000000000001110010000100100100000110011000000101000000000000000000000000
000000000000000000000000000001000100000010010000000110000000000000001011000000100000000010000000000000000000000000000000000000000000011000100110000000000000000111100001000001110000100100000011100000001100100000000000000000000001110000000000100001111000100100110010011000000100110000000000000000000000
000000000000000000000000000001000010000000000000100000000000000000001011000000000000000010000000000000000000000000000000000000000001010000001000000000000000010011000000010000001011100000001111110000000100100000000000000000000001010000000000000000000001100100100110001000000000010000000000000100000000
000000000000000000000000000000100010000000000001100000001000000001100000000010000000000000000000000000000000000000000000000000000000100000000000000000000000011100000001010010000000101100010000001000000011000000000000000000000001110000000000000000000000101000000000000000000001110000000000000111001010
000000000000000000000000000000011100000001100010000000100110000000000001000101000000000000000000000000000001100000000000000000000000000000000000000000000000011000000001100011000001010000000111110000000000000000000000000000000000000000000000000000000000010000010100001011100000000000000000000001000110
000000000000000000011000000000000000000010010010010000000011000000010001000010000000000100101000000000000001010000000000111000000000000000000011100000000000010110000000000011000010000000000011000000000000000000000000000000000000000000000100000000000000000000010100001001010000000000001000000001011010
000100000000100000011000000000000000000000010010010000100000100000001001000000000000000001000110000000000000111000000010111000000000000000000001000001000000110010000000000010000000000000001100000000000000011000000000000000000000000000001110000000000000000000001100001011010000000000001100000000111000
010000000001110000000000000000000000000011000001110000011111000000000100000000000000001001000110000000000000000100000010101100000000000000110011100010100000011000000000000001001000000000010000000000000000001000000000000000111000000000001001100000000000010100000000000000100001100000000110000000110000
000000100011011000000000000000000000000000000000000000000000000000101000000000000000001110010111000000000000011100000000011000000000001100001000010101000000000000000000000000100000000000100111000000000000111000000000000000001000000000000011110000000000011000000000000000000001100000001110111000000000
010000010110000000000000000000000000000000000000000000000000001000011000000000000000000011111011000000000001000000000000000000000000101101000100000100000000000000000000000000000000000000000000100000000000100000000000000000000000000000000010100000000000001000000000000000000000000000001100001000000000
001111101100000001100000000000000000000000000000001100000000111000011000001000000000000001101100000000000001111000000000000000000001000000100010001110000000000000000000000000000000000000001010010000000000000000000000000000001100000000000011001000000000000000000011100000000000000010001000010000000000
000001000000000001100000000000000000001100001000001100000110010000010000000000000000000000000000000000000001111100000000000000100001010000001001100110000000000000000000000000000000000000001011100000000000000000000011000000001000000000001111110000000000000000000000000000000000000001000101100000111000
000000000001000000000000000000000000011000001010000000011001001001010000000000001110000000000000000000000000000000000000000001011000100000000110100110000000000000000000000000000000000001100000000000000000010000011011000000000000000000001111000000000000000000000000000000000000001101000000000000000000
000000000011000000000000000000000000000100001000000000111101000000000000000000000010000000000000000000000000000000000000000000100100000000000000100100000000001000000000000000110001010000000010000000000000100000110110000000000000000000001001111000000000000000000000000000000000001011000000000010000010
000000000000000000000000000000000000001010000110110001100001100001110000000000100010000000000000000000000000000000000001100000001000000000000000010000001100001000000000000000110001010000100000000000000000000000001000000000001100000000000011111000000000000001100000000000011000001100000000000010000010
000000000000111111100000111000000000000110000100101011000000000000110000000001000000000000000000100000011001110000000010001000000010110000000000000000001110011100000000000000000001000001101000001000000000000000000000000000000110000000000010000000000000000001011000000000101000000000100000000010000010
011100000000011000100000000000000000001001011001111011100000100001010000100110000000000000000011011000100110001000000000001000000111010000000000000000001101000011000000000000000000100000000010110100000000000000000000000000000011000000000000000000000000000000100000000000010110000001010000000000000000
000000000000011001100010000010000000000101111001101000000000110001110001111110100010000000000011011000011001000100000010000100000100100000010000000000000011100100100000000000000000100001001111000110000000000000000000000000000110100000000000100000000000011010000000000000010000000110010000000000111000
000000000000000110000010000010000000000010000000110011001001011010110010011011101100000000000011001000000000010110000001011000000101000000101100000000000000000001000000000000000010010000000000010000000000000000000000000000010011000000000001010000000001101111011000000000011101100100110000000000000000
000000000011100000000010000010000000000000000001000011101111100100100001110101000000000000011001110000000000000000000110001000000001000001100000000000000000101110000000000000000110110001101011000000000000000000010000000000010110000100011001011000000001101011100000000000011100100010011000000000000000
000000000110100000000000000000000011000001110001100000000110000011000000101101000000000000011000110001000000000110001110000000100011000000100001100000000000101100000000000000000010100000101111100000000000000000001100000100001000011001001100100000000001101000000000000000000000000110111000000000000000
000000011100100000000000111000000110000000010000010110000000000000000000000111000000000000011000000000110000000000010110001000101101000000000000100000100000101100000000000000000001000000000000000000000000000001000000001010000000100001011000000000000000011000000000000000000000001111001000000000101000
000000010100100000000000000000000111011000000000110001100000000000000000000000000000100000001100000000010000000000010110010000010010000000010110010000101000010000000000000000000000000000000111000000000000000001100000001010000000101000011000000000000000000000000000000000000000000001110000000000100100
000000010000100000000000000110100011011000000001000000011000000000000000000000000000011000000010000001010000011000001100000000000011100000001000010000011000011000000000000000000000000000000010000000000000000000000000000100000000010001100010000000000000000000000000000000000000100000000000000001000100
000110001010111000000000000111111111100000000010010100011000000000110000000000000000110000101001111001100000100100000110000001000000000000000000101000000000110100001100000000000010000000000000000000000000110000000000000000000000000000000110000000000000000000000000000000000000100000000001000000101000
000100100000110000000000001000111110100100000011100000000000000001001000000000000000000000100001000000000001000100000011100001000000000000100000110000000001010100010010000000000011100000000000000000000000000010001010000111000000000000000100000000000000000000000000000000000001000000000011100000111000
000011000000000000000101010010000100000000000000001010000000000000110000000000000000000000001000000000000001111000000010100100111100000000000001010000000000101000001100000000010001100000000111000011100000110110000000111000000000000000000000000000000000000000000000000000000000000000000010000000000000
000001000010000000000000010000011001110000000000001010000000001000000000000000000000000000100011010000000001000000001100000110010000000000000001100000000000100000000000000000011000000000001011011110010000001100101000110110100000000000000001010000000000000000000000000000000000110000110000001100000000
000000011110000000001000111001010100110000000000001100000000001100000000000000000000000000110111111000000000000000010000010000001100000000000010000000000101100000000000000000000100000100001010100000000011001001111110000010100000000000000010101000000000000000000000000000000000101101010000010000000000
000000000000000000000100001000100001000110000000000000010010000010000000000000000000000000001011010100000000000000000000000100000000000000000001000100001111000000000000000000000010001100001100100100000000010001001000000111010000000000000000001010000000000000000000000000000000100010011000000000110000
000000000000000000000010010000001110001001000001100000001100110001000000000000000000000000000001101110000000101000011010110000000000000000000001000000011010000000000000000000000101110000000011001100000010000001000100001110011000000000000000101011000000000000000000000000000000001011000000000011010000
000000000000000000001110010000001100000110000001100000000000000000000000000000000000000000000011100110000000011000000000100000000000000000000000000100000000000000000000000000000010010000000110001100000001000010001000011001000000000000000000100100000000000000000000000000000000000001001100001100000000
000000110000000000111100000000000000000100000001100110000001000000110000000000000000000000000100100100000000001010010010010000000000000000000000110000000000000000000000000000000001010110000011001000000000000011100000010100000000000000000001110100000000000000000000000000000000000001101001001001100000
000010100000001011000010110000110000000000000000001001000011000010001000000000000000000000000010001000000000000011011011010000000000000000000000000000000000000000000000000000000000000000000000000000000000000001000000000110000010000000000000000000000110000000000000000000000000000010101001001111000000
000111100000000000111100000000110000000000000000001101000001101011101000000000000000000000000011011000000000000001000010010000000000000000000000000000000000000000000000000011000110000001000000100000000000000000010100000000000111000000100000000011000110000000000000000000000000000010100111000000000000
001001100000000111011000000000010000000000000000000110000111001111010000000000000000000000000000000000000000000100000100111000000000000000000000000000011100110000000010100000001000110001000000100010001010000000010010001110001101000001100000000100000000000000000000000000000000000000010000000000000000
000101101011001110000000000000110100000000000000000010001010001010000000000000000000000000000000100000000001100010110100000001111110000001100000000001100001001000000000011110001101010000000000100000000010000011111010111100011000000011000000000000000000000000000000000000000000000011011000000000011100
000010001110001110000010000000010001000000000000001010000011001000000000000000000000000000000000011000000001100000000000000011110000000010010000000001101100110000100000011001011000000110001010010000000000000011000110001000110011000000101010000000000000000000000000000000000000000011011000000000010100
000000000110000000000010000000000000000000000000010001000111100000000000000010000000000000000010001000000000000000001100000000000001000011100000000000000000011110100001000000000000000000001001010000000010000010000010000000011111000000001010000000000000000000000000000000001100000000110000000000000100
000000000000000000000010000011110000000000000000010001000100010010000000000011000000000000000101000000000000000000000000000010000110000001100000000000100000001100000000110000000000000000000011010001111000000000000001110000001000100000001000000000000000000000010000000000000101100000000000000000111000
000000000000000000000000000100000100000000000000001011101100000100000000001011000000000000000101001100000000000000000110000000000000000000000000000100000011010001000000000000000000000000000000001111000000000100000000000000000011000000000000000000000000001000000000000000001100100000000000000000000000
000000000000000000000000000100000000000000000000000000100100001000000000111000000000111000000010000000000000000010000110000000000000000000000000000111100010101100000011000000000000000000000000000000000000000100000000000000000011000111000000000000000000001000011100000000000000000000001100000000000000
000000000000000000000000000010110000000000111000000110100000100000000000000000000001101100000000000000000000000000000000000000000000000000000001001010100010101100110111000000000000000010000000001100001001001010000001000000000000000000000000000000000000010000000010000000000100000001111100001100000000
000000000000000000100000000111000000000001000100000010000000000000000000000000000000101100000000000000000000000000111000000010001110000000000000000110110000110010001000000000000000001101000000000100001001001010000001000000000000010000010000000000000010001000010010000000111000100000100100001100000000
000000000000000011011000001100000000000000000100000000000000000000000000000000011101110000000000000000000000000000100000001001110001000000000011010100010000000110100101100000000000000000000000001100010000011000000001000000000000010000010000000000011011001000000100000000010000000000111000000000000000
000000001000000010000100010010000000000000000110000000000000000000000000000000000100000000000000000000000000000000000100001000010001000000000101000001000111000010000100010000000000010000000000000000010011000100000000000000000000010000010000000000011010000010011100000000000010010000000000000000000000
000000011000000010000100001010000000000000101100000000000000000000000000000000000010000000000000000000000000000000000010001011010000000000011110000011100000000010001101011000000000001000110000000000001001001000000000000000000000000000000010000001000100000000000000000000000000000000000000000000000000
000000111000000001000100000100000001010000010000000000000000000000000000000000001001110011000000000000000000000000100000000001110000111000011010000000100000000001001111011000000000000111101110101000001110010100000000000000000000000111000101000001001000000000000000000000000010100000000000000000000010
000001000000000000011000000000000011011000000000000000000000000000000000000000001010101110000000000000000000000000010000010001110000111111101100000000000000000011000010011001110000000001010010110000000000000111110000000000000000000000000000000001000101100000000000000000000100000000000000000111000010
000011000011100000000000000000000001001000000000000000000000000000000100000000000010000010000000000000000000000000001100000000000010100100101000000001000000001110001100000000010000000000000000001000000000011101000001100000000000000000010010000000011001011110000000000000001101100100000000000000110000
000111000011000000000000000000000000010001100000000010000000000000110010000000100011000000000000000000000000000000000010101000000010011100000010000110000000001100000010000000000000000000000000110000110000000001110010010000000000000000100000000000001101010010000000000000000000100010000000000100001000
000000000010000000000000000000000000000001100000000000100000000001000100000000011000000000000000000000111000000000011010000101000100001000110000001010110000001000000001000000000000111000000110010001001000000000000010010000000000000001101100000000011001010010000000000000000000110001010100000010001000
000000011100000000100100000000000000000000000000010000100000000001101101000000000000001000000000000001111100000000110001010100111000000000000110001011000000000000000000110000000000100001101010001000000100000000000100010000000000000011101110001100001110111100000000000000000000110011110100000000001000
000000011000000000000000000000000000000000000000010100100000000001101000100000000000010100000001010010001110000000010110110110000000000000000011001100000000000011100000110000000000000011111110001011001000000000000110100000000000000001101100001100100100001000000000000000000000011101010000000000000000
000000010000000000100100000000000000000000000000001010000000000000000101001110000000011000000001010001111101000000100000010100000000000000000000000001101100000011000000000000000000000000010000000001110000000000000101000000000000110000100000110000100000110101000000000000000000001111100000000000000000
000000000000000000011000000000000000000000000000001011000000000000000010001110100000000000000000100000000001000001000000001000000000000000000000000010111100000101100000000000000000000000100000000000000000000000011000000000000000111100010010111000001000000110000000000000000000000110000000000001100000
000000000110000000000000000000000000000000000000001000110001110000000000001100010000000000000000000000000010000011100000000000000010000000011000000010000010000010000000000000000000001100000000000100000000000000001011000000000001000000000000010010101111000100000000000000000000000000000000000000000000
000000000100100000000000000000000000000000000000000000010001010000000000000000011000000000000000000000100010000011100000011000000010000000011000100000011100000000000000000000000000011100000010001000110000000000000000110110000001100000000110000110110100011000000000000000000000000000000000000000000000
000000000101000000000000000000000011000000000100000000000010010000000000000011010000000000000000000010100100000001000000011000000000000000000001111000011100000000000110100000000000011000000110000011010000000000001000100110010000000011000000000011100000000000000000000000001111111000000000000000000000
000000000000000000000000111000000100100000001110000000000100000000000000111110110001000000000000000010110110000001000000000000000000100000000001001000000000000001111000001000000000001100000010000001010000000000000100000100111000111010000000000000000010111100000000000000110110000100000000000000000000
000011100000000000000000000000000100010000001011000000110100000000000000011100110001100010100001000000000100000000000000001000000000000000000001100100000000110010011010001000000110000100001000000000000000000000000000001100101000000000100000000001101010101111000000000000000100010000000000000000000000
000010011000000000000101000010000011011000000000000010010100000000000000000000010000100100100111000000000011000000000000000000000000011100000000101000000000110010000100110000000000000000011001000000000000000000000011010000000000001100100000000011010001001100001010000001001001011000000000000011000000
000001111111000000000000000010000000001000000110000010010000000000000000000001010001100110010010100000000011000000000001000100000010010100000000110000000000000001101000000011000000000001011001000000000000000000000011000000100000000110010001111111000001110000000110000110110000101100000000001101100000
000000111100100000000000000010000000100100000110001010111011100000000000000011000011111110111001100011011000011000000000110110000110010100000000000000000001111000001000000011000000000001010100000100000000000000000001110000010000000000111001100001000000000010100000000111100001101100000000000001100000
000000000000010000101000010000000000110100000000001100011011100000000000000010011000000010110001111101001100011000100000001000000101001100000000000000000010001000001000000000000000000000100010000110000000000000000001011111111100000000111111000000100000000000000000001110100000101100000000000000000000
000000000010010001100010010000000000011000000000010100110111100000000000000011110101100010110001001110000000000001010000011000000111000000000000000000001100000110000100000000000000000000111110001001100000000000000000000001000011000000000100000000101100000000000000000001110000010000000000001110001000
000001100011000000110011100000000000000000000000000011111000001100000000000011001000001000110111011000000000000001010000101000000011000000000000000000010000011000100000000000110000000000011001000001100000001000000000000001111111000000000000001100011111000000000000111000000000000000000000000000101000
000011100011000001110000000000011000000000000000000010001000111100000000000011000010000111110111010000000000000000100001101100000000000000000000000000010000010011000000000000000000000001100000001000000000010000000000000000100000000000000000010000000011000000000000010000000000000000000000000000011000
000000000000000001110110000000011000000000000110000010001000011000000000110000000110000001011010000000000000000000000000001000000000000000000000000000100000000000000000011000000000000001110000000111000000010010000000000000000000000000000001100000000001110000000000000000000000000000000000000101000001
000110000000000000000010000000000000000001100000000000000000000000000000110000000000000000001100000000000000000000000010000010000000000000000000000001101000000000000000111100000000000001110000000110000000001110000000000000000000000000000001011000000011100000000000111000000000000000000000000000000001
000000000000000000000000000000000000000010100000000000001100000000000000000001010110000000000000000000000000000000000111000001000000000000000000000010000001000000000000100100000000000000000011000000000000001110000000000000000000000000000000000000000010000100000000101000001000110000000000000001000101
000000000000000000000000000000000000000010000000000010001100000000000000000001100000000000000000000000000000000000000100000101100000000000000000000000101011000000001111000001000000000000000001000000000000000000000000000000000011000000000000000000000000111100000000011000110100110000000000000000110001
000010000000001100110001100000000000100010100100000000000110000000000000000000100000000000000000000000000000000000000110101110000000000000000000000000001010000000001111110011000000000000000000000000000000000000000000000000000010100000000000010100000000100001000000110100000000000000000000000001000001
000101011000001110011000000000000001001111000100000000111000000000000000000000000000000000000000000000100000000000000111000000000000000000110000010100001000000000001101000000000000000000000000000000000100000000000000001000000001100000000000011100000000000101000000110100000010000000000000000001011110
000101000000001110000001000000000111100001010110000000110011000000000000000000000000000000000000000000100000000000000011000000000001100000110000101001100000000000000010101110001000000000000000000000010000100000000000011000000000000000010100001000000000000000000000010100001011000000000000000000111100
000010110010000011001000000000001111000010110100011000000000000000000000000000000000000000000000000000100101000000000000000000000001110000000000100010000000000011000101101111110100000000000000000000100000100000000000100100000000000000010100000000000000000000111000110011000000100000011000000000010100
000000010000000011011000100000010000100010111000100100000000000000111000000000000000000000000000000000000011000000000000000110000001001000000000000000000000000000100011010000100010000000000000000000010000100000000000011000000000000000001000000000000000000000110100011111000011100001101000000000000100
000101010010000001011100100000000000100000011000011000010000000000000000000000000000000000000000000000000100100000000000000111000001110000000000100000000000000011000001110001110100000000011000000000000100000000111000001000000000000110000000000000000000000001000000000100000010100010001100000000001010
001001011000000000100001000000100000100000000000000000011000000000000000000000000000101100000000000000000010010000000000001011000010110000110000100000000000000011000000100000011000000110101100001000000000000001000100000000000000000110000000000000000000000000100110000000000000000010001000001000010011
010000000000000000000000000001100000000000000000000000010000000000000000000000000001000000000000000000000000000000000000110000110001000000110000011000000000000111000000000010100000000100110110001110000000000001000100000000000000000000000000000000000000000000000000000011000001110010010000010100010110
100010000000000000000000000001001010000000000000000000011000000000000100000000000001000000000000000000000001010000000000100000110000000000000000000000000000000000000100000001100000011111110010000000000000000001000100000000110110000000000000000010000000000001000010110011100000000000100000010100100001
000000000000000000000000000001111010001100000000000110001010000000001010000000000010000000100000000000000111100000000001000000110000000000000000000010111000000101000100000001000000011110000010000000000000000000111000001100010000000000101000001101000000110000000000000001000000000000000000001000101100
100100010000000000000000000000000010001100000000000110010011000110000100000010000000001000010000110000011001000000000000000001000000000000000000000010000000000110000000000000000000100111000100000000111000000000000000011000000001000000101100001110000001001000010110110000000000000000000000000000100000
000001001000000000001100000000000010000000000000000000011000000000000000000010011000000010010000110000000011000000000000000100000000000001000000000000000000001100000000000000000000011000001000000000100000000000000000000100000000000001001001001100000000110000101001100100000000000000000000000000011000
110011001100000000001100000000000000000000000000000000010001100111100000000001011000000011000000000000100010100000000000000100000000000011100000000011000000001100011000000000000000110011000000000000000100000000000000000101000101000001010010100000000000000010000000101100000000000000000000000000000000
010000111100000000000000000000000000000000000000010000110000000001100000000000000110000001100000000000000010110000000000000000000000000111110000000000011000000100100100000000000001100010101000000000100000000000011100000011000010000001000010000000000000000111101000011000100111000000000000000000000000
001100000000000000000001010000000000000000000000010011101100100000000000000000001110000100100000001100010000001100101000000000000000001100011000000111110000000011011000000000000001000110111100000000100010000000011011000010000000000000101010001000000000000111100010000001000111100000000000000000000000
001100001100000010000010010000000000000000000000000000000110000000000000000000000100000000000000000000001000100011101100000000000000011000001100000011110000000110000000011000000001000110111010000000010001000000001001000000000000000000011001010000000000000100100001000010001000010001110000000000000000
001010000100000101000001010000000000000000001100000000000000000000000000000000000000011001100000000000000000100000100010001100000000001100011000000000000000000100000000011000000001000000000011000000011001000000001000100000000000000000000010000000000000000010000001000011010110100001010000000000000000
001010000000000101000000000000000000000000000000110000000000000000000000001000000000110110000000000000000000000000011010011000000000000100010000000000000000000000011000011000000000000001011010001100000000000000000011000000000000000000000011000000000000000001111110000001100111000001110000000000000000
000001000000000010000000000001000000000000000000000000000000000000001000001100000000000000000001111000000000000100010011100000000000000000000011011000110000000000011011010000000000000000111100001110000000000000000000000000000000000000000100100000000000000000100000000000000000000000000000000000000000
010001000000000000000000000001000000000110000000000001110000000000010100010010000000000000000010011100000000100000000011011110000000000000000000011001001000000000100000001000000000000000100000010010000000000000000000000000000000000010000011000000000000000000010000000000000000000000000000001001000000
010001000000000000000000000001000000000110000000000001110000000000010100011100000000001110000001000100000000100110001100000011000000000110000010000000110000000000010000001000000000000000000000010110000000000000000000000000000000000101000000000000000000000000101000000000000000000000000000001110000000
001110000000000000000000000000000000000000000000000000000000000000001000011000000000001110000001111000000000001100000000000000000000000110000001111000000000000000010000001000000000000000000000001100000000000000000000000000000000000101000000000000000000000000101000000000000000000000000000000100000000
