300 300
000000000000000000000100000000000000000000000000000000000000000001100000000001100000000000000000000000000000000000001011001000000000000000001000000000000000000000000101000000000000000000000011000000000000000000000000000000000000000110000110000000111100000000000000000000000000000000000000000000011000
000000000010000000001011000000001100000000000000000000000000000001100000000001000000000000000000000000000000011000001010100100000000000000011100000000000000000000000000100000000000001100000011000000000000110000000000000000000000010111000110000001000011000000000000000000000000000000000000001000011000
000000001001000000000010110010001001000000000000000000000000000000000000000000111000000000000000000011101000010010011101101000000000000001101010000010001000000000000101000000000000001100000000000000000000110000000000001100000001110000000000011100000011000000000000010100000000000000000000011100000000
000000001001000000011101110000001010000000000000000000000000000000000000000000101100000000000000000000111101100010110000000100000000101101110101000101111000000000000010000000110000000000000000000000000000000000111000001000000000100000000000011110001011000000000000100000000000000000000000010110000000
000000001010000000000000000000001001000000000000000000000000000000000000000000101000000000000000000000110110100010110100001100001100011010000101000000000000000000000000000001110000000000000110000000000000000000000000000000000000010000000000000000101000000000000001000000010000000000001000000011001000
000000000000000000000000000010100110000000000000000000000000011000000000000001001000000000000000001001000000100000100011000110001000000101010100000111100100000000000000000000100000000000001100000000000000000000000000001010000000001000110000000000100000000000000011100000001000000000010100000110110100
000000101000000000000000000001000100011000000001000000000000100100110000000011011000000000000000000000100000000100000001110100000110000001000001000001000010000000000000000000000000000000000000000000000000001100000000001011000000000000011000000000010010000100000011010100001000000000010100000100110100
000001000100000000000000000000000011000100000001111000000000011000000110000010001001110000000000010001000000011100100001011000000010000100000000000000100010000000000000000011100000000000000010101000000000001100000000000010000000000011010000000000010100001010000100000000101000000000010001100000011100
000001000010000000000000000000000010000010000010000100000000010011000110000010001000000000000000000001000110000000100100100000000011000110010000000000110110000000000000000101000000010000000000110100000000000000000001000000000000110011000000000000000000011011000100000001111000000000001100000000001000
000001000000000000000000000000000010111110000001000100000001110000010101100001101000000000000000110100000001110000010001000000000000010001110000000110100011110000000000001101000000101001100000010000000000000000000010000000000000111001100000000000000000000100000110000000001000100000000100000000000000
000001000000000000000000000000011111100000000001111000000001010100001000000000000000000000000000000000000000010000001010000000000000000000100000000000101100000000000000010010000001001001100000010001000000000000000010000011000000001000000000000011000100000000000111000000001101010000000000001000000000
000000110000000000000000000000100111001010000010000000000001010010010000001000000000000000000000000000000000000000000100000000000000000000000000001000101100000000000000001000000000110000000000000100000000000000000001000011000000101000000000000110101011000000000001100000001100100000000001001100000000
000000010000000000000000000000100100001001000011000000000000000000010011000111100000000000000000000000000000000000000000000000110000000001010000010001000000000000000000000000000000000000000000001001100000000000000000000110000001101101000000000100100010000000000000100000001100000000000010001100000000
000000001010000000000000000000100000000010001101100000000000000000000010100010010000000000000000000000000000000000000000000001010001111100010000001100000000000000000011100000000000000000000000001101110000000000000000000000011100000110000000000010000010000000000000000000110100000000000011111001000000
000000001000011100000000000001100000000100010100000000000000000001000000100000000000000000000000000000000000000000000000000011000010111111000000000000000000000000000001000000000010000000000100000000011000000000000000000000010100000010000000000001110100011000000000000010010110000000000011001110000000
000000001000111100000000000000000000000000100100000000000000000000001000010001100000000000000000000000000000000000000100001011010010000110000000000000000011101100001001000000000001100000000100000000011100000000000000000000100010000000000000000000000101000000000000000100011110000000000000000110000000
010000000000000100000000010100001000000000111000000000000011000000001000000000100000000000000000000000000000000000001010001000110011111000001100000000000011101010001110000000000001100000000100000000000010000001100000000000011010000000000000000000000111100000000000000011011010000000000000000011000000
000000000000001000000011001100001000000000110000000011000100101110100000000010010000000001000000000000000000000000001011000000000111000000000100000000000010010010000100000000000011011000000000000000000000000011100000000000011000000000100000000000000000100010000000000000000000000000000000000011100000
000010000110001000000000001110001000000000000000000001001111100000000000000000100001000001000000000000000000000000010100000000001001000000111000000000000000110110000000000000000010011000000000001000000001000101000000000000000000000001010000000000000000000010000000000000000001100000000000001100010000
000001111000010000100000000110100000000000000001101110010010100001000000000010100011000001000000000000000001000000100000000000010000000000011000000000000001111000000000000000001101011000000000001000010100100010000110000000000000000000000000000000000000100010000000000010100000000000000000010001100000
001101110000000000010000000000101110000000010000111100010000010000100111011001000111000100000000000000000011110000000000000000010001000000000000000000110000000000000001110000001101010000000100000001000001000010111010000000000000000000000000000000000000100100000000000111100000000000000000010011000000
000011110000000000111000000100010001000000010000010000010100100010100001011100000110000111000100110000000010011001010000000000010001000000000000000001010000000000000010001000001100100000000000011010100011100000010001000010000000000000000000000000000000011110000000000100000000000000000000001100000000
000011000000000000001000001100100001100000000000000000000000011010010001100100000111001001011000111110100000110001111100000000001110000000000000000001010000000110011001010000000011000000001010010000110011000000000001001001100000010000000000000000000000000101000000011100010110000000000000000000000000
000011000000000000011000010010100000111000000000000000000000000001000000011010000000000110111100011000010000001010100001100000000000000000000000000000000000001001100100100000000000000000000100011000001101100000010010010101000000101001010000000001000000001000100000011000111100000000000000000000001000
110000000000000000000000011100100010111011100000000000000000000000000000010100000000001111110100000011010000000000000001000000000000000000000000000000000000000101000000000001110000000000000000000111000000100000101000111000000001101010011110001011000000010001000000001101100000000000000000000000001000
110000000000000000000011100000011100010110100000000000000000000000000000000100011000011001001110000001100000000000010000000000000000000000000000000000010000000010111000000001010000000000000000000000000000000000110000110000000000010010010110001001110000010010000000000000100000001100000000000000001000
000000000000000000000000010000000000001100100000000000000000000111001100000000101000111010000000000010110000000000001010000000000000000000000000011000001000000000000000000010010000000000000000000000101000000000100000100000110111100011001100001100001000001000000000000010100011111100000000000000000000
000000000000000000001000110000000000010001000000000000010000001101101000000000100111111100000000001101111100001110100001000000000000000000000000011000001000000000000000000011000000000000000000010110001000000000000000010000111111011001100011100000100100000000000000000000000010000100000000110000000000
000000000000000000001011110000000000010110000100000000101000001001011000000000000101011100000000001101111000001100001000000000000000000000000000000000000000000000000000000000000000000000000000010001101000000000000001000111000101000000000011000000110100000000000000000000000000000000000000101100000000
000000100000000000000000000000000000010100001110000000000000000101001010000010000101011000000000000000010010001000000111000000011000000000000000000000000000000000001011100000000001100000000000010110110000000000010000011111100000001000000101011000111000000000000000000000000001001001100001101100000000
000001110000000000000000000000000000000000001100011001000000110100101100000110110000010001000000000000011010000000010010000000011000000000000000000000000000000000011001100000001011100000001000000000000000000000011000010111100001000000000110001000000001100000010000000000000000111011000001000000000000
000001011000000000000000000000000000000000001110001101110000100000001100000011000000101110000000000000010000000111101101000000000000000000000000000000000000000000001111110000001000000000011100000000000000000000001000000000000001100000000011001000000001100000101000000000000000011010000000011111000000
000000011000010100000000000000000000000000001100111000000000100001000000000000000001001000000000000000000000001010000010000000000000000000000000000000000000000000000100011000001000000000110010000000000000000001100000000000000000000000000001110000001111000000101000000000000000000000000001001010100000
000000010110100100000000000000000001000000110100000000000000001001111000000000000010010000000011000000000000001110000000000000000000000000001101000000000000000000000100111000000000000000100000000000000000000110000000000000000000001100001000000000110100000000010000000000000000000000000000110001100000
001100010111100000000000000000000000000000010100000000000000000000001000000000000010010000000001011110100110000010000000000000000000000000011101100000000000000000000101000000000000000000111110000000000000000000000000000000000000010011100100000000110000000100000000000011100000000000011100111011110000
000110001111000100000000000000000010000000001000010010100000000001100000000000000001000001100000011010100110011100000000000000000000110001100000010000000000000111000111000000000000000000110110000000000000000100001000000000000000110010100110000000110100010010000000000011001000000000110011000011111000
000000000000100100000000000000110101000100000000110010000000000000000010000000000001100001100000000011100000000000000000000000000000110001101010101100000000000001001100100000000000010000000000100000000000000011100000000000000000011010000000000010000000001010000000000010110000000001101000000001000000
000000000000110000000000000000000000111000000011100000000000000000000000000000000101100000000000000000000000000000000111000000000000000010001011000000000000000000001000000001000000011000000000100000000000011000000000000000000001001111110000000101000000001100000000011001110000000011100110000001101100
000000000000000000000001110000100001011010000110100011000000000000100001000000000100100000000000000000000100000000001101000000001000000010010000000100000000001001100001100001100001001100000000100000000000101000000000000000000001000111011000000100100000000000000000000001100001100010011000000000100000
000000000000000000000000010000000010010010001100000000000000011000100111000000000011000001101000001000001010000000010110000000011110110001010000001000000000000111100011000001000110101000010010000000101101101000000000001000000000011000001101000100100000000000000000000011100010010110001000000000000100
000000000000110000000000100000000000010000100111101100000000110100110000000000000000000000000110000000000110000000110000000000100000010000000000000000000000000000000000001000000110010000001110000000100101111000000000001000000000001000001001000100100000000000000000000000110101000010110000000000100000
000000000000110000000000000000011011001000010010111000000000010010000000000000000000000010000011001000000000000001100000000000011010000000000000000000000000000000000001110000000000000000000000101000000100001101000000001000000000000000001001000100000000000001000000000001100000100001000000000000001000
000000000000000000000000000000000010100100010000111000000000001100000000000000000000000010000011110000000000000001000011000000011000000000000000000000000000000000000000000000000000000000000000101000011100010001000000000000000000000000000001000000000000000001000000100001101000100000000000000000110000
000000000000000000000000000000011110100000100000000000000000000000000000000000000000000001000001000000000000000001011000000000000111000000000000000001100000000000000000000000000000000110000100110000011000001011000000000000000000000110001010000001000000000001100001110000000000010000000000000000000000
000000111000000000000000000100000001100000000000000000000100000000000000000000000000000001000000000110000000000000010000000000000001100000000000000001100000000000000000000001100000000110011000110000000110011000000000000000000000000100011011001000000000000001100011011001011000010000000000000001000011
011000110000000000000000001100000001100000000000000101000100000000000000000000000000000000010000000110000000000000110000000000000000100000000000000000000000001000000000000010000000000000100100100000000110000000000000000000000000000111000010000101000000000001010001110000000100010000000000000011000011
011000111011100001110010000100000000000000000000000100110010000000000000000000000001100000000000000000000000000010100100000000000000000001010000000000000000001000000000000100011000000000110001110000000000000000000000000000000000000000000100000001011000000001110000100010011000100000000000000000100000
000000000001010000111010000000000000000000000000000000101000000000000000000000000010010000000000000000000001011010110000000001000000000010010000000000000000010000000000000101011000000000000000001000000000000000000000000000000000000000000000000000100000000001100000000010111011000000000000000011000011
000000000001010000111000000000100000000000000000000010110100010000000000000000000010100000000010000000010001010000011000000000100000000001001000000000000000000000000011000011100000000000000001000100000000000000000000000000000000000000000000000000000000000011100000000000000010000000000000000000000011
000000000010001000000000000001010000000000000000000001000000111000000000000000000001000000000010000000110010000000000001000010001100000011101000000000000000000000000000100000000000000000000011000000000000000000000000000000000000011000000000000000000000000011100000000000000000000000000000000000000000
000000000111101111100000000010010000000000000011100000100010000000000000000000000000000000000010000001100100010000000001000000001010001110110000000010000000000110001100100000001000000000000011011100000000000000000000000000000000011000000000000000000000000100100000010000000000001000000000000000000000
000000000111001100000000000001100000000000000000000000100010001000000000000000000000000000000000000001110100010000000000000001000010000000000000000101000000000110001101100001011100000000000100101100000000000000000000000000100000000000000000000000000000001111110001001100000001000010000000111000000000
000000000000000000000000000000000000000000000000000000001010010000000000000000000000000000000000000001100000100000000000000000111100000000000000000100100000000000000000010101110100000000000000000000000000000000000000000001010000000000000000000000000000001111110001010000111000000011110000000001000000
000000000000000000000000000000000001100000000000000110001000000000100000000000000000000000000000001000000110000000000000000000011100000110000000000000100000000000000000010000011000000001010000010000000000001100000000000010011000000000000000100000000000001101100000000011010000000010010000000010010000
000000000000000100000000000000000001100000000000001001010000000000110000000000000000000000000001000100011100000000000000000000000000000000000000000000000000000000000000001010001000000001111001000000000000000000001000000001100000110000000001001000000000001101000000000011010101110001100000000000001000
000000000000000100011000000000000000000000000000000110001111100001011000000000000000000000000010000100001000000000000000000000000000000000000000000000000000000000000000001001100110000000111100010000000000000110101000001000010000110000000000000100000000001101000000000010010000000000000110000000000000
000000000000001100101000000000000000000000000000000000001100100001100110000000010000000000000010000000000000000000000000000000000001110000000000000000000100000000001110011110001100000000000000111000000000000000000000001000110000000000000000101000000000001001100000000010010000000001000110000000000000
110000110000001001110000000000000000000000000000000000000001100101000010000000101000000000000010000000000000000000000000000000110000000000000000000110000010000000001001100000111000000000000001001000001000000000000000001000000000000000000000000000000000001000010000000000010011011111000000000001100000
110000110111100001100000000000000000000000000000000000000111000100110000000001000100000000000001100100000000000000000000000011001000000000000000000110000110001000010001100000010000000000000001110000011100000000000000000100000000000000000000000000000000001001011000000101100011111100000000110001100000
000000100000110000000000000000000000000000000001111100000101000100100110000001100100000000000010010000000000000000000001000000011000000000000011000001010001010100001110000000000000000000000000100000111110000000000000000000100000000011000000000000000000000010101011010100000000011100000101010000000000
000000010000000110000000000000000000000000000001000010001000000000001010100000011000000000000100100000000000000000000010100000011000000000000011000111010111110000000000000000000000000000000000000001000001000000000000000011000000000000000000000000000000000100001111110110000010000000011100000001110000
000000001001000100000000000000000000000000000001100010010000000000000011100000000000000000000011000000000000000000000010100000010000000000000000000111110011000000000000000000000011100000000000000011001001100000000010000000000000000000000000000000000000001000101101011000001100000000001000100011001000
000000000000001010000000000000000110000000000000000011001011001100011111000000000000000000000000000000000000001000000001000001100000000000000000000000011110000010000011100000000010001000000000000111010101110000000000000111000000000000011000000000000000001000000000000000001111101001000000000101000100
000000000000000010011100000000001001000000000000000100011000001110001100000000000000000000000000000000001000001100000000000001000000000000000000000000000011010101100011110000000001111000000000000011001001111110000000000010000000000000001000001100000000000110001000000000001111111101100000000001010010
000000000000000001000100000000010001000000000000000100011111111000000000000000000000000001000000000000001001001111100000000111000000000000000000000000000010000101100011011000000000010000000000000001000001100000000000000000000000000000000000001100000000000000101100000000000000001000100000101110010010
000000000000000001111000000000000001000000000100000100010011110000000000000000000000000010100000000000000000000000010000000101000000000000000000000000000010000000100000011000000000000000111000000000111111000001100000001000000000001110000000000000000000000001001000000000000000000000000111000000010000
000000000000110000100000000010100001000000001000110011100001101000000000001000000000000100010000000000000011000000001000000111000100000000000000000000000001001000000000011100000000000001001100000000011100110010011000011000000000001110000000000000000000000000101100000000000000000000000000000000100000
000000000000110000000000000010000001000000000000000000000001101000000000010100000000000010100000000000010011101011010000000000001010000000001000000000000001111000000000000000000000000100000010001000001000000000010011100000000000000101000000001010000000000100111000000000000000000000000000000001000010
000000000000111010000000000010100000000000000000100000000000010000000000000000010100000001000000000001101000011000110000000000000011000001110100000000000000111111000100011000000000000111111011011000000000000011011111110000000000000011100000010010000000000101000000000000000001110000000000000000001010
000000000000000101000000000000011010000000000011000000000000000000000000000000001000000000000000000001100000000000001000000000001011000010100010000000000000000100001000010000000000000101001000100100000000000100110010110000110000000000000000010000000000000011000000000000000011011000000000000000000001
000000000000001101000000000000000000000110000000000000000000000000000000001001000000000000000000000000100000000000000100000000000001000010101100000000000000000011001100010000000000000101101000000100000000000011101110110000010001100000000000011010100000000000000000000000000011000100000000000000001110
000000000000000000000000000000000000000010100011000000000000000000000000000101000000000000000000000001110000000000001000011000010010000001001010000000000000000011000000000000000000001001001000011100000000000000001111000000000001000000000000010000010000000000000000000000000000111000000000000110000100
000000000000000000000000000000000000000000100000100000000000000000001100001011000000000110001110000000000000000000000000010000001100000000000111000000000000000000000001100000000001101010001100011000000000000000000010000000000001000000000000001010100000000000000000000000000000111000000000000001110000
000000000000000000000000000000000000000011011000000010000000000000110010011010000000000110001110000000000000000000000000000000000000000000000001000000000000000000000001010000000000010100010001100001000000000000000000000000000001100000000000001110000000000000000000000000000000000000000000111000000000
000000000000000000000000000000000000000011011000000010101100000000010010100010110000000000000000000000000000000000000000000000000000000000000100000000000000000000000010001000000000000000100000100011100011000000000000001000000001110000000000000000000000000000000000000000000000000000000111100000000000
000000000000000000000000000000000000000000011000000001100010110000101100010010110000000000000000000000001000100000000000000000000000000000000010000000000000000000000001001000110110000000010001000011010000100000000000011100000001101110100000000000000000000000000000000000100000000000001000010000000000
000000000000000000000000000000000000000111110000000001001010001000000000001100000000000011000000000000001100010000000000000000000000000000000000000000000000000000000000000001000110000000001110000001010000010000000000101010000001111111000000000000000000000000000000000000010000000000001011100000000000
000001100000010000000000000000000000001010110000000000100011010000000010000000000000000111000000010000000100010001100001000000000000000000110000000000010000000000000001100000101100000000000000000001000000100000000001110111000000111110000000000000000000000000000000000001000010000000000111000101000000
000010010000111000000000000000000000001010110000011000000000100000000110000000000000000010000000111000000100100000010111000000000000000000000000000000111000000000000000100000010000000001000000001000110111000000001101101010000000000000000100000000000000000000000000000001000001000000000000001001000000
000011111000000000110000000000000110001010000000011100000000000000001110000111000000000000000001001100000000000000010000100000000000000000110000001000110100000000000000000000000000000010011000000001001110000000010010111100000000000000010010000010000000000000000000000000000000000000000000001000100000
000000011000000111110000000000001010010100000000101100000000000000000000011011000000000000000011111100000000000000001100000000000000000000000010110010010010000000000000000000000000000010010010000000000000000000111000101000000000000000010010000101000000000000000000000000100010000000000100000100000000
000000010010000000010000000000001110110100000000111110000000000000000000101011101010000000000001001100000000000000001011000000000000000000000001010110001100000000000001000000000000000001000001001110000000000011101000000000000000000000010001101101100000000000000000000000011100000000001100000001100000
000000010000000000110001100000000000100100000000111110000000000000000000101011001100010000000001001000000000000000000100000000000000000000000100010000000000000000000011100000001110000000000000000000000000000100100100010000011000000000000001101101100001000000000000000000000000000000000000000000010100
000000001101010000001011000000000000100010000000100010000000000000000000110100000000001000000000101010100000000000000100000000000000000000010001001110000000000000000000000000001010000000000000000000000000000011000001010000011110000000000011101101100000010000000000000000000000000000000000000000110110
001100000101000000011111010000000000010010000000010010000000000000000000000000000000001000000001010100000000000000000000000000000000000000110100000000000000000000000000000000010010000000000000000000000001110000000000000000100000000000000000000000000010000000000111000000000000000000000000000010000001
000010100110000100100111000000000000000000000000010000000001000000000000000000000010100100000000000000100000000000000101100000000000000000011100000000000000000000000000000000001010000000000000000000000011000000000000000001111101100000000000100000000100110000000111000000000000000000000000001101000101
000000100110000100000011110000000000000110000000000000000001000000000000000000110000001100000001000001000000000000000001110000000010000000000000000000000000000000000000000000000000000001101000000000000100000010000000000000001110000000000001110000000110100000001000100000000000000000000000000000000010
000000100000000100010110110000000100000011011000001000000010100000000000000000000000001100000000111100000000000000000000010000000010000011000000100000000000000000000000000000000000000000000100000000001110100000100000000000000000000000000010010000000000001100010101110000000000000000000000010000001000
000000000000000010000101100000001010001000101000000110000010000000000000000000000000000000000011011000000000000000000111110000000010000011100001010000000000000001000000000000000000000000000100000000001100000110000000000000000000000000000110001100000010100110101000000000001100000111000000100001111000
000000000000000000000001100000001010001010101000000000000010000000000000000000000000000000000011000000000000001100000010100000000000000001000010110000000000000011100000000000000000000000100000110000000101000001110000000000000000000000000011000110000010000001101000000000001110001101100000110000000000
000000000000000011100001000000000100001011110000110000000000001000000000000000000000000000000010100000000000001100000000000000000111000000000100100000000000000110110000011100000000000000000100110000000000100000001000000000000000000000000000100100000001010001101100000000001110000100100000011110001010
000000000000000000011100000000000000000110110000111000000000010100000000000000000000001000000001000000000000000000000000000000001001000000000011000000000000001101010000000000000000000001000110000000000000000000011100001100000000000000000000111000000000100000010000000000000000111011000000001100001110
000010000000000000111000000000001011000110000000011000000000010100000100000000000000010100000010000000000000000000000000000000001101100000000000001110000000000011100000000000000001100010010110000000000010001000011100001100000000000000000000010000000011000000000000001100000001110000000101110000001110
000111000000000000100000011000001000010000111000000000000110001000001010000000000000001100000001111000000000000000000000000000000000000000000000000010000000000010000000000000000010000001001100000000000000010000000000001001000000000000000000000000000011100000000000001111110001000000001000001000000000
001010100000000000100000011000001100000000000000100000001001000000010010000000000000000000000001001000000000000000001110000000000000000000001100001000000000000000000000000000000000000000111000000000001100000000000000000101000000000000000000000000000000100000000011001011101100101001100010100000000000
011101110000000000000000000000000010001000000000111000000101000000001100000000000000000000000000000000000011000000001100000000000000000000010010000100000000000000000000011000000001001000000000000000010000000000000000000010000000000000000000001100000011000000000111011101111100010000001000000000000000
001010100000000000000111000000000001010000000000001000000010000000000000000000000000000000000000110000000011000000001100000100000000000000100010000000000000000000000000011000000000101000000000000000000000000110000000000000000001000000000000010000000010000000000100111100000110000000000010000000000000
000111000000000000000111000000000000000000000000010100000000000000000000000000000000000000000000111000100000000000011100001011000000000000100100000000000000000000000111000000000000011000000000000001000000000110000000000000000010100000000000100011000000011000000000110011100011000000000100000000000000
000010000000000010001110000000000110000000000001110100000000000000000000000000000000000000000001101000100000000000001011001001000000000001101100000000000000000000000111000000000000000000000000000010100000000000000000000000000010100000000000000010000000010100000001100001100001100000001000000000001100
000000000000000101000000000000001111100000001010101000000000000000000000011000000000000000000010000000010000000000001000101010110000000000000100000000000000000000000100000000000000000000000000111110110000001111010000000000000001000000000001000000110000000000000000000000000000000111100000011000001010
000000000000001000001001000000010000001100010000000000000000001001100000100100000000000000000010001001100000000000001000010010111010000000000010000000000000000000000001100000000000000000000000000100010000001101100000000000000000000000000000110001110000001000000100000000000000010000000000011000000010
000000000000011000011000000100010000101100100010000000000001101000000000011000000000000000000000000000000000000110010110101011000010011100000010000000000000000000000001100000000011000000000000100100100000010000100001100011000000000000000000000001100001000110000100000000110000001100000000010100001010
000000011000010000011000000100001011000000011100000000000010001000000000000000000000000000000000111110000000001001111100000100000010011110000010000000000000000000000000110000000011000000000000010000100000000011000001110010100000000000000000000101100010010110101000000000011000000000011000011100001000
000000001100001101000110000100000100000010000000000000000000000000000000000000000000000000000000010011000000001001110000010100010000000010000010000000000000000000000000000101000000000000000000001110000000010011000000010001100000000000000000000101000001001001000000000000011000000000101000011110000000
000000100000000001000000001000000000000110000000000000010110100000000000111000000000000000000000011000110000000000010000010001011000000001000100000000000000000000000000100110111100000001000000000010000000011101000000110000000000000000000000000100000000111010000000000000111000000001100000000111100000
000011000010111110001001000100000000000100000000110001100000000100100000000000001000000000001100010000010000000100010000100100000000000000111000000000000000000000000000100011000001000011100000000000000001000000000000000000000000000000000000000000000000001110000000000110100000000000010101011111100000
000011010000100000000001011000000000000000000000110000101100000000000000110100000100000000001100001000001000000000000000100111000000000000000000000000000000000000000001001011000001000100110000000000000001011010110000000000000000001000000000000001000000000010000011110110000000000000000001010100110000
000100001010000000000000001100000000000000000000000000010100000111000000000110001100000000000000000100110000000011100000100001100000000000000000000000000000000000000000100000010000100101000000000000000010010011000000000001110000000100000000000100010000000110000000001110000000000000010000100000000000
001111010100000000000001100111000000000000000000000000001000000000000000000000101000000000100000000011100111000010000000100100000000000000000000000000000010000000000000000000000110100011000000000000000011100011000000000110001000000000000001100100001000001001001000110000000000000000010011000000011110
111110011100000000100000110001001110000001000000000000001001000000000001000010010000000001010000000000100110000101100000110000100000000000000000000000000110000000000000000000001001000011100000000000000010010000000000000000000000000010000111101000000100000101000001100000000000000000001100100011011001
110000011100000001110000100010110011000111000000000000010000000000000001100001110000000001010000000000111010101100000000101000000000000000000000000000010110000000000000000000001110000000000000000111000001110000001100000110010100000110000111110000000010000010100010000000000000000000000110110001100000
000001011100000110000100011101100111110000000000000000010000000000000000010010100000000000100000011001001101001000110000110000000000000000000000000111000011000000000000000000000100000000000000001001000000100000110010000000001010000011000100010100000011000001010100000000000000000011000010110001100010
010001000000010000011110000000001001110011000000000000011000000000000001100000000000000000000000011000101000001000011100000011010000000000000000000111011111000000000000000000000000000000000000000001000000000000000110000000000011000011000011100001000011000001100111000000000000000001100010000000000000
001000100000010100010010000000001110100010000000001000001011000000100011000000000000000000000000000000010000000101010000101110001111000000000000000000111111000000000000000000000000001100000000100110000000000001000000000000000000000000000000000000011011000000000100000000000000001101000010000011010000
001100110001010000000000000000011000000100000000000010001110110101110001011000110000000000000000000000000000000001100010000011111000100000000000000000001010000000000000000000000000001100000000101000000000000000000000000000000000000000000000000000000100000000000011000000000000100000000001000000000000
000100001000000000100000000000000001000100000000000000001101110101010000000000111000000000000000000000000001000001011100001110001100000000000000000100011110000000000101000010010000000000000001100011100000000010000000000011100000000110000000000000000000000000000000000000000000100000000000000000100000
000000101100010001011000000000000001001000000000000000000100000000001100111000010100000000000000000000110010100001100000000000100000000011100000000111000100000000001000000001110000000001000001100011100000000010010000000010100100000110000000000000000000000000000000000000000000011100000001101001000000
000000010000001000010100000000000000000000001110000000000000000100010100000001010010000000000000000000110001110101101100000000100010000000010000000001000000000000000100011010100000000011111000000000000000000000001000000010001100000001100000000000000000000000000110000000000000000000000001101000000000
000010001001000000110110000001100000000000001101000001110010000000010100000001011100000000000000000000000000001101100100100000100001010011100000000000001100110000000000001100000000000000010100000000000000000010001000000010101000000001010110000000000000000000100011000000000000000000000000101000000000
001111000100011000010111100001100000000000010001000000000000000100001000000001000000000000000000000000000000001110011000111000000000100001000000000000001110000000000001111000000000000000000100011000001000000010000000000000001010110000000000000000000000000000110100000000000000000000010000000000101000
011100100010010011110100100000000000000000011010000000010000010000000000000000000000000000000000000000000000000000000000000000000000000000000000000000000001110000000000000000000000000000011000001000011100000010000000000001101110110000000100000000000000000000010000000000000000000100001000000000101000
100001100010100011101101000000000000000000011100000000011100010000000000000000000000000000000000010000000000000000000110100100000000000000000000000000000001100000000000000100000000000000110000101000100110000010010000000000011010111000111100000000110010110000000000000000000000001110011000101100010000
110000100000000000000000000000000000000000000000000000011101010000100000000001110000000000000000111000011100000000000110000000000000000000000000000000000000000000000000001100000000000110000001001100001000000010010000000000000000010100101100000001000000001000000000000000000000011000000000111000000000
110001110001000000010100000100000000000100000000000000000100010010000000000010010000000000000110000100010010000000000001001000000000000000000000000000010011000001000000010110000000000110000000110001111000000010010000000000000000001000110000000000100000000100000000000000000000110000000000010000000000
110000000110100000010100000110000000011000000000000000000100010000110000000000000000001000001000001000001110000000000001110000000000000000000000000111000000000011100000000001000011100000000001000000000000000010110000000000000000001111000000000000110000111000000000000000000000011000000000000000000000
100000000100000000010100000000000000000100000000000000000100010000010000000011100000010100010000001000010001000000000000000000000000000000000000001011000000000101111010000001101001100110000000100000000000000100110000000000000000000000000000000000000001100000000000000000000000001000000000000000000000
110000000100010000000100111100000000000001110000000000001010100000000011000000000000000010110010100000111010000000000000000000000000000000000000001001000000001110010010000001000011100011000000100000000010000111100000000000000000000000001000000000000000100000000000000110000000000000000000000000000000
000000011100000000001101011110010000000001100000000000001000000000000000100000000001100011010100000001011010000000000000000000000000000100000000011011110000010101000000000000000000011110000000000000000101000011000011000000000000000000001100000000000000101000000000001110000110000000000000111000000000
000000110100100000000001000000100010000100110000000000001010000000011001000000000001001011001100001101000000000000000000000000000000001010000000001010101101111011000010100000000000001000000000000000001000000000000100100000000111000000010110000000000000000001100001001001000000000000000001001000000000
000000000000000000000010111000000101001010100000000000000000001000100101000000000000101001010111001101100000000000000000000000011000000110000000000110100001000001001011000110100000000000000000000000000100000000000011000000000101000000000011001110000011001001100010000000000001000000000010010000000000
001110111011100000000100011000000110000001000000000000000100000000110010000000000000010000101010000101100000000000000000000000110100000000000100000000100001011000001000000000001000100011000000000000100100100000100001000000000101000000000011100100100001010000000000111100000000000001110000101000000000
000110000000001000011000000000000000000001001100010000000010001000010010001000000000000000010000000000100000000000000000000000000100000000011001000001000100110000100110000100000100000001000000001111100011010001000100000000000110000010000001000011100000000000000000000000000000000001110000111000000000
000000011000001000111000000000000000000000001110110000000001010000100101111100000000000000010100001100000000000000000000111000111000000000000111000000100000000001000110000011000000000100000001101101000111111000100000111000000000000101000010000001000000000000000000000000010000000010010001111100000000
000000001000001000011000000000000000000000001111111000000000100000111101111010000000000000000000001100011000000110001011001001010000000000000000000000111000000000100010000000010000010100000001100000010001111000110000100100000010000001000000000000000000000000000000000000100000001100110011101110000000
000000000000000000000000000000000000010101010111000000000001010000011101100010000000111000000001001100000100001001001000111011000101000000000000000000000000000000011100000000001001101000000010000111110001010000100001000000001010000000000000000000000000000000010001100000010101110011000011001001000000
000000000011100000000000000000000000001001100010000011100011011000000000000100000000111000000010010000010110011100001001000001111100000000000000101000000000000000000000000000000111000011100011101000000000110100010010000010010001000000000000000000000000000000010000010000000000111000110000000011000000
000000000000000000000000011100011000000100100001100010001100000000000000000000000000000000000001100011110110000100000001000001011110010000000010101000000000000000000000000000000011000011100010000011101101001011001000000110001010000000000000000000000000001000000100110000000000000001110000000010000000
000000000000000000000000100111011100000001000001100000001010000000000000000000000000000000000000000000010110000100000000000001100000001001111111101110000000000000000000000000000110000001000001100100001101110000000000011000000100000000000000000000000000001000000111000000000000000000000000000000000000
000000000000000000000000100000000110000010000010000011111100110000000000010000000000001000000000000001111110000000000000000010010001110110101101000000000000000000000000010100001110000000000000000011110001010000100000010000000000000000000000000101000000000000100000000000000000000000000000000000000000
000000000000000000000000100011001100011100000000000100100100111000000000010000000000010100000001000010100100000000000000001000001111000010000011000000000000000110000000100000000000000000000000001100000001000010000000010000000000000000000001110000100000000000100000010000000000000010000000000000000000
000000000000000000000000011000000010111000010000000111000000010000000000000000000000010100000010100000000000000000000001001000000010000000001111000000000011001001000000010010000000000100000111100001000000000000000001010000000000100001000010111101000000000000000000111000000000000101000000000000000000
000000000010000000001100000000011111010011111100001101000000100001100010000000000000001000000010100000000000000000000000100001100000000000000001000000100001000110000000010010000000001000001111010101000000011000000100000000000001111010000000000010000000000000000001010100000000000011100000000000000000
000000000011100110100000000000001011100011101100000001100011000010110100100000000000000000000001000000000000000000000000000110010100000001100000000100100001000000000000001010000000011000010110011010000100010100000101100000000010000000101111100100001100000000000001000100000000000001110000000111000000
000000000000100111111100000010000000000000100000000001100010000000011101100000000000000000000000000000000000000000000000000000000000000010001100000101101000000000000000000110000000111000000000001000001000000000000010100000000111000011000000000100011110110000000110000011000000000000000000000101000000
000010000000011101110000000010000000000111000000000011100010000010001001100000000000000000000000000000000000000000000000000000000000000111011100000000000000000000000000000000000000100100000000111000000011010100000010100001001110000000000000000111110000101000001000010001000000010001000000000110100000
000110000000011000000000000101000001100000000000010000000001000010001110000000000000001000000000000111000000000000000000000110000000000100001000000000000000000000000000000000000000100010001011101000000111111000000010010000101101000110000000001011000000001000011100101000000000100100000000011000100000
001000010000000000000000000010000001101000100000010000000010100000000100011000000000011100000000000000000000000000000000001111000000001110111000000010000000000000000000000000000000001001110110000000000010111000000000000000100000001110010010000101000100010000001000010000000000010000000000000011000000
000000000000000001001100000010000101000100011100000000000000010000000110000000000000110110000000000000000000000000000000011001000000000100010000000100000000000000000000000000000000000001011000000000010001001000000100010000111000010010001000000011010110010000000110000010000000000000000000000000010000
000000001100100000111100000000001000011000001110000000001100110000001011000000000000000001000000000000000000000000000000010011000000000011100000000010000000000010000000000000000000000010011100000000101000001010001110000001010000000110101010001001010110000000000010000100000000000000001100011010110000
000011101100101100110110111000000100111000000101000000010010110000000000000000000000000001100000000000000000000000110000000110000000000001000000000000000000000011000000000000000000000000011000000000100011000110000110100001100000000000101010000110000000000000000000001110000100000000010010000111110000
111101011000011110111000101000000011101110110001100000011001110000000101000000000000000001110000000000000000000001010000000110000000000000000000000000000000000001000000000000000000000000000101110000111110000000000011000001000000011000010000110001110000000000000000001000011000000000010010000011111100
110100010000000000001000001000000000011110110100011000000000000000000010000000000000000000000000000100000000000011000000000000000000000000000000000110000000000000001010000000000000001110000101110000001100000000000001000000000000100010000000011000001000000100000111010000000000000000001100000000100100
010000100000000000001000010000000000101001100010000100000000000000000000000000000000000000000000010001110000000001011000001000000000000000000000000110000000000000001010000000000000010001000010000001110100000001000000000000000000100110000000011000001000001101000100100000101000000000000000000000111000
001110000000000000000101000000000000000000110000110011000110000000000000000000000000000000000000010001000000000000111011100000000000000000000001000000111000000000000001000001100000011000000111001101000101000011010000000000000000011000001000001000100000000101000011000000111000000000000000000000000000
000110101000000000001001000000000000101000000000001000000110000000000000000000000000000000000000110000110000000000000011100000000000000000000010100000000100000000000010000010010000001000100110001010110000100100001000000000000000000000001100000000001000000000000000000000100110000000000000000000000000
000000011010000000000110000000000010000000000000000001000000000000000000000000000000000000000000110000110000000000000000000000000000000000000001000000100100110100011010000001100000000100100000000111001001000101110010000000000000000000110100000000010000000000000000000000010001000000000000000000000000
111100000001000001100001000000001100000000000001110000000000000000000000000000000000000000000000011010010000000000000000000000000000000011000000000000011100110001100000000000000000000000111001000010001110000011101110000000000000000000000000000001000000100011000000000000000000000000000000000000000000
100010001010000000010101000000001100000000000010100000000000000000000000000000000000000111000000000000000000000000000000000000000000000101000000000000000000001000000000000000000000000100000000000000000000000000000000000000000000000000101000001101100001010001001001000010000101000000000010000011100000
000000110100000010011001000000000110000000000011000000000000000000000000000000000000011000100001100011000000000000000000000000000000001101000000000101000000001110000000000000000000000110000001000000000000000000000000000000000000000000110100000000010000100000001101110110100000000000000011000000000000
011010110000000010100110000000000111001100000101000011000000000110000000000000000000000000100001000000000000000000000000000000000000000101000000011000100000000101000000000000000101000001111101000001000000000000000000111000000000000000111000001100100000000000010000000000000000000000000000100000000000
011010100000000000000000000000000110111000000011000000100011001001000000000000000000010010000000000000000000000000000001010000000000000000100000011101101111000010000000001000000100000000000000000010100000000000000001000100000000000000000000000011000000001100000000110001000000000000000000000000000000
000010100000000000000000000000001101100000000100000101101101001111100000000000000000001110011000000010001110000000000001001000000000000010100000000100001101100000000000001110000111000000000000000110100000000011011010000010000000000000000000000000000000001100001101100001000000000000000000100000000000
000111100000000000000000000000110000100000000000000101001110000001000000000000000000000011000000010100010001000000000010001000000000000011100000111111111000000000000000000011000000000000010100000100100000000011000010100010000000000000000000000000000000000000000101000110000000000000000000000000000000
000000110001100000000000000101000000000000000000110000001101000101000000000000000000000001010100110001010001000000000011010000000000000000000000100010100100100000000000000110100000000000010100000100000000000000100000001010000000000000000000000000000000000000000110000000011100000000000000000000000000
000000011000000000000000100011000000000000000000011010000000100011000000000000000000000010010110110111110001000000000100000000000000000000000000010001111101000000000000000111100000000000011100001111100000000000000100000000000000000000000000001100000000000000000000000001111110000000000000000000000000
000000000000110000001100000000000000000000000110110111010000011111110000000110000000000010001110000010001110000000000111000000000001000000000000000000000100000000000000010101000011000000000000000000000000000000000001000000000000000000000000001100000000011000000110000010100000000000000000000000000110
000000000000111000010110000110000000000000000110000000000000000001001000001001000000000100011110000000000000000001111000000000000011110000000000000000000010000000000000001010000101000000000000000000000000000110000011000000000000000000000000000000000000100000001100000011000000000000100000000000000110
000000000000000000000111100000000000000000000100000000000000000010000000011010000000000010110000000000000000000000111000000000000100101100000000000001000000100000000001000110000010000000000011000000000000001000000110100000000000000000000000000000000000110100000000000101000000000000110000000010000000
000000111011000101000000000000000000000000000110000000000000000110000000010100000000000000110111000000000000000000011000000101001001000000000000000000000000000000000001000101000000000000000011000000000000000110000110010000000000000000000000000000000000001000000000000000000000000000000000000011000000
000000111011000101010000000000000000000111000000110000000000001110000010100000000000000000000011000000000000000000000000000110100110000010000000000001000000000000000001010111000000000000000000000000000101000000000110100000000000000000000000000110000000000001110000000001010000000000000101000001100000
000000110000101001001000000000000000001000101111000000000000000111110011000000000000000001110011000000000001100000000100000000000000010100000000000001110011000011100000010000000000100000000000000000000000000000000001000000000000000000000000000110000000000000010000000001110000000000000100100000000000
011000010000101000000000000000000000001000011111000000000000000010111110000000111111011000100000000000000001100000001010000101000000110000000000000000000100000101011000100010000001010000000000000000000101000000000000000000000000000000000000000000000000001100100000000001001000000001100101000000000000
100100000101110000000110000000000000010001100000000000000000000001101010000000001000100100000000000000000000000000010010010000000001100000000000000000000000000100010100110010000001100000000000000000000000000000000000000000000000000000000000000000000000010001000001110011100000000001100011000001110000
001000010011000000000010000000000000010110000000000000000000001000110100000000100110101100000000000010000000000000110001000100000011000000000000000000000000000101000100011100000000010000110000000000000000001100000100001000000011000000000000000100000001000100000001010011100000000010100101000001001111
000000001010000000000100000000000000000100000000000000000110010100000000000001000011010100000000000111000000000000010010100010000010000000000000001100000000000011010100001000000001100001011000000000000000011100000100011000000011000000000000000101000001001000000001100100000000000011001000101100001000
000000001000000000000000000000000000001000000000000000000010000110011100000010100011000100000000000000000000000000001010100001100000000000000000010100000000000000111000000000000010000000010000000000000001001000000010111000011100000000000000000100110001110000000101000010110000000011000000100101111001
000000101000000000000000000000000000100000000000000000000110001110001010000010100010000111011100111000000000000001000100000000010000000000110000001000000000000000000000000000000011111000010000000010000001100000000010100000011100000000110000011110000000000000000101000010101100000001000001000010000110
000001010000000000000000001100000000000000000000000000000110000000000100000001000001000000011100111001000011000001000000001000100000000000110000000000000000000000000000000000000100000000000000000010000001100001110101000000001000000001001100111111110000000000001001000001100010000000100010000000000000
000001100000000000000000000000000000000000000000000000000000000000000000000000000000000000001010100001000011100001000000000100100000000000000000000000000000000000000000000000000110000001000000000010000000000010010010010000000000000010001111000100100000000000001100000001001100000000010000000000000000
111011000000110110000000000000000000000001110000000000000011000000000000000000000000000000000001010100000001100000000000000111000000000000000000000000000000000000000000000000000000000000000000000000000000000000000100001000000000000010001111011000000000000000001110000001011000000000000000000000000000
000000000000110110000000000000000000000001110000000000000011111000000000000000000000000000000000000000000010000000000000000000000000000000000000000000000000000000000000000000000000000001000000000000000000000011000010001000000000000010000000010000000000000000000000000001110000000000000010000000001000
000000000000000000000000000000000000000001101000000000000000011000000000000010100000000000000000000000011110000000000000000000000000000000111000000000000000000000000000000000011100000111000000000000000000000010011101001000000000000001010000000000000000000011000000000000000000000000000100100000010100
000000000000000000000000000000000000000000111000000111000001001000000000000010010000000000000000000000010000000000000000001100000000000000000000000000000001110000000000000000000010000000000000000000000000000000010000110000000000000000000000000000001000000100100000000000000000000000000011100000101000
000000000000001100000000000001000000000000011110000000000000001000001011000000010000000000000000000000000100000000000000001100011100000000000000000000000001001100000000000000010010000000000000000000000000001100000000100000000000000000000000000000010100000000010000000000000000000000000010100000110000
000000000000001100000000000101000000000000000111000000000000000000010000100000110000000000000000000000000010000000000000000000011100000000000000000000000001100010000000000000001100000000000000000000001100000111001111000000000000000001100000000000010100000000010000000000000000000000000001100000000000
000000000000000000000000011000010000000000001111000000000001010000100000110100000000000000111000000000011010000000000000000000000111000000000000000000000000100010000000000000000000000000000000000000001100000110110011000000000000000010011000000000001000000001100000000000000000000000000000000000000000
000000000000000000000000011000011000000000011100100000000000000000001010101110000000000000111011101000010010000000000000000000000011100000000000000010000000010100000000000000000000000000000000000000000000000001100000000000000000000011000000010000001000000000000000000000000000001100000000000000000000
000000011000000011000000010011001110000000000001000000000000000000000001001100000000000001001111100000101000000000000000000000000111000000000000000101000000000000000000000100000000000000000000000000000000000000000000000000000001100011011000010000000010000000000000000000000000001010000000000000000100
000001001000000000100000001011000101000000000001000000000000000000000000111100000000110001110110000000000000110000000000000010000110000000110001101110000000000000000000000110000000110000000000000000000000001100000000000000000010010000100000000000010000000000000000000000000000111000011000000000001010
000001000000000000000000001110000011100000000000000000000000000000000000011000000000110001000010100000010000001100000000000110000100000001110001111110000000000000000000000011100000110000000000000000000000010010000000000000000001110000000000000000001101001000000000000000000000110000001000000111000001
000000000111000011100000000000000001110101000000000001110000000110100000000000000000000011111111100001010010001100000000000101000000000011000000000110000000000000000000000000000000000000000000000000000000010010000000000000000000011100000000000000000111001000000000000000000000001000010000001001101010
010100111110000000110000000000001110000100100000000101100000010110100000000000000000000110100101100000000010001000010000000110000000000111000000011101100000100000000000011110100000000000000000000000000000001100000000000000000000001100000000000000000000000000000000000000000000001000010000011001000000
010100001100000000001100000000000110000101000000000111000000011100100000000000000000001001000000110000100001010000100000010010010000000000000000100111010000000000000000001111000000000000000000000000000000000000000000000000000000000000000000000000000000000000000000000010000000000100000001010010000000
010110000000000000000000000111000000000000000000000010000000010000000000000000000000001001001100110000010000101100011001110101011000000000000000111000110010010000101000000000000000000000000000000000000000000000000000000000000001000000011000000000000000000000001010000011000000000100100010100010000110
000000000000000000000000000000000000000000000000000000000000000000000000110010000000001010001001110000010001101000001000000111000000000000000000111000110100110001101000000000000000010001000000000000000000000000111000000000000010100000000000000000000000000000001010000010000000000010010111010100001000
001000000000000000000111001000010000000110000000000011000000000000000000000110000000000000010111100000000000001000000011101111011000111000000000000000101000000000100000000000000000011111000000000000000000000001101100000000000100010000111000000000000000000000001010000000000000000010010110111000001100
000000000000000000001100101000000000000000110000000011010000011000000100000000000000000000100100000000000010001000010100001111011011000000000000000000111000000000000000000010000000000111000000000000000000000001101010000001110010100011010000000000000000000000000000000000000101100010000010100001001110
000000000000000000010000001000001000000001100000000000010101010110011100000000000000000000010100000000000010000001101100111100010010000011111000000110000000000000000000000101101110011000000000000000000000000000100010000010001001000011000000000000001000000000000000000000000101100000000000001010010000
000000000000000000001101100111001000010001000000000011101111010010011010000000000000000000000000000000000001110010011100001100100011000111000100000110000000000000000000000000010110010000000000000000000000000000100100000010001000000011010000000000001000000000000000000000000000000011010000111100000110
000000100000000000000000000101011100000000000000000010001000000000001100000000000000000000000000000000000000000010100000000111000000111111100010000000000000000000000000000010000110000011000000000000000000001110011100000010001000000000100000000000000100000000000000000000000110100010111000000001000111
000000010000000000000000000111001000000000000000000000000001000000011100010000000000010100000000000000000000000011100000100010000000000000100010000000000000000000000000000001001000000011000000000001000000010001000100000000001000000000000000000001011000000110000000000000000101100000100100000001110001
110110010000000000000000000000110000000100000000000000110001001000011000101000100000100100000000110000000000000000000000111000000111000000001100000000000000000000000000000000010000000000000110011100000000010001000110000000101100000000000000000011011000000001000000000000000011000001001100001111110001
110110000000000000000000000101100000100100000000000000000000010000000001000111011000100010000000110000000000000000000000011000001011001110001110000000000000001000110100000000000000000000000000111000011000010001001001000000001000000000000000001011000000001001000000000000000010000000000000000100110010
110000000000000000000000000010000000110000000000000000000000000000001000000001010000100010000001110000100000000000000000000000001000100011000001000000000000010000110110000000000000000000000110101010000000001110000101000000000000000000000000010001011000001010000000000000000011000000001100000010001100
001011001010000000000000000000110000001000000000000000000000000011010100000001011000011010110110000100100000000000000000000000001101011010010001000000000000000001010100000000000000000000001110000110000000000000000010000000000000000000000000100000011000010000000000000000000011000000001100000001000000
000100100110000000000000000000000000000001000000000000000000000011100000000001011000001000110001000101000000000000000000001100000100000101101011000000000000000000001000000000000000000000010010000000000000000000000000000000000000000000000000000000001000001100000000011000001101000000001100000001010000
000011100000000000000000000010001000000010100000001100000000000000100000100011011000000100100000000010000000000000000000001100000110110000100011000000000000000110000000000000110000000000010010000000000000000000000000000000000000100000000001000000000100000010011110110100001101000000000000000000000000
000011100000000000000000000010001100000001000000000000000000000000011000000001010000000101000000000000000000000000000000000000000001100000010010000000000000001000110000000000000000111000010010000000000001100000000000000000000001110000000000111100000001100011100001100100000110110000000000000000000000
000000000000000000000000000010001110000000000001100000000000000000011000100001100000000010000000000000000000000000000000000000000000010000000100000000000000001111000000000010010001101100001100011000000110100000000000000000000011011000000000100001001000000011100001001110000001001000000000000010000000
000000000000000000000000000001000010000000000010010000000100000000000011000010000000000000000000000000000000000000000000000000000000010000000000000000000000110111000001000011000000000000001100101000000111000000000000000000000001110000000000000000000001001100011010000101100001110000000000000000100011
000000000000000000000000000000100000000001100100100000001001000000000000100101000000000000000000000000000001100000000000110000000000000000000011100000000000000001000001101100000001111000000000010000000000000000000000000000000000100000000100000000000000110000000000000101100000110000000000000001000111
000000000000100000011000000000011100000000010100110000000000100000000111000010000000000001000100000000000001001000000000110000000000000000000011100000000000000111000000000110000000110000001010000000000000000000000000000000000000000000001011000000000000000000000110001000010000000000001100000011000111
000000000001110000011000000000000000000011100100011000010000100000011010000000000000000010110100000000000001101100000001110000000000000000000000000001000000101010000000000010000000000000011100000000000000011000000000000000011000000000011011000000000000000000001110001111010000000000001010000001100100
000000000011001000000000000000000000000001000001001000000001000000010010000000000000000110000000000000000000100100000000010100000000001100110000110110100000110000000000000000000000000000001001000000000000100100000000000000011000000000001001100000000000001000000000000001100001100000000011011000000000
000100000010011000000000000000000000000000000001110000010001000000000010000000000000000000100000000000000000001110000000011100000000010011110000110111000000010000000000000000000000000000000001000000000001100000000000000000000000000000001110000000000000110000000000000000000001100000000011001000000000
001000010000000000000000000000000000000000000000000000000100010000011100000000000000000000001110000000000000000110000000001000000000000011010000111100000000000000000000000000000000000000000010100000000000010000000000000000010000000000000110000000000000011000000000000000000000000000000110001000000000
000000001110000001100000000000000000001000000000001100000111010000110000000000000000000000000110000000000011001110000000000000000000010000000111110000000000000000000000000000000000000000000010010000000000000000000010000000010010000000000000000000000000000000000011100000000000000000000100100000000000
001100001001000001100000000000000000011000001000001100000110010000110000000000000110000000000100000000000001110100000000000000111001010000000000000000000000000000000000000000000000000000000000100000000000000000011110000000001100000000000000000000000000000000000000000000000000001101100001110000111000
000000000011000000000000000000000000110100011010000000001000100000110000000000000101000000000000000000000000111000000000000001001000000000000010000010000000000000000000000000000000000000100110000000000000000000111000000000000000000000011000011000000000000000000000000000000000001101100000000000000000
000000000000011110000000000000000000010100000000000001000100000001010000000000000111000000000000000000000000100000000000000000110100000000000011000100000000000000000000000000110000000001010000000000000000000000100010000000000100000000001100011100000000000000100000000000000000010000000000000010000010
000000000010011000100000000000000000011011001000110000000100000000011000000000000000000000000000100000001110110000000000100000000110000000000000111100000000001100000000000000110011000010000000000000000000000000011110000000001110000000000111001000000000000001010000000000010000001111100000000010000010
000000000001100000100000111000000000011011000000101001000010000000111000000000000000000000000001110000011000001000000000101000000110110000000000000000011100011111000000000000000000000010000000111100000000000000001000000000001010000000000111010000000000000010001000000000100000000000100000000010000010
011100000000000100010000000000000000001001101110011001000000010000011101100001100000000000000011111000100000011100000000110100001111010000000000000000001111010011000000000000000010010001001010000010000000000000000000000000000000000000000001110000000000010010001000000001001000000100011000000000000000
000000000000010000100010000010000000000100011100011010100000101011000111100000110000000000000110001100011010010010000000110010001111110000111000000000000111001010100000000000000000010000000010010110000000000000000000000000000000000000000000110000000000110000001000000001000101100100011000000000111000
000000000011001100100010000010000000000000010000110110001000100011010011000000110000000000000000001100001100001010000010000100000010010001001000000000000010101101000000000000000100001001001011100000000000000000000000000000001101000000001101001000000001101101001000000000100100000100110000000000000000
000000000010000110000010000010000010000010000001010010100100010000100011100001010000000000010000011000000000001000000001010100000000010010000000000000000001001100000000000000001000001010001100000000000000000000000000000000000110011100001101000000000011000000110000000000010000110110100000000000000000
000000000000000000000000000000000011000001010011000100101000011111100001100011100000000000010100000000110000000000000011000000010100000001100001110000000001110100000000000000000100010001101100000000000000000000010000000100001101101000000101111000000001101100100000000000001111010100000000000000000000
000000111000001000000000110000000011110000110001000000010000000000000000000101100000000000010110000000101000000000000000000000100101000000000110000000010000110000000000000000000011100000011010100000000000000001110000001010000000101100001100000000000000111000000000000000000000001101001000000000010000
000000110011000000000000010100000000011000000001000010110000000000000000000110000000000000010111100000001000000000000000000000011000100000001010000000101000000000000000000000000000000000001000100000000000000001100000001010000000100000101100000000000000010000000000000000000000000001110000000001000100
000000010011100000000000010100000000001100000001001101001000000000000000000000000000101000100000010001011000111000000000000000000011100000001101001000011000000000000000000000000000000000000101000000000000000000000000001110000000000000110010000000000000000000000000000000000000000001110001000010000010
000110001001100000000000001100000000010000000010000100011000000000110000000000000000011000011100001001100000110100000000000000000011000000000001101100000000000000001100000000000001000000000101000000000000000100000000000000000000000000010001000000000000000000000000000000000000000000000010100000000000
000100100000010000000000001100000000010000000010011000000000000001001000000000000000010000000000010000000011000100000001000011001000000000000001001000000001101100010010000000000010000000000011000011100000001111000000111110000000000000000110000000000000000000000000000000000001100000000110100001101100
000100110001000000000000011000110011010000000011000000000000000000110000000000000000000000010011001000000011011000000101011000001000000000000000010000000001110000001100000000011000000000000111101000100000111011111011000000000000000000000011100000000000000000000000000000000000100000000001000000010000
000010101010000000000000101000111111010000000000110000000000001100000000000000000000000000101101110000000011011000001100010000101000000000000010010000000000100000000000000000000000000000011010001000100000100000111011110100000000000000000001011000000000000000000000000000000000001011100000000000000000
000001000010000000000000000000000100000000000000011100000000000000000000000000000000000000100100000000000000000000000000000011000000000000000100100000001001110000000000000000010001100100011001100011000010011100100001011000111000000000000010001110000000000000000000000000000001100011001000000000100000
000000001010000000000101101100100111100010000000000000001100010010000000000000000000000000100100000000000000000000011001000000000000000000000011000000010010100000000000000000000000000100001000001110000000001000100100011000000000000000000001101001000000000000000000000000000000011000011000000101010000
000000000000000000000011011000101010100001000001100000001100011100000000000000000000000000001100000000000000000000000101001000000000000000000001000000011001000000000000000000000100000000001100000100000000000100100100011000011000000000000000001001000000000000000000000000000000000111000100001101010000
000000100000000000110110001000000000001001000010011000000111000000000000000000000000000000000110011100000000001001000000000000000000000000000000000000000000000000000000000000000010001000001101010100000000000110110000110000000000000000000000100110000000000000000000000000000000000100000010001100000000
000011100000000001100011100000101100001010000001000110000011000000010000000000000000000000000100100010000000011000000000011000000000000000000000000000000000000000000000000000000001010000000101101000000000000110100000010110000010000000000001111100000000000000000000000000000000000000100011110000100000
000111010000000001000011100000100000000000000000000001000110111100001000000000000000000000000100000010000000001100000001111000000000000000000000000000000000000000000000000000000000000000000001000000000000000010110000010010000111000000000001100100000110000000000000000000000000000000101000111000100000
001110000000000000000110000000010000000000000000001111100111101000001000000000000000000000000100000100000000000100000000000000011000000000000000000000001000000000000000000000000111100000000001000000000000000010100000001010001101100001100000000111000110000000000000000000000000000000100000101000000000
001100010000000000000000000000010000000000000000000101100000100001110000000000000000000000000011000000000000000010101011111000010100000000000000000000111101110000000000011110001110111000000001010000000000000001101011000101010011100010110000000000000000000000000000000000000000000010110001000000001000
000111101100000100000000000000101000000000000000000000100000000010000000000000000000000000000000000000000001100001100010111101000000000001100000000001001001000000000000100111010110011000000000001000000000000010111010000010110011100010010000000000000000000000000000000000000000000111000000000000010110
000011101011000100000010000001001000000000000000001000100000000110000000000000000000000000000000100000000001100000001000000110001010000010010000000010010000110011000000111010001100000000000001000000000000000101110010011100110001100000111000000000000000000000000000000000000100000010010000000000110110
000000011100000100000010000010001000000000000000010001000000001000000000000000000000000000000010100000000000000000001100000001000011000110110000000001010001110011100000100000001000000000000001010001010000000010001110111000100001100000001000000000000000000000000000000000000111000001110000000000100110
000000000000000000000010000000010000000000000000011010110001101000000000000100000000000000000101111100000000000000000010000000000000000001000000000001010000000001000001110000000000000000000011010000001000000000000010000000011100110000000000000000000000000000000000000000000000100000110000000000111000
000000000000000000000000000100100000000000000000000001100011000000000000011010000000111000000101000000000000000000001001000000000000000000000000000000000110010110000011100000000000000000000000001101010000000100000001100000001110100000000000000000000000000000001000000000001000100000000000000000011000
000000000000000000000000000110100000000000111000000110100010000000000000010110000001111000000010000000000000000000000000000000000000000000000000001100000110000110010101000000000000000000000000000000000000001010000000000000000111000111000000000000000000011000011100000000000001000001100000000000000000
000000000000000000100000000110100000000000000000000100000000000000000000010000000011101100000000000000000000000000110110000000110110000000000001010101110010000010100101100000000000000110000000000100000000001010000001000000000000000000000000000000000010000100000010000000100000000001100110001100000000
000000000000000010001000000001100000000000100100000101000000000000000000000000001000011000000000000000000000000000100100000011000000000000000010101011111010010010000000100000000000001010000000000010011100101000000001000000000000010000010000000000001101010100000001000000000100000001001100001100000000
000000000000000100001000011111100000000000011110000010000000000000000000000000001000011000000000000000000000000000100000001100000000000000000000000101011110010110011010100000000000000100000000000100100010000100000001000000000000010000010000000000111000001000000000000000101000000000111000000000000000
000000011000000100000010011011000000000000010010000000000000000000000000000000000000000000000000000000000000000000000000001000000100100000000000010101010010000000001101010000000000001000011000000000100000000100000000000000000000010000010000000000000001000000010010000000010000000000111000000000000000
000000100100000111001010001010000000000000010010000000000000000000000000000000000100000000000000000000000000000000000000001111100100110000000011100000100000000011000001001000000000001011010010000000000000000100000000000000000000000000000000000000000001000000001100000000000000000000000000000000000000
000000101000000000000010000100000011011000010000000000000000000000000000000000000000001100000000000000000000000000000000000001001000110010000000000001000000000001100011011000110000001000000010010000010011110101100000000000000000000111000111000000000000111000000000000000000000000000000000000010000000
000011010001000000000000000000000100000100000000000000000000000000000000000000000110101011000000000000000000000000011100000000110000000010110000000000000000000011100101111000110000000010011010100000001110000101100000000000000000000000000000000000000000000010000000000000001000100000000000000100010000
000100100010100000000000000000000011111000000000000000000000000000000100000000000000000000000000000000000000000000000110000000100011100010100000000111000000000011000100110000110000000000000001001100000000011100000001100000000000000001000100000000110100000001000000000000001011100000000000000000010000
000101000100100000000000000000000000000001100000000000000000000000001110000000001111000000000000000000000000000000100001011001100111010100010100000110000000010010000100000000000000110000000000000100101000001011100110001000000000000001011100000000001001010001000000000000000100100000000000000000000100
000010001011000000000000000000000000000001100000000001000000000001010000000000001010000000000000000000100000000000101100010110000000110100000101011000110000001110000001100000000000110000000010000010000100000000100100001000000000000010011010000000000000000111000000000000000000000000000000000000011100
000000010100000000000000000000000000000000000000001001000000000010111011000000000000001000000000000011000000000000100000010000000100001000001000110010110000000111000001010000000000110000000100000000000100000000000000001000000000000111000011001100010000100110000000000000000000000000110000000000001000
000000100100000000000000000000000000000000000000010101000000000001011000111110000000010100000000000010000000000000110011010000011000000000000101110000010000000011000000110000000000000000000010000000000100000000001100010000000000000010011010000110011100001110000000000000000000000000111000000000000000
000000011000000000011000000000000000000000000000100000100000000000000100011111000000011000000000100001000010000000010001110010000000000000000010001000110000000111000000000000000000000000000000000100001000000000010101000000000000000001011101101110110000001110000000000000000000010000010000000000000000
000000001100000000011000000000000000000000000000010000010000100000000111110000010000000000000000100001001101100000000000100000000000000000000000000100010110000101000000000000000000000000000000000000110000000000010001000000000001110000001000001111110111100100000000000000000000000000000000000000000000
000000001110000000000000000000000000000000000000001100000011011000000000001010101000000000000000000000110001000000000000000100000000000000011000000001110111000011000000000000000000000000000000000010010000000000010101001100000011010000000011111111000010001110000000000000000011110000000000000000000000
000000001001000000000000000000000000000000000100000001010010011000000000010000001000000000000000000000001001000000000000100100000000000000011001100000011110000001111000000000000000000000000101000100011000000000000110001111110011100110000011101100110000001010000000000000001110001000000000000000000000
000000000110000000000000000000000011100000001110000000011000110000000000011011011000000000000000000001100000000000000000100100000000000000000011111100010100000001111110000000000000000000000001000000011000000000000000100100001001001101000000000111110000010000000000000000011100001000000000000000000000
000011000000000000000000011000000100010000011001000000011000000000000000100100000001100000000000000000100000000000000000011000000000000000000010100000001000000001101110000000000000000100000001000011100000000000000000011010001100001100000000000000000110110000000000000000000001001000000000000000000000
000010100000000000000000110000000100001000000111100000110010000000000000010000001101010000100000000000010001000000000000000000000000011000000001000000000000110010100010111000000000001100011110000000000000000000000010011101101000000000000000010111010110000000000000000000000000000000000000000011000000
000010000011000000000000000010000010000000000001000001010001000000000000000100111101100000100001100000000000000000000000000100000000000110000001001100000001001110110100000000000000000000010000000000000000000000000011101100010000001000010000100011011110001000000110000011000000000000000000000111000000
000011000010100000000000000010000000000100000101000110000111000000000000000111000000010000011101010111110000000000000000101010000110000000000000010000000001001101110010000011000000000000100000000000000000000000000001010100000000001000010000000010100001111000000110000011011000000000000000000100000000
000000101100010000100000000010000000100110000110000000100110100000000000000101010010011100000101000110000000001000000001100010001100000000000000000000000000001100000010000011000000000000101001001001000000000000000000010001001100000101100001000101010001101000000000000000000001100000000000000000100000
000000001100010001100000000000000001100100000000001000100001010000000000000100110010011000000100000000000100101000100000100010001100001110000000000000001100000100001100000000000000000001000000001001000000000000000000110001001110000000100000000010010000000000000000000001100001001100000000000100000000
000000010010000001000110100000000000111000000000001101000000111000000000001110000000000100000000000001111000000001010001110000001100110000000000000000001101000100000000000000000000000001100111001100100000000000000000010001000001000000000000000001000000000000000000001101110000111000000000001100001000
000000000100100000000001100000000000010000000000001001000101110000000000000100001001000110000000011000000000000001010001100000000010000000000000000000110000100100000000000000000000000001100111000011110000000000000000000011010001000000000000001000010000000000000000101100110000000000000000000000100100
000110000011000000000000000000011000000000000000000111000101000000000000000010000000000010000000111000000000000000100010001100000000000000000000000001010000011000000000000000000000000011000000000010100000011000000000000001100010000000000000101100000000000000000001000100000000000000000000000000011100
000000000000000000110000000000011000000000000000000000010000000000000000110000000110000010001000000000000000000000000000011100000000000000000000000000000000000000000000000000000000000011100000001101100000110000000000000000000100000000000001001000000000000000000001101100000000000000000000000000010000
000000000000000000110010000000000000000001100000000000001100000000000000110000000100000000001000000000000000000000000101000000000000000000000000000000010010000000000000111100000000000001100000000010000000011111000000000000000000000000000000100000000000001000000001101100000000000000000000000000000000
000000000000000000000000000000000000000110100000000000001100000000000000000000100000000000001000000000000000000000001101000011100000000000000000000001001101000000000101111110000000000000100011000000000000001110000000000000000000000000000000000000000010000110000000011100011000110000000000000000100011
000000000000000000010000000000000000000111000000000000000100000000000000000011000000000000000000000000000000000000001100001000000000000000000000000000011000100000001100000101000000000000000011000000000000000100000000000000000011000000000000000000000001110010000000001110011000110000000000000001100001
000011000000000000001000000000000000001110000000000000000000000000000000000001100000000000000000000000000000000000000000010001100000000000000000000000011001000000011000000011100000000000000000000000000000000000000000000000000010100000000000000000000001100000000000001100001111100000000000000011000001
000101100000011101000100000000000000000000001110000000000100000000000000000000000000000000000000000000100000000000000000001100000000000000110000011010001110000000011000010111010000000000000000000000000000000000000000010100000001100000000000110110000000000000000000001110000101000000000000000000000010
000100000000000001000100000000000000000000000000000000000000000000000000000000000000000000000000000000100000000000000000000000000000100000110000100111100000000000001100010001000100000000000000000000000000100000000000100100000000000000000000010100000000000001110000000100001000100000010000000000100110
000100000000000000101000000000011001000000000001011000000000000000000000000000000000000000000000000000100011100000000000000000000011111000000000011101000000000000000000000000100010000000000000000000000000100000000000100010000000000000001000001000000000000001100000110010000100110001110000000000001110
000100001000000001111000000000001110110000001110100100000000000000111000000000000000000000000000000000000001100000000000000000000111011000000000000000000000000000100000000000110010000000001000000000000000100000111000100100000000000000001000000000000000000001000001110010000110110001100100000000010000
000010000000000001111000000000000111110000000000011000101000000000000000000000000000000000000000000000000011100000000000011100000111011000000000000000000000000000110001011000001110000011111100000000000000000000000000010100000000000110000000000000000000000000101100000010000000101100000100000000001001
000100011000000001111000000001010000100000000000000000101000000000000000000000000000000000000000000000000000000000000000101000000010110000110000000000000000000010100001110000000000000011111010001100000000000010000010000000000000000110000000000000000000000000000001000111000001110101010100001000100001
000000000000000000010000000010010000000000000000000000100100000000000000000000000011100000000000000000000000000000000001000000000001100000110000000000000000000001100000100001010000000011110010001100000000000010000010000000010000000000000000000000000000000000000010000000000000110001010000010100101000
000000000000000000000000000010001100000000000000000000011110000000000100000000000011100000000000000000000000000000000001010000011000000000000000000000100000001100000000000000110000000000001001001100000000000010000010001000101100000000000000000110000000000000000001000010110000000000000000010110001000
000000000000000000000000000001001011001100000000000110000001000000001010000000000000000000000000000000001100000000000000100001010000000000000000000000011000000010000000000001100000110000000001000000110000000000000000011000101100000000011100001110000000110000000011000001100000000000000000001001110000
000000111000000000000000000001001111001100000000000111100000100000000100000001110000000010110000110000010010000000000000000001100000000001000000000001000000000000000000000000000000010000000110000000101000000000111000010010010100000001100000110100000001001000010000000011000000000000000000000001110000
110011111000000000001100000000000000000000000000000000111110000000000000000001001000000110110000110000000010110000000000000000000000000011100000000011100000000000000000000000000000011001100000000000100000000000000000001110000000000000011001111000000000111100100000011000000000000000000000000000000000
000100000100000000001100000000000000000000000000000000010000100001000000000000000000000110100000000000001110001000000000000000000000000111110000000010000000000111111000000000000000111111111000000000000000000000001100001101000111000011001000000000000000000001100111110110000000000000000000000000000000
000100100000000000000000000000000000000000000000000000000111000001000000000000111000000000100000000000000010000000000000000000000000001000001000000000000000000100000100000000000001001111111000000000000000000000001111000101100000000011011000000000000000000101110000111110000101000000000000000000000000
010100110100000000000001110000000000000000000000000001111000000000000000000000011010000000010000000000000001000010001100000000000000011000001100001110011000001100011000000000000000000001010110000000101000000000001000100011000000000000101000000000000000000000110000001111011100110000100000000000000000
110010001100000010000001010000000000000000000000000001111010000000000000000000001100001000000000000000000000110010101010001000000000110000000110000010100000000101010000011000000010100110000011000000000100000000000000100000000000000000011000100000000000000100000111000010101000110001110000000000000000
011010001100000101000001110000000000000000000000000000000100000000000000000000000101100000000000000000000000000000100011100100000000010100010100000000100000000110001000011000000001000111000100100000101100000000000100100000000000000000000000100000000000000010000001000110000100100011011000000000000000
000000000000000101000000000000000000000000000000000000000000000000000000010100000000100001000001110000000000000000101001100100000000001100011000010001010000000000010100110000000000000011000101100100000000000000000011000000000000000000001000100000000000000011110000000011111111000001110000000000000000
000100000000000010000000000001000000000000000000000000100000000000001000010010000000001100000001111000000000000000100000100000000000000000000000001000110000000000100000111000000000000000000110111111000000000000000000000000000000000000000100100000000000000001000110000001000110000000100000000000000000
000100100000000000000000000001000000000110000000000001010000000000010100110010000000000100000010101110000000000010011000011001000000000000000010001001001000000001101100000100000000000000000000111011000000000000000000000000000000000010000011000000000000000001111000000000000000000000000000000000000000
000000100000000000000000000001000000000110000000000001010000000000010100110110000000001010000010010100000000010001000100011001000000000110000000001000110000000000110000010100000000000000000000010011000000000000000000000000000000000010000000000000000000000000100000000000000000000000000000011011000000
001110000000000000000000000000000000000000000000000000100000000000001000001000000000000000000011111000000000010010000000000000000000000110000001100000000000000000000000001000000000000000000000001110000000000000000000000000000000000000000000000000000000000000000000000000000000000000000000001010000000
