300 300
000001100000000001000001100100000000000000000000000000000000000001100000001010000000000000000000000000000000000000000011000000000000111000010000000000000000000000000001000000000000000000000000000000000000000000000000000000000000011000000000000000000000000000000000000000111000000000000000000000000100
000000100000000000100011110100000000000000000000000000000000000001100000000001000100000000000000000000000000000100000100010111000000111000101000000000000000000000000010100000000000001100000000000000000000110000000000101111100000100100000000000000000000000000000000000000100100000000000000000000001010
000001000000011000100011100100000000000000000000000000000000000000000000000010000100000000000000000000000000001110000111101001111000110000010000000000001100000000000100100000000000001100000000000000000000110000010000101000100000011000000000000000000000000000000100000000000010000000000000000000000110
000000000000010001001010000000110000000000000000000000000000000000000000100001000100000000000000000000000000011111000100000000011100110000000001110000010010000000000011000000110000000000000111000000000000000000010000010010010000000000000000011000000100000000001110000000100100000000100000011011000000
000001110000010100011100000001001000000000000000000000000000000000000000100000000000000000000000000001000000000011001110000001000011110000000011100000011011000000000000000010110000000000000101000000000000000000010000000001010000000000000011110000000100000000011101000000111000000011100000000011100000
000000000000001100011000000000001000000000000000000000000000000000000000011111000000000000000000000110110000000011100110100001011010000000000000000000001001000000000000000001000000000000001001000000000000000000000000000000100000000000000011110010000100000000100011000001000001000110000000000001000000
000000000000000000000000000001100000000000000000000000000000000000001100000000000000100000000000011000010000000001100000010000001000000000000000000000001101000000000000000000000000000000011111000000000000001100000000000000000000000000000111010010000000000111000000000000110010100011000000000101000000
000000000000000000000000000000000000000010000000000000000000000000011100000000000001010000000000101101110000000000000000010000110111001110000000000000001101000000000000100000000000000000110100000000000000001100000000000000000000000001100000010010000111000001000111100001001010100000000000000110000000
000000000000000000000000000000000000001001000000000000000000000000011100000000000010010000000000100001000000001000000000010000110011111011000000000110001101100000000000010000000000010000011000000000000000000000000000000000000000000001100000000000001111100001011110110000110000000000000000000000000000
000000000000000000000000000000000000001101000011000000000001000000000000000000000001100000000000100100000000010100000000010010000011000011000000000100000000110000000011000000000000101000000000000000000000000000000011000000000000000001000000000000001100100000100111001000000000000000000000000000001100
000000000000000000000000000000000000001110001000000000000001000000010000000000000000000000000000010000000000110100000000010100110011100000000000000100000110000000000011100000000001001000000000000000000000000000000011000000000000000000000000000000000011000000100001001000000000000000011011001100001100
000000001100000000000000000000000000001001111001011100000001001100011100000000000000000000000000000000000000010000000000000000000001100000000000000110000000000000000001000011000000110000000000000000000000000000000000000000000000000000000000000000000000000000000001000000000000000000000000001100000000
000000001010000000000000000000000000001111011110000100111000001100011100000000110000000000000000000000000000000000000000000000000000000010000000000111000110100000000100000100000000000000000000000000000000000000000000000000000000000000000000000001110000000000011000111000000000000000000010000000000000
000000000100000000000000000000000000011100000000111001001000010100000000000000110000000000000000000000000000000000000000000000000000000010000000000010010000010101000000000111000000000000000000000000000000000000000000000000000000000010000000000010001000000000000110000000111000000000000000000000000000
000000000000001110000000000000000000011010010001001001000100000000000000000000000000000000000000000000000000000000000000000000000000001010000000000001101100010110100000000000000000000000000000000000000000000000000000000000000000000101000000000000000000000000000011000001010100000000000000000000000000
000000000000000000000000000000000000011000100000100001010100100100000110000000000000000000000000000000001100000000000000000000000000000000000000000000100011000111000000000000000011100000001110000000000010000000000000000000000000000101000000000011011000000000000011000000010100000000000000000000000000
000000000000000000000000000000000000001111000000001100000100101100001001000000000000011000000000000000110100000000000000000000000000010100000000000000000000000110000000000000000000000000000000000000000101000000000000000000000000000010000000000000100000000000000000000001000100000000000000000000000000
000011000000000000000000000000000000000100000000000101101000000000000100100000000000101000000000000000110001010000000000000000000000010100000000000000000000000100000000110000011000000000000000000000000110000000000000000000000000000000000000000000000000000000000000001111000000000000000000000000001100
000100110100000000000000000000000000000000000000000011110000000000001110110000000001000000010000000000000111101000000000000000000000000000000100000000000000011000000000001000111000000000000000000000000000000000000000000000000000000000000000000000000000000000000000001101001000000000000000000000010100
001110010100000000000000000000000000000000000000100000000000000001001100100011000011000110001000000000000110001000000000000000000000011000000110000000000000000000100100000100000000110000000000000000000000000000000000000000011100000000000000000000000000000000000000000100000000000000000000010000001000
000110000100000000010100000000000001100000000000100000000000000001000100000010110100000111110000000000000001101000000000000001110000000000001100000000000000011001011100001111001001001000000000000000000000000011100000000101110000000000000000000000000000000000000000000000000000000000000000101000000000
000011011100000000010010000000000010110000000000100000000000000001001000000001101000000011100000000000000000110001101000000000000000000000000000000000000000001100000010100010000001010000000000000000000000000010010000000100010110000000000000000000000110000000000000000000000000000000000000101000000000
000001001000000000010100000000000000110000000000000000000000000000011000000000100000010000000000000000000000000000111100000000000100000000000000000000000000000000000001110000001000100000000000000110001000000100111000000100000111000001000000000000001101000000000000000000000000000000000000010000000000
000001001100000000000000000000000111011000000000000000000000000000011100000000100000100000000000000011000000011000001110000000000100000000000000000000000000010000010100000001101111000000000110110100001000000001001000000001000001000111100000000100001000000000000000000000000000000000000000000000000000
110000101000000000000000000000001010010010000000000000000000000000001100000000010001100000000000000101000000101100001000000000000100000000000000000000000000001000000100000000011001000000000100000011001000011011001000000000000111011110010000100100011000000100000000000000001000000000000000000000011100
110001000000000000000000000001001000010010000000000000000000000000100010110000001011000000000000000110000001101000001110000000000000000000000000000000000000000000111100001100000000100000000000010000000000010001000000000000000001111000101011101000010000001010000000000110010000000000000000000000000000
000010011000000000000000000010101001000000000000000001100000000000101101111100000100000000000000000000001111001000001000000000000000000000000000011000000000000000101011001100000110100000000000100000011000000001000000000000000001110000100001000100100000001010000000000100100000000000000000000000000000
000010111000000000000000000001110110100100111000000110001000000001000011000011000000000000000000000000001110110000100000010000000000000000000000011000000000000000101010100000000000110001100000000000011100001110000000111000000001100000000000000110000000000100000000000011100000000000000000000000000000
000001110100000000000000000000011000011101000000000100001000000010011000110000100000000000000000000000111000000000011000111000000000000000000000000000000000000000111000010000000101110000000000000000001000000000000011000100000001000110000000000000000000000000000000000001000000000000000000000011000000
000000000100000000000000000000011000000000111000001000000000000010001000010000100000000000000000000001010000000000000011000100011000000000000000000000000000000001000100010000001101100011000000000000000000000000000010000010000011101001000000000110000000000000000000000000000000000000000000000100100000
000000001000000000000000000000001001000101111000000000010100000010000000000111000000000000000000100001011000000000000011011000011000000000000000000000000000000001101101000011001001000000011000000000000000000000000011010100000001000000000000000111000000000000010000000000000000000000000000000011000000
000000000000000000000010100000000000011110000000001100100011110000000000000000000000000000000001011100010000000000000000011000000000000000000000000000000000000000100011000011000111000001000010000000000000000000000000100000000000111000000000000000010010100000101000000000100000000000000000000000000000
000100000000000000000000100000000010011010011000000101100000110001100000000000000000000000000001001000000000000000000001100000000000000110000000000000000000000000000000000000100000000000000011000000000000000000000000000000000001101010000000000000001000100000101000000001010000000000000000000000000000
001010000000000000000001000000000000000001011000000101100011100001110000000000000000000000000000010111100000000000000001000000000000001001000000000000000000000000111000000011100000000010000010000000000000000000000000000000000000110011000000000000010001110000010000000001010000000000110000000000000000
010001000000000000000000000110000010011001110000000000111110000001111011100000000000000000000000000000000011100000000000000000000000000110000000000000000000001101000101110100100001111110001000000000000000000000000000000000000000010000000000000111100000001000000000000000100000000000000000000000000000
010001000000000000000000000011000010110111100001100000011000000000111111000000000000000001100000000000000010000000000000000000000000000000000000001000000000001011000101101000100100101001010100000000000000000000000000000000000001010000000011000011110110000000000000000000000000000000000000000000000000
010001000000000000000000000100000000001100000011000000011111000000000110000000000000000001100000110000000011000000000000000000000000000000000000010100000000001100011000111110000100100010000000000000000000000000000000000000000010010000000100000001100010000000000000000000000000000000100000000001110000
001010000000000000000000000000001000111000000001000000111000110000000001000000000000000000000000100100000000100000011000000000000000000000011100100100000000000110000000000000000011000011000000000000000000000000000000000000000001011000000011000000000000000000000000000000000000000001010000000000000110
000100000000000000000000000000010000010000000000000000010000110000000001100000000000000000000000010001100000000001100100000000000000100001000100101000000000000010000000000000000000000110100000000001000000000011000000000000000001100000000011000000000000000000000000000011000000000001100000000000000110
000000000000000000000000000000010001100000000000000000101111001110000010100000000000000000000000010001100000000001100010000000000110101001001000111000000000000000000000000000000000000100000000000001000000001000110100000000000000000000000010000000000000000000000000001100100000000000000000000000000110
000000000000000000000000000000001000000000000000000001010000000010000001000000000000000000000000000111000000000011000000000000000000000001110000000000000000000000001010000010010000000101000001110001000000000000100110011100000000000000000110000000000000001000000000011111100011000000000000000000000000
000000000000000000000000000000010000000000000000000001100000001010000000000000000000000001100000000000000000011000110100000000000000010100000000000000000000000000001100000001100000000001001000110000000000010000110101000000000000001000000110000000000000001000000001101100110101000000000000000000000000
000100000000000000000000000000111000000000000000000000000000001100000000000000000000000001010000000000000000011100111000000000000100000100000000000000000000000000000100000000100000000000100011000000000010001100000001100000000000011100000000000000000000000000111000000011010000000000000000000000000010
001010000000000000000000000001100001000000000000000000000000000000000000000000000000000000010000000000000000001100000000000000000010010000000000000001100000000000000000000000000000000001000011000000000001100000000011000000000000100100000000000011100000000000101000000000001100000000000000000000000010
000000000000000000000000100011001110110000000000000000000000000000000000000000000000000001100000000110000000000100000011000000000001110000000000000001100000000000000000000000000000000010100001000100000001100000000110000000000000111000111000000000000000000000100000000000000000010000000000000000000010
000000000000000000000000100000111000110000000000000000000000010000000000000000000000000001000000000110000000000000000100100001100000000000000001100000000000000000000000000000000000000110100001000100000001010011110000000000000000010000000100000000000000000000001100000000001100100000000000000000000000
000000000010000000000000100000000110100000000000000000000000010000000000000000000001100000000000000000000000000000000010100000110001000000000010011000000000000000000000000000000000000100000000101000000000110001110000000000000000000000100100000001001000000000001100000000001101000000000000000000000000
000000000101000000000000000000100010100000000000000000000000011000000000000000000010010000000000000000000000000000000001000100100110111000000100000100000000000000000000000000100000000100000001000000000010010000000000000000000000000000011000000011100100001100101000000000000110000000000000000000000011
001010000001100000000000000011110000000000000000000000000000000000000000000000000010100000000000000011000000000000000000000111000111010010001001100100000000000000000000000001010000000010000111100000000100100000000000000000000000000000000000000101101000001110001000000000000000000000000000000000000011
000100000010100000000000000011001000000000000001000000001010000000000000000000000001000000000111000010100000000011100000000010000111111111011011011100000000000000000000000001010000000001111110000000000000100000000000000000000000011000000000000110000000000011010000000000000000000000000000000000000000
000000000000011000000000000100101000000000000001000000010000100000000000000000000000000000000000000001000000000000000000000000000100010000110010000000000000000110000000001000100000000000000001100000000111000000000000000000000000011000000000000000000000000011000000000000000000000000110000010000000000
000000000010111000000000000011110000000000000001000000001100010001111000000000000000000000000000000000000000000000000000000001101101010100010110000000000000000110000000010110000000000000000001001000000000000000000000000011000000000000000000000000000000000000000000000011000000000000100000010000000000
000000000010111101000000000001100000000000000000001100000111100011000000000000000000000000000000000000000000000000000000000010010101100000001100000000000000000000000000110101000000000001000110000000000000000000000000000100100000000000000000000000000000000000000000000010011000010100010000010000000000
000000000000000010100000000000000001100000000000001010000001000001000100000000000000000000000000000001111000000000000000000000011100001100000000000011000000000000000000110000000000000011011000001000000000000000000000000011000000000000000000000000000000000000000000000001110000111011011000000000000000
000000000000011010000000000000000001100000000000000101111000000011000100000000000000000000000000000010011100000000000000000001001000011100000000000111100000000000000000110000100000000100101000000000000000000000000000000001100000110000000000000000000000000000000000000000000000000000010000000011000000
000000000000011010001000000000000000000000000000011110011110000011001000000000000001100000000000000000000010000000000000000001100100001000000000001000010000000000000000100001100000000011100110000000000111000000000000000000110000110000000000011100000000000000000000000000000110010000100000000010100000
000000000111000010101000000000000000000000000000010010000010000001110000000000000001100000000000000001000100000000000000000001111110110000000000000000010000000000000001000100000000000011100001111000000100100000000000000001010000000000000000000000000000000000000000000000000110000110100000000000100000
110000011000000010000000000000000000000000000000010000000010000000000000010000110000010000000000000000110000000000000000000011011000000000000000000000100000000000000000011000000000000000000010001110010001000000000000000001000000000000000000000000000000000000000000000000000000000000000000000100100000
110000100000001110000000000000000000000000000001001000000100000000000000001000110001110000000000000000000000000000000001000100011000000000000000000000000000011100000000000000000000000000000011100000000100100000000000000000111100000000000000000000000000000000000000000000000000000000000000000001000000
000001100000011110000000000000000000000000000010100100010000000000000000010001110001110000000000000000000000000000000011100100100000000000000011000110000011011100000000000000000000000000000011100000000111000000000000000000100010000000000000000000000000000000000000000000000000000000000000100000000000
000000100001000010000000000000000000000000000011000000000000000000000000000000110000000000000000000000000000000000000100100011100000000000000011000000000010111011000000000000000000000000000011011000000001000000000000000000101110011100000000000000000000001000000000000000000000000001100011001100000000
000000000010000110000000000000000000000000000000000000000000000000000110000000000000000000000000000000000000000000001001000000000000000000000000000000000000100111000000000000000000100000000000011100000000000000000001100111110000011010000000000000000000001000000011100000000000000100010010000000000000
000000000000000101010000000000110000000000000000000000000000000000000011100100000000000001000000000000000000000000000101000000000000000000000000000000000000010011000010000000000001110000000011111000000000000000000011100110010000100101000000000000000000001000000000010111111100000100000001000000001000
000000000000000100100000000000110000000000000000000000000000000000000001000100000000000001000000000000000000000000000001000000000000011000000000000000000001110000000101000000000001010000000000100000000000000000000010001011000000101000000000001100000000000000000100001111111100000011111101000100100010
000000000000010100011000000000000000000000000000000000000000000000000001001000000000000001000000000000000000000000000000000000000000101000000000000000000000001010000101000000000010100000000000000000000000000000001110000100000000101101000000001100000000000100001100000000000110000000000110000111100010
000000000000001100000000000000000000000000000000000000000000000000000000010000000000000000000000000000000000111000000000000000000001101100000000000000000000100010000010000000000001000000110000000000110000000001000000011100000000000000000000000000000000000101101000000111111100000000000000001000000001
000000000000000000000000010000000101000000000000000000000000000000000000000000000000011100011100000000000011100000000000000000000000100001100000000000000000000010000000000000000001000000000000000000110000000011100000001100000000000000001000000000000000001000001000111111111100000000000000011000010110
000000000000000000000000000001101010100000000000000000000000110000000000000000000000000000000000000000000011100000000000000000000000010001100000000000010000010000000000000000000000000000000000000000000000000011110000101000000000000000010100000000000000001000101001000000001000000000000000001010000010
000000000000000000000000000001001101100000000000000000000000110000111000000000000000000000000000000000000011000000000000000000000000000101000000000000010000100000000000000000000000000000000000010000000000000000000000110000000000000000100010000000000000001011001101000000000000000000000000001000000100
000000000000000000000000010011011000000011000000000000000000000001000000000000000000000000000010000000000011000000000000000000000011000000000000000000010000010000000000000000000000000000000000111100000000000001000000000000000000000001000010000000000000000100001101100000000110000000000000000111110000
000000000000000000000000010000000000000000000000000000001000000001000110000000000000000110000110000100000010100100000000000000000010100000000000000000000100100110000000000000000000000000000000110100000111100010100001000000110000000010001100000000000000000000000101000000000110000000000000000001000000
000000000000000000000000000000000000000100010000000000011000000010000010000000000000000110001101000000000001111100000000000000000000000011101000000000000000000000000001110000000000000000000000100000000011110001000000110000000000100100010000000000000000000000000010000000000000000100000000011111000000
000000000000000000000000000000000000000001110000001100110000000101110000000000000000000000001100100001000000001000000000000000000000000001110000000000000000000000000000011000000000000000000000000000000000001000000000000011000011011101011000011000000000000000000000000000000000000101000000101101000000
000000000000000000000000000000000000010110100000010100110000000101010100000000000000000000000000000000100011100000000000000000000000000000100000000000000000000000001001110000000000110000000000000000000000000111001000000100100100001111110000111100000000000000000000000000000000000111011000000001000000
000000000000000000000000000000000000010100000000000110000100000010000000000000000000000000000000010000010110010000000000000000000000000000000000000000000000000000000000001000000000110000000000000000000000001111001000010100110000010001000000000100000000000000000000000000000001100011011000000010000000
000000000000000000000000000000000000000000000000000010010101000000001000000000000000000000000000110000010110100000000000000000000000000000000000000000000000000000000000101000000000000011000000010110000000011101000000000001111000100000000000001100000000000000000000000000000001000000000000000000000000
000000000000000000000000000000000000000000000100001001001001000000000110000000000000000111000000010010000011000100000000000000000000000000000110000000000000000000001010101000000000000011000000010000100000011000000000000001000000000000000000000000000000000000000000000000000000000000000000000000000000
000000000000110000000000000000000000000000001010001010000111000000010010000000000000001001100000001000111010001010000000000000000000000000000110000000000100000000000000000000000000000000000000100111100000000000000000000010100000000000000000000000000000000000000000000000000000000000000000000111000000
000000000000110000000000000000000000000000010000000000000000000000001100000000000000001001100000000100110100010010000000110000000000000000000000000000000110000000000000000000000000000000000000010001000000000000010000000001000000011100000000000000110000000000000000000000011100000000000000000000000000
000000000000000011000000000000000000000000001011000000000000000000000000000000000000000110000000000000001000101100000000110000000000000000010000000000010011000000000000000000000000000000000000011000001100000000111000000001000000000000000000000000101000000000000010000000000000000000000000010000010000
000000000000000011000000000000000000001100000111110000000000000000000000000000001000000000011000000000000001010000000000000000000000000000111000000000000110000000000000000000000000000000000000000100000000000001111100000000000000000000000000000000100000000000000111000001000001000000000000010000010000
000000000000000000000000000000000000010010000000011010000000000000000000000000011100000000001000111000000010010000000000000000000000000001001000000000011100000000000001100000000000000000000000000001000000000001011100110000000000000000000000000000110000000000001101100001000001000000000000010000010000
000000000000000000000011000000000000001100000000010001000000000000000000000000101010000000111000111000000001100000000000000000000000000001100000000000001000000000000011100000000000000000000000000001111001000011011000110000000000000000000110000010100110000000000111000001000001000000000000000000000000
000010000000000000000100100000000000000000000000001100000000000000000000000000110111000000000000000000000000000000000000000000000000000000000000000000000000000000000011011000000000000000000000000000000001000011010000000000000000000000001001000110100000000000000010000000000000000000000000000111001000
000110000000000000000010100000000000000000000000000000000000000000000000000001101010000000101000011000000000000000000000000000000100000000000000100000000000000000000110111000000000000000000000000001110001000000010110000000000000000000000001000000000000000000000000000000011100000000000000000000001000
000000000000000000000001000000000000000100000000000000000000000000000000000001001100000000001000011000000000000000000000000000001010000000010000110000000000000000000010111000000100000000000000000000100001000110000010000000000001000000010001000000000000000000000000000000000000000000000000000000011000
000000000000000000000000000000000000000100000000000000000000000000000000000000100100000000001110000000000000000000000000000000011011000000010001101100000000000000000000000000000100000000000000000000001010001011101000000000000010100000000001000000000000000000000000100000000000000000000000000000000000
000000110000000000000000000000000000000110000000000000000000000000000000000000010000010100000110000000000000000000010000000000000000000101110010011100000000000000000000000000000100000000000000000000000100010000110111000000000011000000001110000000000000000000000000011000000000000000011000000000000000
000011011000010111011000000000000000000110000000000000000000000000000000000000000000001000000000000000000000000000100000000000000111001000000100100000000000000100000000000000000000000000000000000000000000000001000001000000000000000000000000000000000000000000000100000000000000110000011000000000000110
000001110001111001011000000000000000000110000000000000000000000000000000000000000000000000000000000000000000001100000100000000000011011011001101000000000000000100000000001000000000000001000000000000000000000000000000000100000000000000000000000000000000000000001010000000000101000100001101100010100110
000001100011101100100001100000000000000000000000000000000000001000000000000000000000110000000000000000000000001100000000000000000111110010001110100000000000000000000000001000000000000011100011100000000000000100100000011011000000000000000000001000000000000001010000000000100011010100001111100010100000
000000000001111100000001010000000000000000000000000100000000010100000000000000000000111000000000000000000000000000000000000000001000110000001000111001110000000100000000001000000000000100110000000000000000000000101000010011000000000000000000010100000000000001000000000000011111000100111000100001100000
000111000000010000000001100000000000000000000000000101000000010100000100000000000000100100000000000000000000000000000110000000010010000000000000100010000000000100000000000000000000000110000000000000000000000000000000110001000000000000000000001100000000000001000000000000001111111000100001000000000000
000000000000000000011001000000000000000000000101000000110110001000001010000000000000010110000000000000000000000000000110000000000010000000000000000010110000000100000000000000000000011011000000000000000000000000000000110000000000000000000000001000000000000000000000000000000001010001101110000000000111
010000010000000000000100000000000000000000000010000000101001000000010010000000000000000100000001000000000000000000001000000001100010000000000000000000100000000000000000000000000000111000000000000000000000000010000000001000000000000000000000000000001000001000000000000000000000000000111000000000000000
010000010000000000001010000000000000011000000000000001110101000000001100000000000000000000000011001110110000000000000100000001000100000000000001100000000000000000000000000000000000101000000000000000000000000111000000001001000000000000000000000000010000010100000000000000000000000000000000000000001100
010000010000000010001010000000000000110100000000000001000010000000000000000000000000000000000010010000001000000000011011010001101100000000000111110000000000000000000000110000000000101001000000000000000000000000000000001001000001000000000000000000000000010110000000011000000000000000000000000000011100
000000000000000100111000100000000000110110000000000000000000000000000000000000000000000000000000010000100000000000010011101000111000000000000111101000000000000000000001011000000000100011000000000000000000000000000000000110000010100000000000000000010001110100000011100000000000000000000000000000101110
000111000000000000110111010000000000110000000000000000000000000000000000000000000000000000000011000010100100000000010001111000110000000000001010001100000000000000000001101100000001101010000000000000000000000000000000000110000010100000000000000000001000011100000110100010000011000000000000001001110000
000000000000000100100000001000000000001000000000000000000000000000000000000000000000000000000000110100111000000000001011100000000110000000000000101000000000000000000001101110000000011100000000000000000000000001000000000000000001000000000000000000000110011000000000100000000011000000000000001001000000
000000000000000001000000110000000111000000000000000000000000000000000001010111000000000000000010011000100010001100001011000101000110100000000110011000000000000000000000100100000000001100010000000000000000000011100000110000000000000000000000000000000000000001100001100100100010000000001100000000111100
000000000000000000000001000000000111000000000010000000000000000000000001110011000000000000000000100000010100001100000000100111111000001011001110000000000000000000000000011110110000001100001000000000000000000000100000101000000000000000000000000000000000100001100000110010000000000000001110000000101100
000000000000000001000001010000000000000100000011000000000000000000000000100000000000000000000000000000001000000000000000110100000000000101110000110000000000000000000000000101000001111100011100000111000000000000000000010000000000000000000000000000000000000000010011100000000000000000001000100000000010
000000000100000010010011000000000000010001110001100000000000000000000000001010000000000000000000000000000000000000000000111100000000001100011000000000000000000000000000001000000000101100011000011000000000000000000000000000000000000000000000000000000000001100000010100000000000000000000011100001000000
000000100100000000001010011000100000011010010100000000000010000000000000000001000000000000000000000000000000000000000000000011000001100001001000001000000000000000000000001010100001000110110000011000100000000000000000000000000000000000000000000000000000001100000001100100000000000000001100100010000010
001110100100000001001001000000000000000011110110000000000010000000000000000100000000000000000000000000000000000000000000000011100001110001100001100000000000000000000000000110000000000011100000011000000000000000001110000000000000000000000000000000000000001100001100010000000000000000000000000010000000
011001100000000000111111111000000000000000001000000000000010000000010000010000100000000000000000000000000000000000000000000001100000100011100001010000000000000000000000000001000000000001000000000100110000000000000110000000000000000000000000000000000001010000011100100000000000000100000011011100101000
101101110000000000001100011000001000110000000000000000000000000000010000100100000000000000000000000000000000000000000011000000110000000100001001100000000000000000000000001010000100000000000000000010011000000000001001000001000000000000000000000000000000000000001100001000000000001100000001010001011100
000100110000000000000101001100001100010100000000000000000000000000010000010100000011000000100000000000000000000000000000000000100000000000010001000000000000000000000000001000001100000000001000000001000100000000001110100001000000000000000000000000000000000000000100000000000000001000000000110110001010
000101000110000000000010011000100100000010000000000000000000000010000000000001100010100001010000000000011000000000000000000000000000000000001010000111100110000000000000000000001010000000001000000001000010000000011011000000000000000000000000000000000000000000000011111000000000000000000000001001111011
100101100010011000100001110000111100000000000000000001000000000101000000000001000000100001010000000000000100000000000000000000000000000000000100010100000001000000000000000000000000000011001000111001000010000000001100000100000000000000001100000000000111000001100001100000000000000000000000000100010100
000001100010001101010001010000001000001100000000000011000000000101000000000001000010100000100000000000011000001100000000010000001000000000000000000011000110000000000000000000000000000011000001000011001001000000011000000110000000000000001100000000001000110001110001100000000000000000000000000011000100
000000001100011010001000000001111000000011000000000111010000000000000000000000000011000000000000000000000000010010000000010000011000000000000000111011100000000000000000000000000000000001000000100111000000000000010001101111000000000000000000000000101110110110001100000000000000000111000000000000100000
000000000011110001100000000001000111101100100000000000011100000000000000000000000000000000000000000000000000000000011100000001110000000000000000000000000000000000000000000000000000111111000000000010000000000011000001011001110000000000000000000000100001110000111111000000000000001001100000000000000100
000000000001000000000000111000010000111000000000000000001000000100000000000000000000000000000000000000000000000000000000110001100000000000000000000001100000000000000000000000000001000001000000000000110110000000100001000000101000000000010000000000000000111000001001100000000000000100000000100000001100
000000000001000000000000110000010011101010000000000000011000001100000000000000000000000000000000000000000000000101000000001001000000000001110000000000000000000000000000000000000000000000000000100000010110000011100000111000111000000000101100000000000001000010000100000000000000000011100001010100010000
000001000000000000000000010110100010101000000000000000111000000100110000000000000000000000000000000000000000000010000010010001110000110001110000000000000000000000001110011000000000110001000000100000000011000010100000000011001000000000100110000000011000010000000000100000000000000001000010010100010000
000011110000000000000000001000011011101011000000000000011100001000011100000000000000000000000000000000000100000100000100000001010000110010000100000000000000000000000000011000000000001110000000011101110110000011100000001111010000000000001001000000000100000000001010000000000000000000000010110001100000
000011110000000000000000000010010100010000000000000000111000001011001100000000000000000000000000000000001111000110000100000011001010100101000100000000000000000000000000000000000000000000000000000000000000000000011000011000000000000000000010000000100100000000101001000000000000000000000000010000000000
000000000000000000000000000000000000000000000000000000011000000011000010000000100000000000000001100000010000100101000111000010110011100100000000000000000000000000000000000000000000000010000000001000000000000001010000000000110000000000000000000000000000000000001000000000000000000000000000110100000000
000000011000000000000000000000000000010000001100000000001100000011011111000011000000001000000010100000001100100011000000000010100000000100000000000000000000000000111000000000000000000101000000011100000000000101111000000010000000000001000000000000101000000001010000000000000000101001100001100100000000
000000100010000000000000000000000000111000001100000000000101100000110111011111001000010100000010100000000010000000000000000100010000000000000000000000000000110000000000000000000000000000100000010000000000001011011000000000000000000010100000000000110000000001100000011100000001011010000000110100000000
000011000001001100000000000000000001101000000000000000000100000100000000011110110001000010000000000000000000001000000000000100011000000010010000000000000000101000101000000000000000000101000000001101100000011010001000000000110000000011000000000000000000000000000000100100000010010000000000000000000000
000001111001000010000010000000110001000000000000000000000001000100010100100100010110100100000000000000000001001000000000000011010000000011100000011000000000000000010000000000000000000010000000001101000000010100000000000110000000000000001000000001100000011000000000100011000000000000000000000000000000
000000000000000100000010110000001010000000000000000000011000100010010000001100000110100000000000000000000000001000000000000000100000000000000000000101100001100000000000000000001100000001110000100101100000001100000000010001110000000000111000000111110000110000000000000111000001110000000000000010000000
000000000000000000000100110110001101000100000000000000101000000110000000100000000001000000000000000000001100010000000000000000000000000000000000100000000001100000000000000000001010000010010000001110000001110100000001111000000000000000100000000100011000101000000001110111000000011100000000000101100000
000000000000000000000010010000001000000100000000000001101100000010010011110000000000011000000000001101011000100000000000000000110000000000000000111000000000000000001100000000000011000011001100001011101000000000000011001100011000000000110010101101111110100110000001110110000000001100000111000101100000
000000000000000000000011110010010000000000000010000000010110000000010100110000000000000100000000000010000111000000000000000001010000000100000000100000000000000000000000001100000110000000000110001111111010010000000011000000110110000000000000011011111101100010000000111110000011110000001000100011000000
000000000000000000000001110000100010000011000101000000000010000000000000000000110000100100000001010100010000000000000000000000010000001010000001100000000000000000010001000010000000001000110100010000000001100000000111000000110110000000000010111001010111100110100000010010000001010000001000010000000000
000000010000010000000000000000000101000100010001000000001101100000000000000000000000011000000001101110000000000000000000000000000000000110000001100000000000000000000001000010000000001110001000110000101000011000000000000000000100000000000110000000000101011010100000001100000001100001000100000000000000
000000100100010000000000000000000110000000110010000000001110001000000000000000000000000000011000000100100000000000000000000000000011000000000000101000000000000000101101000010000000000000000000001100000010001000000000000000001000000000000000111010000001110000000000000111100000000010100011000000000000
000000011100000000000000000000000000001000101100000000000011111000000000000000000000000000011001111111000000000000000001110000000000000000000000001100000000000001100000100010011100001000000000000001011010000000000000000000000000000000000100011001000000110000000000000010010000000000010011000000000000
000000011001000010000000000010000000001011000000000000000001000010000000000000000000000001011001101110000000000000000000000000110001000000000000000000000000000000110000000100000010001000100000000010111010000000000000000000000000000000000010000001000000000000000000000000101000000110100000000000000000
000000000111000100000000001001000000000110000011100000000001100000000000001110000000010001000000000000000000000000000100000000111110000000000000000000000000000000010000000001000110000000000000000010101110000000000000000000000000000000000001111101000000000000000000000000101000001000000000000000000000
000000000010000100000010010101000111000000000101110000011000100000000000000000000000010110010000000000000000000100001010000000010100000000000000000011000000000000000001010000100101000001100011100011011000000000000000000000000000000000000000011100010000000010000000000000000000000110000000000110000000
000000000000000000000011010110000001000000001110011000011000010000000000000000000001110001100001100000000000000110001001000000000000000000000000001100110000000000000001000000100010111100000010000000110001100000000000000000000000000000000000000010010000000110000000000000000000000000000000000010000000
000000000000000000000010000010000011000000000000010100000000000000000000000000000000000011000011110000000000001001000110001111101000000000000000001101110000000011000001110000000110111100100001000000000000000000000000000000000010000000000000000110110000001110000000000000000000001100000000000110000000
000000000000000000000000101100000000000000000000001000000000000000000000000000000000000100000000001000000000000110000000000001001000000000000000011001100000000011101100000000000011000001010001110000000000000000000000000000001101100000000000000100000000000110000000000000000000000000000000000000000000
000000000000000000000001100110000000000000000000001100000000000000000000000000000000000011001100100000000010100000000000001001011000000000000000001001000000000011001110000000000000000100010000010000000000100000000011000000001101100000000000000100000000000011010000000000000000000000000000000000000000
000000000000000000000011001110011000000000101011000110000000000000000000000000000000001010000100010010000011000000000000000110010100000000000000000100000000000000100110000000000000000100100000000000000000101100001111011000000110110000000000000000000000000001110000000011000000000000000000000000000000
000000000000000000000011000110000000000000110010100100000001100001000000000000000000000100000011000000000001000000000000000000001000110001100000000000000000000000010100000000000000000011100000000000000001001100110000001000001001000000000000000000000000000000010000101100100000000000000000000000000000
000000000000000000000011000000000011000000000010001101000001100011100000000000000000000000000011101110000000000000000000000000001110010010000010000000000000000000011000000000000000000011000000000000000001000011100000010000011000000000000000010000110000000000111011000000100000000000110000000000000000
000000000000000000000011000001000000000000000001001100000000000100011100000000000000000000000000001000000000000000000000001001100001100110000100000000000000000000000000000000000000000011000000000000000010000000100011010000000100000000001100011101101111010000111011001101000000000000110000000000000000
000000000000000000000000101110100000000000000000101100000000000011111100000000000000000000000000000000000000000000000000010000000010000000100100000000000000000000000000000000000001110110110000000000000011000010101011100011000000000000000000011010100000000101001010101001000000000000000000000001000000
000000000000000000000000001111000000000000000000000000000000000001111000000000000000000000000000000010000000000011100000100011000100010000000000000001100000000000000000000001100010011000100000000000000001000000101011000011000000000000000000000000101000000001110100010010000000000000000000000010100000
000000000000000000000000100110000000000000000000000000000000000000000001100000000000000000000000000010000000000100010000001101111100100011100100000001100000000000000000000000000011000001110000000000110110000001101110000000000000000000000000000000110000000101100100001010000000111000000000000100000000
000000000000000000000000100000000000000000000000000000000000000000111001100000000000000111100000000010000000001000001000000000111000101000110100000000000000000000000000000000000010001000000000000000110100000001100100000000011110000000000000000111110011101101100000001010000000000000000000001101000000
000000000000001110000001000000000000000111000000000000000000000000011001100000000000000110100000000000000000001000101000000000000000010000000000000000000000000000000000000000000001000000000000000000000010000001100000000000010001000000010010000000000001101011000110000000000000000000001010010010100000
000111000000000000000001110000010000000100100011101110000000000000000110000000000000000111010000000000000000010010010000000000000000000000000000000000000000000011000000000000000001010000000000000000000001100000000000000000000000000000010010000000111000101110000000001010000000000000000001001000111000
000111100000000000000000010000011011000100100011011101000000000000000100000000000000001101000000000000000000010100000001000110000000000000000000000000000000000100100000000000000000100000000000000000110000000000000000000000010000000100000010000000000001111100010001001100000011000000010000000000000000
000011111000000000000000000000100001000010000001100000000001110000100100000000000000001101000000000000000000001000000110001110000000001100000000000000000110000011000000000000000000000000001100000000100000000000000000000010010010001011000000001100000000100000100001101000000011000000010000000110000000
000110000110000011000000000000010001000000110000101011000000000000001000000000000000000000010000000000000000000000000110001000000000001100000000000000001100000000000000000000000000000000000000000111011100000000000100000010001100001011000000010010000000000000100000000000000111000000000110001011000000
001011100000000101011000110000010001000000001001001100000000000000000000000000000000000110110000000000000000000000001100111000000000000000000000000000000100000000000000000000000000000000000000000111001100100000001100000010000000000110000000001100000000000000011000000000000100000000001100001001000000
000011010001001100000000010101001001000110000011001000000000000000000000000000000000000110110000000000000000000000000110011000000000000001000001000000000000100010000011100001100000000001110000111110000110100000010010000000000000000000001000000100000000000000011100000000011000000000000000001110000000
000000000010000101101000010110000110000001000000010000000000000000000000000000000000000000000000000000000000000000000000101000000000000001100010100000000001000001000000000010010000000011110000011000000000010000001101000000000000000000011000000000000000000000000100000000000100000000000000000000000010
000000001000000110000101001110000000000000000011100000000000000000000000000000000000000000011100000000011000000000000000010000000000000001110001000000000001000101000000000001100000000110110000011100001100000000000010110000000000000000000000001110000000010000000000000000000000000000000000000000000001
001100000000000011000000001100000000000000000010000000000000000000000000000000000000000000011100000000111101000000000000000000000011000000110000000000000000000110000000000000000000000011000000011100000000000000000010100110000000000000101000001000000001100000000000000000000000000000000000000001000111
000000000000000011100000010000000000000000000001000000000000000000000000000000000000000000100010000000000100000000000000000000000101000000001000000000000011100000000000000000001110000011110000000000001000100000000010000110000000000000010000000000000001110101000000000000000000000000000000000001000000
000000000000000000000000101000100000000000000001000000000000000000000000000000000000000000101100000001000100010000000000000000001100000101110000000000000010000000000000010000001001000001100110000000000111000000000010000000000000000000010000000000000001100100100000000000000000000000000000000001000000
000000000000000010100000110011011000110011000010100000000000000000000000000000000000000000011100010000111100000000000000000000000111000110110000000000000000100000000000111000001110100000000010000000000000000000001101100001000000000000000000000000000000000001000000000000000000000000000000000000000000
000001000000000001000000000001010001110001100011100000000000000101000000000000000000000000000000010000000110001000000000000000000000111011000111000000101100010000000001011100000000110000000011000001000000000000001101100010100000000111000111000000000000000001100000000000000000000000000000000000000000
000001100000000000000000000000100011100001000010000000000000000100100000000000000000000000000000010101000000000000000000000000000001001100000111000010111010010000000011100110000000000000000000000011000000000000000000000100100000000000000000000000000000000000000000000000000000000000000000000000000000
000000000000000000000000000000000010001110000010100000001100001001000000000000000000000000100000000110100001000000000000000000000000111000000000110110011010000000000001000110001110000000000000000010010000000000011011000111000000000000010000000000000000000000000010000000110000000000000000000000000000
000000000000000000000000000000000010011110000011111100011100000110000000000000000000000001010000000110000000110000000000000000000001110000000110110000001110000000000000111110001000000000011100000001000000000011111011000000000000000000010000000000000000000000000010000001010000000000000000000000000000
000011000000100000000000000000000001010000100001010000001010000000000000000001110000000010000000111001000101110001010011000000000100100000000000000011000010000000000000011010001001000000011100000000000000000011000100000000000000000000010000001100000000000000000010000000100000000000000000000000000000
000011100100011000000000000000000000000010000111011100000110000000000000000000010000000110010001110000011100000001100011110000001100010000000010011010100000000000000000000011000111000000000000000000000000000000000000000000000000000000000000001100000000000000000000000000000000000000000000000000110000
000000110001000100000000000000000000000110000010100000000000000000111100000000010000000111011000000000000000000001100100001000001000010000000001110001100000000000000000000101000000000000000000000000000000000000000000000000000000000000000000000000000000000000000001110000000000000000000000000110000000
000000000000000000000000000000000000000100000010000000000000000001111011000011010000000110000001010000000000000000000011000100010011100000000000000000000000000000000000001101100000000000000000000000000000000000000101000000000000000000000000000000000000000000000010010000000000000000000000000010000000
000000000000000000000000000000000000001110101000000000000000000011000000100001001000000100000000010000000000000000000000011000001010100000000000000000000000000000000010000101000000000000000000000000000000000000011001100000000000000000000000000110000000000000000010001100000000000000000000011011000000
000000000000000100000000000000000001011010001000100000000000001101011000010000101000000111000000010000000000000000000011010000100000110000000000000001100000100000010110000000000000000000000011000000000000000000000110001100000000000000000000000101000000000000000000100100000000000001111100011010000000
000000010001110001000100000000000011010000001010100000000000000101110011010000111000001000000100000000000001100000000000110011000011001000000000000010010001110001000010000000000000000000000101000000000000000000000111100000000000000000000000000000010000000000000001000000000000000001110010000011000000
000000010000000010000010000000000010010101100111000000000000000010000001100000000000000111100010100000000001100000000001100011001111000100000000000001100010010000011000000000000000011000000001000000000000000000000110000100000000000000000000001011010011000001100001000000000000001010000001000000011000
000000001101000010000111000000000011001100000010000000000000000010100001100000000000000111000000000010000000000000000001101010110001101100000000000000000110010000000000000000000110100000000000000000000000110000000000111000000000000000000000110000000110000010001001000000000011011111110010010011111110
000000000001000001000010000000000000000000010000000000000000000001100001100000001110000000000000000010000000000000000001011010000011001000000000000000000010000000000000000000001001110010000000000000000001001000000011100000000011000000000001111100110011000000000001001000000010110010010000010011000110
000000010000000000000100000000000000000000101000000000000000000000000000100000001001000000000000000010000000000000000100010100000011011000000000001100000001000000100000000000000100000010000000000000000000110000000000000000000011000000000010100010110000000100001000010001100000110000000110000000001101
000000101000000000000000000000000000000000000000000000000000000000100010100000001000000000000100000000000000000000000110100101100100010000000000010100000000111001110000110000000100000010000000000000000000000000000000000000000000001110000110011000000000001000010010000001011110100000110110001100001110
000001100000000000000000000000000000000011100110000000000000000001010110000000100000100000001010000000000000000000000000000011111101100000110000001000000000011100010000110000000001000100000000000000000000000000000000000011000000001110000010000100000000000110000011100000111111000000000000010000000110
000001010000000000000000000000000000000100000101000000000000000010000011000000001000000000001001000000000000000011100000000001100011000000110000000000000000000111000000000000000000000000000000000111000000110000000000000011000000010101000011011000000000000100000000100000000000000000000000100000000000
011010001000000000000000000000000000001001000011100000111000000010110000000010011111000000000110000000000000000000000000000001101100000000000000000000000000000000000000000000011000000000000000000000000000110010000001000000100000011011100010101000000100000000000000001111000000000000000001001000000000
010000001000110110000000000000000000000100111010000001010000001111000000000100111000000000000000000000000000000000000000000001101100000000000000000000000000000000000000000000010111000000000000000000000000000001000000111111000000000000001111101000001000000000000000010010110000000000000000100000000000
011000000000110110000000000000000000000011100110000011011000001100000000000000010000000000000000001110001010000000000000000000010000000000010000000000000000000000000000000000001111110011000000000000000000000000110000001111000000001010011010110010001000000000000000000010001100000000000000011110000000
000001000000000000000000011100000000000001100100000100110000010100000000000000010100000000000000000000000000000000000000000000000000000000010000000000000000000000000000000000000000011100100000000000000000000000000001011000000000011110011011110001000000000000000000001000000010000000000000001001000000
000000000000000000000000101101000000000000000000000111000000000000000000000000100001100000000000000000000000000000000000000000000000000000010000000000000000000000000000000111000111000111000000000000000000000000000001100000000000010001001010001000100000000000001100001000000010000000001000000011100000
000000000000001100000000000001110000000000000000000000000000000000000000011000010101100000000000001010001110000000000000000000000000000000000000000000000000000011000000000000000101111110000000000000000000000000000000000000000000011111000100000001000000000000100100000000000100000000001100001101100000
000000000000001100000001001101100000000000000000000000000000000000000000011001100000000000000000000000000000000000000000000000000000000000000000000000000000000100100000000000000000100000000000000000001100000000000000000000000000000110000000000110000000000000101000000110110000000000000000010001000000
000000000000000000000001101011100000000000000000110000000000000000000000010111100000000000000000000000000000000000000000000000000000000000000000000000000000000101000000000000100101000000000000000000001100000000011000000000000000000000000000000000000000000000111000000001000000000000000000110110000000
000000000000000000100000001010110000000000000001111000010000000000000000100100100000000000001000000000000000000000000000000000000000110000000000000000000000000010000000000001010110000000000000000000000000000000011000000000000000100100000000000000000000000000000000000000000000000000000010001000000110
000000000000000001110000010010000000000000000010000100111000000000000000011100000000001100111000000000000100000000000000100000000001010000000000000000000000000000000000000001000010000000000000000000000000000000000000000000000000011000111000000000100000000000000000000000000000000000000010010000000101
000000000011100011111000000010000000000000000001101001101100000000000000010000000000001101110000000000001011000000000011100000111000100000000000000000000000000000000000000000110100110000000000000000000000000000000000000000000000000000001000000001110000000000000000000000000000000000000001100000000011
000100000000000101010100011101110000000000000000000010000111000000000000000000000000001010111100000000001000100000000001101100000100000010000000000000000000000000000000000000001000110000000000000000000000011100000000000000000000000000101000000000000000000000000000000000000000000000000000000000000000
011110000000000010001000100000000000000000000000011111000100100000000000000000000000000000010110000000000110100000000000100010110100000101000000101000000000000000000000000000000000000000000000000000000000100010011100000000000000000001010100000000000000000000000000000111000000000000000000000000000000
100001000000000000000000101000000000011000000000110110000100100000000000000000000000000101110000010000000000010000000000010100001110000110000000110000000000000000000000001100000000000000000000000000000000100010100010000000000000000011000000000000000000000000000000000000000000000000000000000000001000
110001100000000000000001101000000000010000000000000100000111010000000000000000000000000010110110010000000000110110000000001000000000000000000000010000000000000000000000001100000000000000000000000000000000100010110110000000000000000000001100000000000000000000000000010000010000000000000000011000011000
001000000000000000000001000000000000010000100000000110000010100000000000000000000000000000010001100000000001101000111000000000000110000000000000000000000000110000000000000000000000000000000000000000000000011100000001000000000000000010101100000000000000000000000000010000010000000000000000011000001000
000101000000000000100000100000000000010000100000010011101010000001100000000110000000001100110111000000000000100000011000000000001000000000000000000000000000110000000000000011100000000000000000000000000000000000000001100000000000000100000000000000000000000000000000010000010000000000000000000000000000
000101000000000000100000000000000000010001100000000001111100000010010000000110000000010010010001000000000000010001101000000000011010000000001000000000001100000000000000000000010000000000000000000000000000000000110010100000000000001100011000000000000000000000000000000000000000000000000100000000000000
000000000000000000000000000000000000001001000000000011101110111010001000000000000000001100001001000000000000111111111000000000001011000000000000000000011000000000000000001000010000000000000000000000000000000000011011010000000000001101110000000011000000000000000000000111000000000000000110000000000111
000100000000000000000000000000011000000111000000000000000110101100010000000000000000000000001010000000000001000000011000000000000100000000100100001010110000000000000000001111100000000011110000000000000000000000111011011000000000000011110000000001000000110000000000000000000000001100000110000000011100
010000100000000000000000000000000000000000000000000011000010011010010000000001100000000000000000000011100001000110111000000000000000000000010000111000100000000000000000000100000000000011101000000000000000000000000001111100000000000000000000000010000100010000000000000000000000001100000000001101010101
001100000000000000000000000100000000000000000000000000000000011000100000000010010000000000000000000010010000000001100000000110000000000000010000101101000000000000100000000000001000000000000000000000000000001110000000010110000000000110000000000110001101100000000000000000000000011000000110001111001000
101000010000000000000000000100000000000000000000000000000000000111000011100001010000000000000000000100000000010001000000001110000000011000000000000111000000000011001000000001111100000000000000000000000000001110000000001100000000000110000000000111100000000000000000000000000011101100001000010000000000
001001100000000000000000000110000000000001010000000110000000000111000011010000100000000000100000000110001000001111000000000110001000110000000000000111000000000110001000000010000101100000000001101000000000000110000000000000000000000000000000000001110110000000000000000000000011111000000110010100110000
110000000000000000000000000110000001110000100000000110000000000000000010011000000000000001010000000010001000000010000000000000010010011000000001000000000000000100000100000010000000000110000110001100000000010100000000000000000000000000000000011001110000000000000000000000000000000000000000010010000000
010000000000000000000000000110000000000000000000000000000000000000100000000000000000000010001000000000011000000000000000000000010010001000000010100000000000000011111100000001110000110000011110100000000000100100000000000000000000000000000000100100111000001100010000000000000000000001000000000111100000
000000000000000000000000000100000000000000000000000000000000000001000000000000000000000001010000000001010000000000000001110000000010000000000001000000000000000001111000000000000000010000011100000010000000001100000000000000000000000000000000100001010000010000010000000001000000000001100000000010011000
000000000000100000000000000000000011100000000000000000000000000001011000000000000000000000100000000000100000000000000000000000001100000000010000000000000000000000000000000000000000011000001000010001000100011000110000000000000001110000000001011110111000001000000000001111110000000000100000000001011000
000000000001110000000000000000001001100000000000000000000000000000111000000111000000000000000000000000000000000000000001001000001100110000001100000000000000000000000000111100000000000000100100101110001010000000000000000000000000000000000000000000000000000110100000000001010000000000000000000000000000
000000000010001000000000000000001000110000000000000000000000000000011000000000000000000000000000000000000000000000000000111000000011100000001100011100000000000000000001110110000000110001000011000000001011000000000000000000000000000100000000000111101000000001010001100001100000000000000000000000000000
000000000011011000000000000110001010010000000000000000000000000000000000000001000000000000010000000000000000000000000000000000000000100000000001100000000000000000000010000110010001000001000000000000000111100000000000000000011000000100000011010101000000000010010011100101100000000000000000100000000000
000000000000000000000000000110010100010000000000000000000111000000000000000110000000000000001100000000000000010000000000000000000001100000010001100001000000000000000110111000101001000010000000000000000001011000000000000000100100000100000101000000001000000010110110001000000000000000000001011000000000
000000000000000000000000000000010100000000000000011000001001000001000000000110110000000000011100000000000001101100000000000000000001010000010000011000100000000000000110100001001001010000000000000000000011010110000000000000010000000000001000010100000000000010001001100000000000000000000001011100010000
000000000000001000011000000000100000000000011100011000001000100001000001100110100000000000000000000000000001101100000000000000000001000000010000000000100000000000000110000000110010101000010000000000000010010100000000000000100001110000000100010000000000000000001000110000000000000000000001110010011000
000000011000010100011000000000101000000000100100000000001101110000100010110001000000000000000000000000000001101000000000000000000000000000000000000000000000000000000000000000000011000100000100000000000111011100000000000000110000000000000100110000000000000000001100010000000000000000000001111100000000
000000011000100100000000000000010000000000100010000000000001110000010110110000000000000001100000000000000000100000000000000000000000000000000000001001000000000000000000000000000001000011000010000000000010001100000000000001110000000000010111110000000000000000011100000000000000000000000000001100000000
000000000000011000000000000000000000000000011100000000000001100000111111100000000000000000100000000000000000000000000000000000000000000000000000011110000000000000000000011000000000000000010010000000000000000111000000000111000000000000001101110000000000000000001000000000000000110000000011000000000000
000000000000000000000000000000000000000000000001100000000000000011111101100000000000000000100001110000000000000000000000000000000000000000000000001100000000000000000000000000000000000000001010000000000000000010100000000000100000000000000000000000000000000001011000000000000001001000000000000000000000
000000000000000000000000000000000000000000001101100000000000000010010111000000000000000000000010001000000000000000000000000000000000000000000000000000000000000000000000000000000000000000000110000000000000000100010000000010010000000000000000000000000000000001110100000001000000111000000100010011100000
000000000000110000000000000000000000000000001101000000000100000011000011000000000000000000000000000000001100000000000000000000000000000000000000000000000000000000000000000000000000000000010010000000000000010100010000000000001000000000000000000000000100000000111010000011000000000000000111110010100000
000000001000101000000000000000000000001100000111000000001000000000000100000001000000000000000000011000000001000000000000000000000000000000000000000000000000001000000000000000000000000000000000000000000000100100010000000000001000000000000000000000000101000000000000000010000000000000000110110001100000
000000001000100110000000000000000000001100000100000000000010000000000000000011000000000000000011000000000000000000010000000000000000000000011000000110000000011100000000000000110000000000010010000000000000010000010000000000100100000000000000111111000110000000000000000000100011000000000000000000000000
000000000000010010000000000000000000001000000100100000001111110000000000000110000000000000000001000000001101100000100100000000000000000000100100000110000000010110000000000000110000000000000000001100000000000001100000000000101000000000000001100000110000000000000001000100100001000110000000000000000111
001000000000001110000000000000000000000000000011000000001111110000000000000110000000000000000000000000000011010011000010000000000000000000011000000000000000000000000000000000000000000000100000011111000000000000000000001110010000000000000000011010000000000000111111000101000000001101000000001110000000
001000000000000000000000110001100000000000000000000000000000000000000000000110110010000000000000010000000010011100000001000000000000000000000000000000000000000000000000000000000000000000011000000011100000000000000000001001000000000000000011000101001000011000100001000110000000000100100000001110010000
001000000000000000000000000010010000000000000000000000000000000000000000000010111001100000000010001000000010011100000001000000000000000000000000000000000000000110000000000000000000000000000000000001100000000000000000001001000000000010000101000000110000000000100010000000000000000010110000000000101000
000000000000000000001101100110111000000000000000000000000000000111000000000001000011000000000010010000000001100100000001000000000000000000000000000000000000000010000000000000000000000000000000000000000000000000000000000111000000000101011101000000000000001000010100000000000000000110110000000000101000
000000000000000000001101100110111010000000000000110000000000000111000000000000000010000000000010100000000000011000100100000000000000000000000000000100000000010010000000000000000000000010000000000000000000000000000000000000000011100101010111000000011000001001111000000000000000000000110000000000101000
000000100000000000001100000101100101000000000000000000000000000000000000000001010000000000000000000000000101100000011100000000000001000000000000000011000001000100000000000000000000000010000000000000000000000000000000000000000111101100001100101110011000010000000000000000000000000011011000000000000000
011100111000000000000000001011000010000000000000000000000000000000000000000001010000000000000000000011000000011000000000000000000101000000000000001111010001001000000000000000000000000010000000000000000000000000000000000000001001101000101101111011011000001001000000000000000000000000011000000001000000
001001100100000000000000001001000000000000000000000000000000000000000000011000100000000111000000000000000011000000000000000011000100000000000000010100101001110000000000000000000000000000000000000000011000010000000000010000011000000000101000111001100000000100000000000000000000000000001000001100010011
001111000110000000000000010110000000000000000000000000000000000000000000011000000000001000000000000010000000000100000000000111000000010000000000011000011000000000000000000000000000000001010000001000100001110000000000110000001110000000101000000000000000000000000000000000000000000000010101001110001010
000100100010000000000001110110000000000000000000000000000011000001000000000001110000001100001000000100001000000011001000001001000000010000000000000000000000000000001100000000000000000001000000110110000000001000000000111000000111110000100100000000000000110000000000000000000000000000010000011101100010
000010000011000000000001110001111000000000000000011100000000000010100000000000001000000001010000001010001000000101000100000000110101000000000011000000000000000000010010000000000000000001000110000000010000000000000000011000000001111101101100000000000000101000000000000000000000000010011100110000010100
000000000011100000000001110100001000000000000000000100000000000010010000000001110000000000010001101100000000001100000100000000111100000000000011000000000000000000001100000000000000000000010000110100011000111000000110000000000000000000010000000000000000011000000000000000000000000010100001001100001000
000000000000000000000000011110000000000000000000000000000001110001100000000101100000000000000000000100000000001100000000000000010110000000000000000000000000000000000000000000000000000000001110001000010011011110101110000000000000000000000000000000000000000000000000000000000000000000000000101000000000
000000001100000000010000001101110000000000000000001010000010010000000000000010000000000000011100110000000000000110001000000000000000000000000000000000000101100000000000000000000000000000000000011100010011001110111000000000000000000000000000000000000000000000000000000000000000000000000000010000000000
000000001100000000010000000000000000001000000000001000000011010000000000000010000000000000011100100000000000000110000110001010000000000000000000000000001111100000000000000000000000000000000001000010011010000100001000000000000011000000000000000000000000000000000000000000000000001110000000000001000000
000000000000000000010000000000000000010000000000000011000000000000000000000000000000000000101101000000000000000001100001001000110000000000000000000000100000001000000000000000000000000000000010000010000000000010010000000000000110110000000000000000000000000000000000000000000000001010000000000010100000
000000000000000000000000000000000000101000000000010011000000000000000000000000000000000000010001000000000000000000111110001000110000000000000000000000000011001000000000000000000000000000000011001000000000000010000000000000000010010000000000100000000000000000000000000000000000000110000010000010100000
000000000000000000000000000000000000101000000000110110010100000000000000000000000000000000010000000000000000000000010100000110000000000000000000000001000000001000000000000000000000000000000000100000000000000000000000000000000010010000000001111110000000000000000000000000000000001010110111000001000000
000000000000000000000000000010100000011000000000000100100100000000000000000000000000000000101100000000000000000000001000000000110000000001110000000000000000000000000000000000000000000000000000000000000000000000000000000000000001100000000001000110000110000000000000000000000000001010101111100000000000
000000001000000000000000000001100000000000000001011000010010000000000000000000000000000000101000000000100000000000011011000000110000000011010000000000110100100000000000000000000000000000000000000000000000000000000111000000000000000000000000010001000110000000000000000000000000001100101000110000001100
000000010100000000000000000001000000000000000000000000001110000000000000000000000000000000010000000001000000000000001000110001100000000110010000000000000001000000000000000000000000000000000000000000000000000000000111000000000000000000000000001110000000000000000000000000000000000110110011011000010010
000000000000000000000000000000000000000000000010010000000000000000000000000100000000000000000000011110000000000000000110110001100000000111100000000100110110000000000000001000000000000000000000000000000000000000000100110000111111110000000000001110000000000000000000000000000000000111000011010100100001
000000011100001110000000000000110000000000000010001010000000000000000000001110000000000000001111110100000000000000000110110000000000000001010000000100110100000000000001011010000000000000000000000000000000000000000000000000000110010000011000000000000000010000000000000000000000000000000101100000010010
000000000000000000000111000001100000000000000001010110000000000000000000010011101100000000001010001000000000000000000001000000000001000000110000000000011000000000000001100001000000000000000000000000000111100000000001010001001000100000011000000000000000101000000000000000000110000000000100010100011100
000000000000000000000000000000100000000000000001001100000000000000000000011000001011000000000110000000000000000000000000000000001101000001100000000000000000000000000000010001000000000000000000000000011011110000000000100001100001100000000000000000000000000000000000000000110000000000101000010100000000
000000000000000000000000000011010000000000011000000100100000000000000000000001000011000000000000000000000000000000000000000000001110000001110001000001000000000010000000010001000000000000000000000000000000001000000000000000110011000000000000000000000110000000000000000000000000000001111000111000000000
000000000000000000000000000110100000000000100100111000000000000000000000000010000000000000001110000000000000000000000000000000000000000000011101010010100000001101100000001110001110000000000000000000100010110000011110000000010110000000000000000000010010000000000000000001000000000001001000111000100000
000000000000000000000000001010000000000000011000011000000000000000000000000010000101000000000101000000000000000000000000000000000000111000001111010001100000001001100000000000000000000000000000000000100010110000010000100000001110000000100000000000100000000000000000000111000000000000011010000000100100
000000000000000000000000000000000100000000000000000000000000000000000000000011000101100000000011000000000000000000000000000000000000000000000100010001000000000001010000000000000000000000000000001100011111000000011000100000000000000001110000000001010001000000000000000100000000000000001110000000100100
000000010000000000100000000000010000000000000001000000000000000000000000000000111101000000000001000000000000000000000000000000000000110100000000001010000000001000110000000000000000000000000000010000000000000100000100010000000000000010011000000011001000000000000000000000000000000011100000000000011000
000000111000000001010000000000010000000000011000010000000000000000000000000000001110000000000000000000000000000000001000000110000001100000010000000100000000001011010000000110000000000000000000010010000000001111000011010000000000000111001100000011011001000000000000000000000011000001010000000000000000
000001000100000000000000000000000000000000100100010000000000000000000000000000000000000000000000000000000000000000000100000000000001000101011000000000000000000110000000000110000000000000101110001110011000011001000011100000000000000100111100000011011000000000001010000000000110000000011000000000010000
000011011000000000000000001100000000000000100111000000000000000000000000000000000000000000000000000000000000000000000010001100000000100101001100000000000000000000000000000000000000000000000111000111011000111111000000000000000000000111010000000011110010000110010000000000000000001100110000000000110000
000000100000000000000000010010000000000000011100000000000000000000110000000000000000000000000000000000000000000000000001111000000011011010000110000000000000000000000000100000000000000100100100100011000000000000000000000000000000001000000000000011011100000001100000000000000000010010000000000000111000
000000000000000000000000001101100000000000000000000000000000000000101100010000000000101000000000000000000000000000000000111100000011000110110110001100000000000011010000011000000000000010110111000001100000001110001001100000000000010001010000000110000010000000000010000000000000001110000000000000011000
000000011000000000000000001101100000000000000000000000000000010010101100110000000001000100000000000000000000000000000000000010000000000000001110001000000000000001110000110000000001100010100111000001101100000101010000010000000000001000010000001100111011000000000000000000000000000000000000000110001100
000000000100000000000000000010000000000000000000000000000000111011101100000000000000101000000000000000000000000000000000000001000011000010000110000000011000000000100000000000000001110000001100000000010000001000010001100000000000000111000000001101111100000011110000000000000000000000000000000110001100
000000100000000000000000000000000000000000000000000000000001101000110000000000000100010000000000000000000000000000000000000011100011000110000111100000000000000000000000000000000000000000001000000000000000001000101100000000000000000000000000000101100000101101000000000000000000000000111000000110001100
000000100000000000000000000000000000000000000000011000000000101011000000000000011000000000000000000000000001100000000000001000100000000000000001100010011110000000000000000000000000000000010000000000000000000000101110111000000000000000000000000010000000000000000000000000000000000001000010000000011000
000000000010000000011000000000000000000000100000011000000001010100000000000000011000000000000000000111000000000000000000111001010000000000011101000100000001000000000000000000000000000000000000000000000000000101000000000100000000000000000000000000000001001000000000000000000000000000011110000000111000
000000100000000000011000000000000000000001010000000000000000001000000000000000100000000000000000000000000100000000000000011000010000000100001110000010011101000000000000000000000000000000000000000000000000000000001101000100000000000000000000000000101010001000000000000000000000000100100100000000110000
000000000000000000000000000000000000000000000000000000000001100000000000000000100001000000000000000100000100100000000000000111001000001110000000000100001110000000000000000000000000000000000000000000000000000000010000011100000001000000000000000010000100010000000000000000000000001000000000000000011000
000011000001000000000000000000000000000000000000000000000000000000000000000000000011100000000000000001100000000000000000000111101000010011000000001110000000000000000000000000000000000000000000000000000000000000100000100000000001100000000000001110010000100000000000000011110000001001100000000000000000
000100101010000000000000001000000000000000000010000000011000001100000000000001001001001000000000000001101101000000000000000000010000011000001011001100000000000000000000000000000000000000000110000000000000000000010001000000010010010000000000000001001011000000000000000011001000000001011000000000000000
000110000000000000000111001010000000000000000101100000100100010100000000000001110000000100000010000001010101000000000000000000000000110000001101100000000000000000000011100000000000000000101110000000000000000000001101000000100001011000000000000001000111000000000000000001000100010000001000000000000000
000010000000000000000100001001000000000000001000100000100100011000000000000000000000010100000101000001000010000000000000000000000000001000000000000000000000000000000000000000000000000001011000000000000000000000000111000001001001010000000000000011100011011101000000000000100000110101110000000000000000
000000001100000000000111000001100000000010000000010000011000011000000000000000000000001000000100100001001100000000000000000000000000111000000101000000000000000000000000000000000000000010001000000000000000000000000110110001000000100000011000000010010110001101110000000000000001010011000000000000000000
000000001100010000000000000000100000000101000000100000000000000000000001101000000100000011100000001110011000000000000000000011000000000110000110111000000011110000000000000011000000000010011000100110000000000000000011001000001100000000100100000001110010100010011000110000010001100000000000000000000000
000000000000001101100000000011100110000101000000000000000000000000000001100011101000000100100000001110000000000000011000000011000000010001000010001000000100000000000000000011000000000011010000001011000000000000000000000100011100000001100000000001011000110101010000001001011101100110000000000000000000
000000000001101010010000000000000110000010001100000000000000000000000000000000101000001000111000010001000000000000111101000110000000001000100010001000001100001000000000000000000000000011011000110000000011000000000000011100000000001100100000000000011000110111100001000100111111011100000000000000000000
000000000011000111100000000000000000000000010100000000000000000000000000111100100000000100111101000011000000000001000000000000000000000100000001010000000011000100000000000000000000000001001110100000000000000000000000000011000000100010000000000000001000100001000001000100000010001000000000000000000000
000000000010000000000000000000000000000001010101010000000000011000000000000001000000000010101100000011000000000000100001001010001110000011100000100000000111100100000000000000000000000001110100010000000111000000000000100011000000101010010001010100010000000000000000000100101100000000000000000000000000
000000000001110000000000000000011000000111000010100000000000011000000000000000000000000001100110000000000000000000100010001010001010000000000000000000000100100010000000000000000000000000000100111100001100001000000000100010001000100010111011111100000000000000000000100100111000000000000000000000000000
000000000000000000000000000000011000001000100000000000000000000000000000000000000001100001001100000000000000000000000000000100001110000000000000000000000000011001000000000000000000000000000100111100101000000000000000111000010100101001100001000010000000000000000000010100010000000000000000000000000000
000000000000000000000000000000000000001010111110000000001000000000000000000000000001100001111000000000000000100000010001000000000000000000000000000000010000001111000000000000000000000000001000000000000000110000000000000000010110110000001100001110000000000111100000001000000000000000000000001000000000
000000000000000010100000000000000000000110111110000000001000000000000000000000000000000001110000000000000001110000001011000000000000000000000000000000010100100010000000000000000000000000000001000000000001110000000000000000011101000000000011111100000000010011010000000000110000000000000000011100000000
000010000000000101101000000000000000000000011100000000001000000000000000000000000000000000000000000000000010111000000100000000000000000000000000000000100001100000000000111000000000000000000010000110000001110000000000000000000001110000000111000000000000010000011000000000111000000000000100010010000000
000101000000000000110010000000000000000000000000000000000000000000000000000000000000000000000000000000000111000100000000000000000000000000000000000000111010000000000000100000000000000000111000000110000110110000000000000000000001001000001000000011110000010111010000000000001000000000010011110111000000
000110000000000000001000000000000000000000000000000000000000000000000000000000000000000000000000000000000100111110000000000000000000000000110000011100011000000100000000110100000111000000000000001010110011100000000000000000000001011000001110001001101100000011000000000000110000000111100000011110000000
000000000000000000101110001100000000000000000000000000000000000000000000010000000000000000000000000001110011111101000000000000000000000000110000111110000000001100001100001100000100000000100000001001100000010000000000000000000000110000010000001000000100000000000000000000001000000111100000011000000000
000000000000000000100011001110000000000000000000000000000000000000010000010100000110000000000000000000000000011101100000000000000000000000000001100110000000001000001100000111000101000011110000000111000011011000010011100000000000000000001100001011100100000000011000000001011000000000110000100000000000
000000000000000001010011010100010100000000000000000010000000000000010000011000001111000000000000000000000000001101110000000000000000000000000011000000000000000000011100000001110000000100111000000010000010010000010000000000000000000000001100000010011000000001111111000001000000000000000000000000000000
000000000000000000100001111100100010000000000000000011000000000000010000000000000000000000000000000000000000001010100000000000100000000000000001111000000000000000011100000000111000000000001100000000000001110000010000000000000000000110000000000000000000000010000011000000000000000000001110000000000000
000000000000000000001000100101100010000000000000000011000100000000000000000000100101110000000000000000000000001011000000000010001100000000111000111000000000000110011100000001000000000111111000000000000000100000000000011000000000000110000000000000000000000010011000000000000000000000000000011000000000
000000000000000000001010100110110000000000000000000000101110000000000000000000000100000000000000000000000000000110001000000000100000000001001000010000000000000000010100000101101000000001110011100000000000000111000000100100100000000000001011001100000000000001111100100000000000000000000000011000000000
000000000000000000000111000011000110000000000000000001110101000000000100000000111000000000100000000000011000000000010100000111000010000000000100000000000000000000001000000000001100000000000010100000000000000000000000010111100000000000000101001100000000000000100000010000000000000000000000000000000000
000000000000000000000010000000000000000000000000011111011001100000001010000000000000000001110000000000100100000000010100000100000010000000100111000001100000000000000000000001101010100000000010010000000000000000000000001011100000000000001000000000000000000000000010100000000000000000000000000000011000
000000000000000000000000000000001110010000000000001110111001100000000100000000010000000010101000110000101000000000101000000010001110000111000110000000010000001100000000000001001000010000000001010000000000000000000000000000000000000000011011000000000000000101000001000000000000000000000000000000011000
000000001110000000000000000000110110100100000000001000001000100000000000000001110000000111011100110000010000000000000000001100000110000110000110101100000000001000000010000000110000000000000001110000000000000000000000000000000000000000110010010000000000000101000000000001101000000000000000000000000000
000000000000000000000000000000110110011000000000000000000101001000000000000010010000000000011000000000000000000000001110001110000011000001010001000100000000010000000101000000000001100000000000110000000000000000000010000000000000000011001100010000000000000010000000000110001110000001110000000000000000
000000000010000000000000000000011000000000000000000000000001100100000000000100000000000010110000000000000000000000000110000110000101001010110010000010000000010100000101000000000001100000000000110000000000000000000101000000000000000001100100000000000000000000000011110000100001000101001000000000000000
000000000010000000000000000100000000000000000000000000000000001000000000000010010000000111100000000000000000000000000000001100000010100010000001000010000000100000000110000000000000000000000011001000000000000000001101100000000000000000110000000000000000000000000000010000001000011011110000000000000000
000000001111100010000000000100000000000000000000000000000000001000000000000001110000110000100000000000000000000000100000011100000011100001000000110000110000010100000000000000000000100000001100010000000000000000000011100000000000000000010100000000000000000000000100110011001001111100100100000000000000
000000011101100101000000000100000000000000000000000000000001010000000000000000000001110000100000111000000000000001110000011000000001100000100100010011101000000000000000000000000010100000011111100000000000000000000010100000000000000000001100000000000000000000110100001000000001111101011100000000000000
000000001111100101000000000000000000000000000000000011100000100000000000000000000011000011100000111100000000000010010000000000000001000000110110000100001000000000000000000000000110110000110010100000000000000000000001000000000000000000001100000000000000000001001000101101100010111000100100000000000000
000000000010000010000001110000000000000000000000001100100000000000000110000000000110000010100001100110000000000011000000000000000011000000001111100001010000000000000000000000000110110000111000101000000000000000000000000000000000000000000000000000000000000000110111000100000001111101110000000000000000
000000000000000000000000000011100000000110000000000111010000000000001001000000000011000111000000110100000000000000000000000000000001000000000011110010000000000000000000000000000001000000011010100000011000000000000000000000000000000000001011000000000000000000000011011011000001110001001000000000000000
000110000000000000000000000000000000000110000000000000000000000000001001000000000001110111000000111000000000000000000000000000000000000000000001001110100000000000000000000000000000000000011011100000100100000000000000000000000000000000001110000000000000000000000000110000100110000001110000011011000000
000110000000000000000000000000000000000000000000000000000000000000000111000000000000110000000000010000000000000000000000000000000000000000000000010101010000000000000000000000000000000000001011000000011000000000000000000000000000000000000100000000000000000000000000000000011000000000000000011011000000
