300 300
000001100000000000000010011000000000000000000000000000000000000001100000000000000000000000000000000000000000000000000010000010000000101000010000000000000000000000000001000000000000000000000000000000000000000000000000000111000000011000000000000000000000000000000000000000111000000000000000000000000100
000000100000000001100000010110000000000000000000000000000000000001100000000111000000000000000000000000000000001110000100011111010001000000101000000000000000000000000010100000000000001100000000000000000000110000000000001111100000100100000000000000000000000000000000000000101100000000000000000000001010
000000000000011001110000011000000000000000000000000000000000000000000000000011001110000000000000000000000000010001001101111101000101000000010000100000001100000000000100100000000000001100000010000000000000110000000000101000110000011000000000000000000000000000001110000000000110000000000000000000000110
000001000000110000101010000000110000000000000000000000000000000000000000000000000000000000000000000000000000010000000000000001000110001000000010010000010011000000000011000001110000000000000101000000000000000000111000010001010000000000000001011000000000000000010000000000101100000000100000000110100000
000000100000010110100000000000101000000000000000000000000000000000000000101101000000000000000000000011100000001000001001000000000010010000000010010000011011000000000000000000010000000000001101100000000000000000000000000001010000000000000010000000001110000000010001000001111000000110100000000100100000
000000100000001100010100000001110000000000000000000000000000000000000000011110000000000000000000001111110000000000011011000000111010100000000001000000000001100000000000000001100000000000010001100000000000000000000000000000100000000000000000001000000000000011111111000001001001000100100000000000000000
000000000000000000000000000000000000000000000000000000000000000000010100001110000000100000000000010000001000000010100000110000000001000100000000000000010001100000000000000000000000000000100001000000000000001100000000000000000000000000000100011111000100000011100100100001110110100111000000000101000000
000000000000000000000000000000000000000000000000000000000000000000000010000000000001010000000000101111010000000000000000111000100100001011000000000000010001000000000000000000000000000000100000000000000000001100000000000000000000000001100010100000001000100001000000110001001100000000000000000110000000
000000000000000000000000000000000000001001000000000000000000000000010100000000000010010000000001101101000000001000000000111001111000011000000000000110001101010000000001100000000000010000111000000000000000000000000000000000000000000010000000000000000000100001010000010000110000000000000000000000000000
000000000000000000000000000000000000010001000000000000000000000000010000000000000001100000000000110000000000110100000000110001000100000111000000001100001000110000000010000000000000101000000000000000000000000000000011000000000000000001100000000000001000100001100000001000000000000000000000000000001100
000000000000000000000000000000000000010000001111101000000011100000010000000000000000000000000000000000000000110000000000001000000000000000000000001100000000000000000000100000000001001000000000000000000000000000000011000000000000000000000000000000000111000000000001100000000000000000000000001100001100
000000001100000000000000000000000000010000000010001100010000001100100100000000000000000000000000000000000000111000000000000000000010100000000000001001000001000000000001100010000000110000000000000000000000000000000000000000000000000000000000000000100000000000010001001000000000000000000111001100000000
000000001010000000000000000000000000000001000111000110111000010010010100000000110000000000000000000000000000000000000000000000000000000000000000000001000000000000000000000100000000000000000000000000000000000000000000000000000000000000000000000001110000000000001111110000010000000000000000000000000000
000000000100000100000000000000000000000001110111111111001100000100001000000000110000000000000000000000000000000000000000000000000000000011000000000100010010110101000000000110000000000000000000000000000000000000000000000000000000000010000000000001110000000000001110110000111000000000000000000000000000
000000000000000100000000000000000000100000000001001011000100001000000000000000000000000000000000000000000000000000000000000000000000000100000000000001101110100000100000000010000001000000000100000000000000000000000000000000000000000101000000000011011000000000000000000000000100000000000000000000000000
000000000000000100000000000000000000000000100000011110100110011100000110000000000000000000000000000000011100000000000000000000000000001100000000000001110110000000000000000000000001000000000100000000000010000000000000000000000000000101000000000001110000000000000011000000000110000000000000000000000000
000000000000000000000000000000000000010011000000001101010100011100001001000000000000011000000000000000100110000000000000000000000000000000000000000000000000001001000000000000000001000000000100000000000101000000000000000000000000000010000000000001110000000000000000000101101000000000000000000000000000
000011100000000000000000000000000000001100000000001100001000000000000000110000000000101000000000000000110101010000000000000000000000000000000000000000000000000110000000010000101000000000000000000000000110000000000000000000000000000000000000000000000000000000000000001001100000000000000000000000001100
001000110000000000000000000000000000000000000000000010010000000000000010110000000011100100000000000000001100101000000000000000000000010000000110000000000000001000000000011000101000000000000000000000000000000000000000000000001000000000000000000000000000000000000000000001000000000000000000000000010100
001001110110000000000000000000000000000000000000000001100000000000000001110011100011000100001000000000000100001100000000000000100000000000000010000000000000000000110100000001101000110000000000000000000000000001000000000000011000000000000000000000000000000000000000001110000000000000000000010000001000
001000110110000000001000000000000001110000000001110000000000000011100100000010011110000000010000000000000011101000000000000000100000000000001110000000000000011100111110001001000001001000000000000000000000000011100000000010000010000000000000000000000000000000000000000000000000000000000000101000000000
000101110100000000110110000000000000000000000000000000000000000000111100000000001000000100010000000000000001110001101100000000100000000000000000000000000000011100001110101011000001010000000000000000000000000110001000001100010101000000000000000000001110000000000000000000000000000000000000101000000000
000001000000000000001000000000000100000000000000000000000000000000100000000000100000000001000000000000000000101001100010000000000000000000000000000000000000001000000011110001011000100000000000001110000000000011101000000010001101000001100000000000001000000000000000000000000000000000000000010000000000
000001101100000000000000000000000111001000000000000000000000000000000000000000110001110000000000000011000000011100000010000000001110000000000000000000000000000000001010100000100011100000000110001101011100001101001100000000000000000000100000000000000000000000000000000000000000000000000000000000001000
110001111100000000000000000000001011010100000000000000000000000000000010000000010010100000000000000101000001100100010000000000000000000000000000000000000000000000100110000000111001100000000110111010000000011011100000000000000000000000010000111100011000000100000000000000000000000000000000000000001000
110001101000000000000000000001001000100000000000000000000000000000000010000000001111100000000000000110000100101000011000000000000000000000000000000000000000000000100000001100001110100000000000000000011000011001100000000000000000000001100010111100111000001010000000000110010000000000000000000000001000
000010001000000000000000000010001011100000010000000011000000000001110100001110000110000000000000000000001000001000011000000000000000000000000000011000000000000001100011011100000000100000000000000000010100001101000000010000000010001000010011101110000000001010000000000100110000000000000000000000000000
000010000100000000000000000001000111110110110000000111010000000001100010000111000000000000000000000000000000110000001000111000000000000000000000011000000000000001101010111000000100000000000000000000000100000110000001111000000010010000000000000110000000000100000000000010100000000000000000000000000000
000001000100000000000000000000000000011111000000001110000000000011011101110000100000000000000000000000100000000000010001111000000000000000000000000000000000000001101000110000001100000010100000000000011100000100000011111100000000010110000000000000000000000000000000000011100000000000000000000011000000
000000110100000000000000000000000100000100001000000000001000000111011000111010100000000000000000000001000000000000000110000100011000000000000000000000000000000001000110100000001100010000000000000000000000000000000100101110000010100110000000000101000000000000000000000000000000000000000000000100100000
000000000000000000000000000000011000000101001000001100000011100000000000000011000000000000000000111010011000000000000011010100011000000000000000000000000000000001111101100011001000000011100000000000000000000000000011100000000010001000000000000101000000000000010000000000000000000000000000000011000000
000000000000000000000001000000000000110000000000001111110011010001000000000010000000000000000001011100111000000000000010001000000000000000000000000000000000000001110111000010100111000000000111000000000000000000000001100000000000001100000000000010000001000000101000000000100000000000000000000000000000
000100000000000000000000100000000000010011111000000100010000000001010000000000000000000000000000000001100000000000000001110000000000000110000000000000000000000000100000000000100010000000000111000000000000000000000000000000000001001011000000000000011000000000101000000001010000000000000000000000000000
001110000000000000000000000000000000000111000000000000001010110010001001000000000000000000000000001111000001000000000001100000000000001001000000000000000000000000111000100010110000111010000111000000000000000000000000000000000001001111000000000011110001110000010000000001010000000000000000000000000000
011011000000000000000000000111000001111100001000000001000010000000000000100000000000000000000000000011000011000000000000000000000000000110000000000000000000001101010101011110110001101011001100000000000000000000000000000000000000011000000000000100001011110000000000000000100000000000000000000000000000
111011100000000000000000000001000001100000010011100000000001000001000000100000000000000001100000000000000100100000000000000000000000000000000000001000000000010001100100000011000010001001001000000000000000000000000000000000000000011000000010000100010110000000000000000000000000000000000000000000100000
011011000000000000000000000010000001000001000010000000000011100000010000000000000000000001100000110000000011000000000000000000000000000000001000010100000000001001001001101100000100110110100000000000000000000000000000000000000011010000000100000010010110000000000000000000000000000000100000000000100000
001110000000000000000000000000000000100100000011000000100010010000000001100000000000000000000000101000000001000000111000000000000000000000001100100100000000001010000000011100000011000000000000000000000000000000000000000000000011011000000101000000000000000000000000000000000000000001010000000000101110
000100000000000000000000000000011001001000000000000000000010000100000010100000000000000000000000111011100000000001001100000000000001010000110101101100000000000110000000000000000000000100000000000000000000000001100000000000000001110000000100000000000000000000000000000111000000000001100000000000001001
000000000000000000000000000000011000100000000000000000101111111110000010100000000000000000000000001000000000000000000000000000000001010011011000101000000000000000000000000000000000001101000000100011100000000000111110001000000000000000000000000000000000000000000000010000100000000000000000000000000110
000000000000000000000000000000011000000000000000000001011110001011000001000000000000000000000000000011100000000010010000000000000000011011110000010000000000000000001000000001100000000000000001010000000000000001000100001000000000000000000001000000000000000000000000100000000011000000000000000000000000
000000000000000000000000000000100000000000000000000001100000001010000000000000000000000001100000000010000000010010000000000000000000001010100000000000000000000000001010000001110000000011100010010000000000001000111101011000000000011100000110000000000000000000010000100000011001000000000000000000000000
000100000000000000000000000001001000000000000000000000000000001100000000000000000000000001010000000000000000000000101000000000000000000000000000000000000000000000001100000001100000000001100110000000000001111000000000100000000000010100000000000001000000000000101000000111010110000000000000000000000000
000100000000000000000000000010000011100000000000000000000000000000000000000000000000000001010000000000000000010010010000000000000011011000000000000001100000000000000000000000000000000001100000100000000010110000000100100000000000100100010000000001000000000001101000000000001000000000000000000000000111
000000000000000000000000000010001110010000000000000000000000000000000000000000000000000001100000000110000000001100000011000000000001110000000000000001100000000000000000000000000000000110100001100000000010010001100111000000000000101000011000000001000000000000001100000000000000000000000000000000000000
000000000000000000000001110001110000000000000000000000000000000000000000000000000000000001100000000110000000000000000100100001110001000000000001110000000000000000000000000000000000000110000001101100000001010010011000000000000000111000100100000000000000000000011100000000001110100000000000000000000000
000000000010000000000000000000101110100000000000000000000000110000000000000000000001100000000000000000000000000000000010100000010011110000000011111000000000000000000000000000000000001100000001100000000001011010010000000000000000000000010100000011100000000000000000000000000001000000000000000000000000
000000000001100000000000000000110110000000000000000000000000011000000000000000000010010000000000000000000000000000000001000100111100011000000111110100000000000000000000000000100000000110000000010000000001010000100000000000000000000000011000000000001100001010001000000000001110000000000000000000000011
000100000000100000000000000010010000000000000000000000000000000000000000000000000010100000000010000011000000000001000000000101001000000011011001110110000000000000000000000001010000000011110000100000000001110000000000000000000000000000000000000100110000001000101000000000000000000000000000000000000011
000100000000100000000000000100001000000000000000000000000000000000000000000000000001000000000010000010100000000001000000000111001000000111001010011100000000000000000000000001010000000001111000000000000100100000000000000000000000011000000000000111000000000000100000000000000000000000000000000000000000
000000000000001000000000000100001000000000000011100000010000000000110000000000000000000000000010000001000000000001000000000001000000000001000000001000000000000110000000001111100000000000111101100000000011000000000000000000000000011000000000000000000000000011100000000000000000000000110000000000000000
000000000000000000000000000010000000000000000000000000001100010011110000000000000000000000000000000000000000000000000000000001110101011000110010000000000000000110000000110111000000000000000001100000000010000000000000000011000000000000000000000000000000000000000000000011000000000000100000111000000000
000000000000100111000000000010010000000000000000001100001101100010011000000000000000000000000000000000110000000000000000000001000001110100001110000000000000000000000000000100000000000011101110000000000000000000000000000100100000000000000000000000000000000000000000000010011000110111011000000000000000
000000000000100010000000000000000001100000000000001011111101100000100000000000000000000000000000000001100100000000000000000000110110100100000000000100100000000000000001000000000000000011011000000000000000000000000000000010000000000000000000000000000000000000000000000001111000111110011000000000000000
000000000000011010000000000000000001100000000000010001100010000000101100000000000000000000000000000001000100000000000000000001000000010000000000000100100000000000000001000001100000000100001000000000000010000000000000000010010000110000000000001000000000000000000000000000100000101001011000000011000000
000000000010111010010000000000000000000000000000010000000010000000011000000000000001100000000000000000000010000000000000000010000010100100000000000111010000000000000001110001100000000100000111110000000111000000000000000000010000110000000000001000000000000000000000000000000110000001110000000010100000
000000001110000010010000000000000000000000000000110010001011000011110000000000000001010000000000000000100000000000000000000000000010010000000000000000110000000000000000111000000000000010100101111000001100100000000000000001010000000000000000001000000000000000000000000000000110000001000000000000110000
110000011110000010000000000000000000000000000000111000000110000000100000000000110000010000000000000000100000000000000000000011000000000000000000000000000000001000000000001000000000000001000010001100001011100000000000000001000000000000000000000000000000000000000000000000000000000000000000000001100000
110001100000010001000000000000000000000000000001111000000000000000000000011000001001001000000000000000000000000000000011100101001000000000000000000000000000110100000000000000000000000000000100110100001100100000000000000001111100000000000000000000000000000000000000000000000000000000000000000000000000
000001110000010001000000000000000000000000000010100000000000000000000000000001001001010000000000000000000000000000000010100100100000000000000011000000000011000000000000000000000000000000000100000000000101100000000000000001100010001000000000000000000000000000000000000000000000000000000001000000000000
000001100000000001000000000000000000000000000011000000000000000000000000000001010000100000000000000000000000000000000100100011100000000000000011000000000010000001000000000000000000000000000010000100000001000000000000000010001110010100000000000000000000000000000001000000000000000000100011000000000000
000000000000000101000000000000000000000000000000000000000000000000000110000000000000000000000000000000000000000000001101100001000000000000000000000000000001100000100000000000000001110000000000000100000000000000000010100100000100100010000000000000000000011100000001100011111000000010100010000000000000
000000000000001101100000000000110000000000000000000000000000000000000100100000000000000000000000000000000000000000000001100000000000000000000000000000000001011101000010000000000001010000000001000100000000000000000010111000010000100110000000000000000000000000000011110000000100000101000101000000000000
000000000000000100101000000000110000000000000000000000000000000000000000001100000000000011100000000000000000000000000010000000000000011000000000000000000000111111000101000000000010010000000000100000000000000000000000001001000001101000000000001100000000000000001100001000000000000011111101000100110100
000000000000000110010000000000000000000000000000000000000000000000000000101000000000000000000000000000000000010000000000000000000001100000000000000000000001000100000101000000000010100000000000000000000000000000000110010000000000001100000000001100000000000010011100001000000010000001110110001111100011
000000000000001100000000000000000000000000000000000000000000000000000000000000000000001000001000000000000000110000000000000000000001101100000000000000000000000011000010000000000011100000000000000000110000000011100100010010000000000000000000000000000000001110001000010000000000000000000000011011100101
000000000000000000000000000000000111000000000000000000000000000000000000000000000000001000001000000000000010000000000000000000000001101011100000000000000000000000000000000000000000000000000000000000110000000000010000000000000000000000001000000000000000001101101100111000000000000000000000011000000111
000000000000000000000000000001111000100000000000000000000000110000010000000000000000001000001000000000000100000000000000000000000000000000000000000000000000000000000000000000000000000000000000000000000000000010010000101100000000000000011100000000000000011001001011011111101100000000000000001000001010
000000000000000000000000000000000011100000000000000000000000110000110000000000000000000000000000000000000100000000000000000000000000000011100000000000111000110000000000000000000000000000000000110000000000000010000000110000000000000000100110000000000000001011000001000000000100000000000000001000100000
000000000000000000000000000011111100000000000000000000000000000001011100000000000000000000000110000000000100100000000000000000000011000000000000000000001000110000000000000000000000000000000000000100000011000001000000100000000000000001000010000000000000000110000001100000000110000000000000000111100000
000000000000000000000000000000000000000010000000000000011000000011000110000000000000000110001001000000000010000100000000000000000010000001000000000000000000000000000000100000000000000000000001000100000100010010100000100000000000000010001100000000000000000000001101100000000110000000000000000000000000
000000000000000000000000000000000000000000010000000000101000000010000110000000000000000110000001000000000001100100000000000000000000000010000000000000000000000000000000111000000000000000000000110000000100010001000000100001100001110100110100000000000000000000000010000000000000000010000000010001100000
000000000000000000000000000000000000001101010000001100000000000101011000000000000000000000001110000000000010001100000000000000000000000010000000000000000000000000000000001000000000000000000000000000000001111101000000000011000011110001001000100100000000000000000000000000000000001101100000000001100000
000000000000000000000000000000000000000110110000000001111000000101011000000000000000000000000000000000100111110000000000000000000000000001110000000000000000000000000000100000000000110000000000000000000000000001000000001100110010100000011000100100000000000000000000000000000000000100011000000101000000
000000000000000000000000000000000000000110000000001111110010000010001000000000000000000000000000110000110000010000000000000000000000000000000000000000000000000000000001001000000000110000000000000000000000010000100000001010000000011101000000000010000000000000000000000000000001100101011000000000000000
000000000000000000000000000000000000000000000000000011000100000000000100000000000000000010000000111000000000100000000000000000000000000000000000000000000000000000000001001100000000000011000000001000000000000001000000000011001000000000000000001100000000000000000000000000000001100000000000000000000000
000000000000000000000000000000000000000000000100000011001001100000001110000000000000000111100000111000100000000100000000000000000000000000000110000000000000000000000001000000000000000011000000110000100000010100000000000010000000000000000000000000000000000000000000000000000000000000000000000010000000
000000000000110000000000000000000000000000001100000100000111000000000010000000000000001000000000001101101011001010000000000000000000000000000110000000000110000000000000000000000000000000000000111010100000000000000000000010100000001000000000000000000000000000000000000000001000000000000000000010000000
000000000000110000000000000000000000000000011011000000000010000000001100000000000000001000100000000000100100010010000000110000000000000000000000000000001101000000000000000000000000000000000000110101100000000000111000000011100000001000000000000000110000000000000000000000001000000000000000000010000000
000000000000000011000000000000000000000000001000000000000000000000000000000000000000000111110000000000011000101100000000110000000000000000111000000000001001000000000000000000000000000000000000011000000000000001000100000000000000001000000000000001100000000000000111000000001000000000000000000000000000
000000000000000011000000000000000000001100000100011000000000000000000000000000011100000000011000010000000001010000000000000000000000000000101000000000010001000000000000000000000000000000000000001000000000000001000000000000000000000000000000000001100000000000001000100000000000000000000000111000111000
000000000000000000000000000000000000010010000011001000000000000000000000000000000000000000100100101000000010010000000000000000000000000001001000000000010010000000000010100000000000000000000000000011010000000000000000110000000000000000000000000000110000000000001000100011100011100000000000000000000000
000000000000000000000011000000000000001100000000010010000000000000000000000000100001000000011000101000000001100000000000000000000000000001100000000000011100000000000000000000000000000000000000000001110000000000000100110000000000000000000110000110100000000000001000100000000000000000000000000010000000
000110000000000000000100100000000000000000000000001000000000000000000000000000000001000000101000100000000000000000000000000000000000000000000000000000000000000000000000001000000000000000000000000000001011100011010100000000000000000000000101000110000000000000000111000000001000000000000000000010000000
000110000000000000000010100000000000000000000000000000000000000000000000000001000001000000010000011000000000000000000000000000000100000000000000110000000000000000000100000100000000000000000000000001110011100101101110000000000000000000000011100000000000000000000000000000001000000000000000000010001100
000000000000000000000001000000000000000000000000000000000000000000000000000001001010000000001000011000000000000000000000000000011011000000000000001000000000000000000110101000000000000000000000000001100011000110111010000000000001000000000011100000000000000000000000000000001000000000000000000000011000
000000000000000000000000000000000000001100000000000000000000000000000000000000110100000000001010000000000000000000000000000000011011000000011001000100000000000000000000010000001110000000000000000000000110001010101001000000000010100000001101000000000000000000000000010000000000000000000000000000000000
000001111000000010000000000000000000001000000000000000000000000000000000000000000000001000001010000000000000000000000000000000001000000000111010000100000000000000000000000000000000000000000000000000000100000010011111000000000011000000000110000000000000000000000000010000000000000000011000000000000000
000010001000010111011000000000000000001001000000000000000000000000000000000000000000001000000000000000000000000000000000000000000101111000010101111000000000000000000000000000000000000000000000000000000000000000100001000000000000000000000100000000000000000000000100000000000000100000000000000000000110
000000001010000001001000000000000000000110000000000000000000000000000000000000000000010000000000000000000000001100000000000000000000001011000001100000000000000000000000000000000000000011100001000000000000000000000000001110000000000000000000000000000000000000001100000000000001010000000000100000000110
000001010010000010110001100000000000000000000000000000000000001000000000000000000000101000000000000000000000001100000000000000000100000111010010100000100000000000000000011100000000000010010001000000000000000000010000011001000000000000000000001000000000000000100000000000010000000110000000010010110000
000000100010000100000010010000000000000000000000000010000000010100000000000000000001001000000000000000000000000000000000000000001000010000001000100001100000000000000000000000000000000100110001000000000000000000010000000100100000000000000000010100000000000011000000000000010000000100101000100001100000
000010000000010000000011000000000000000000000000000010100000010100000100000000000000100110000000000000000000000000000110000000000101000000000000100110000000001110000000000000000000000000100000000000000000000000000000001011000000000000000000010100000000000000000000000000010000011000000011000000000010
000010000000000000001011100000000000000000000010000001111110001000001010000000000000000110000000000000000000000000001010000000100111000000000000000000110000000000000000000000000000100011000000000000000000000000000000101000000000000000000000001100000000000000000000000000000101011001001110000000000010
000000000000000000010110000000000000000000000010000000000001000000010010000000000000001110000011000100000000000000001010000001100110000000000000000001110000000000000000000000000000100000000000000000000000000111000000001000000000000000000000000000000000001000000000000000000000000001101000000000001000
111000111000000000001010000000000000111000000000000001011101000000001100000000000000000000000011101100010000000000010110000010011110000000000000010000000000000000000000000000000001101100000000000000000000000111000000011100000000000000000000000000000000010110000000000000000000000000010000000000010100
000000000000000000001001000000000000000110000000000001000010000000000000000000000000000000000011110101100000000000011000010001000100000000000100000000000000000000000000111000000001100111000000000000000000000010000000001001000001000000000000000000000000010110000001110000000000000000000000000000000000
000010000000000001100000100000000001000110000000000000000000000000000000000000000000000000000011100001010000000000110100001000000100000000001000001100000000000000000001000100000000100011000000000000000000000000000000001001000010100000000000000000000000000000000110100000000000000000000000000001000010
000010000000000001000111110000000000100100000000000000000000000000000000000000000000000000000001011000101000000000011100001000100100000000000010101100000000000000000010000010000001101011000000000000000000000000000000000110000010100000000000000000001111000100000110110000000011000000000000000001011100
000010000000000001110011001000000011110000000000000000000000000000000000000010000000000000000010110100101100000000011000001000101111000000000011000000000000000000000000000010000000100010000000000000000000000011100000000000000001000000000000000000000100010100000010110000000100000000000000000001000000
000000000000000000000000110000000101000000000000000000000000000000000001011101000000000000000001001000100100001100000010000101010011000000001011011000000000000000000001100001000000000010000000000000000000000010100000110000000000000000000000000000000000010001100001000000000011000000001010000001100100
000000000000000000000001010000000101000000000011000000000000000000000001011101000000000000000000010000011100001100000000110101111100000111011011101000000000000000000000010001100000100010000100000010000000000000100000101000000000000000000000000000000000000001010010010000000000000000010010000000100010
000000000000000000000001000000000010000000100010100000000000000000000001100111000000000000000000000000001000000000000001000001110000000001000000000000000000000000000000010001100001100010000100001110000000000000000000010000000000000000000000000000000000000000100010000000000000000000001000100000000100
000000000000000000000111011000000000010111111001100000000000000000000000000000000000000000000000000000000000000000000000100100000000001101001000010000000000000000000000001011000000000000000100010011000000000000000000000000000000000000000000000000000000001100000010010000000000000000001010110000000000
000101001110000000011010100000000000011110000101000000000000000000000000000110000000000000000000000000000000000000000000011000100001001011001000000000000000000000000000001011000000001000001000100100000000000000000100000000000000000000000000000000000000010010000111110000000000000000000110100011000000
011110110000000000100000000000000000000111110110000000000111000000000000000000000000000000000000000000000000000000000000000000000000010000010001110000000000000000000000000110000000000100010000010100110000000000001010000000000000000000000000000000000000010100010111010000000000000000000111111011000000
000000000000000000100001001000000000000001111100000000000000000000000000001000000000000000000000000000000000000000000000000010000001110010110010010000000000000000000000000001000000000011100000001100111000000000000001000000000000000000000000000000000000001000010010010000000000001100000011011111101100
000100000000000000000000000000001100111000000000000000000000000000111000110000000000000000000000000000000000000000000000000000010000000011110011000000000000000000000000000100001100000000000000000011011000000000001001000000000000000000000000000000000000000000010010000000000000001100000011000001100000
000100011000000000001100100100011100111000000000000000000000000000000000001010000011000000100000000000000000000000000000000000110000000000011111100011000000000000000000000100001010000000000000000011101100000000000000100000000000000000000000000000000000000000001101101000000000001100000000110110000011
001101010110000000000010000100100010000000000000000000000000000010000000000011100010100001010000000000001000000000000000000000000000000000001110001111000010000000000000000000001000000000011100010011100110000000010001000000000000000000000000000000000010000000000010010000000000000000000000011001100011
000000000011011100100011000000100100000100000000000011000000000101000000000011000000110001010000000000000100000000000000000000000000000000000100001100100001000000000000000000000000000011000000110001100111000000000010000110000000000000001100000000000111100001010000000000000000000000000000000100010100
000011110010000011110001010001000000000110000000000100000000000000000000000000000010100000100000000000001000001100000000000000011000000000000000100000100010000000000000000000000000000000100001001000100000000000010100000001000000000000001100000000011000011000011011100000000000000010000000000011101000
000000000100000010010000000001111011010011000000000101010000000000000000000000000011000000000000000000000000001100001000000000001000000000000000010110100000000000000000000000000000011000100000000100000000000000111001100000000000000000000000000000001110000010000000100000000000000111100000000001000000
000000000111011001000000010001000111101111000000000010110100000000000000000000000000000000000000000000000000000000001000110001001000000000000000010010000000000000000000000000000000111101100000000110100000000001100011011000010000000000000000000000010110000100000001100000000000001001100000000000001100
000000000000000000000000101000101100000000000000000000000000001100000000000000000000000000000000000000000000000000001000010010010000000000100000000000000000000000000000000000000000111101000000000000110110000000100001000000001000000000011000000000000000001000000001100000000000000100000000100000001100
000000000000000000000000000100110010001000000000000000100100001110000000000000000000000000000000000000000000000010000000101010010000000001010000000000000000000000000100000000000000100000000000000000110000000010110000110000101100000000101110000000000000001000000001100000000000000011100001010000010000
000011000000000000000000110100101000001011000000000000100000000100110000000000000000000000000000000000000000000110000000000011010000110010011000000000000000000000000100011000000000011110000000101000010001000100010000000000001000000000000010000000001000000000000100000000000000000011100010010010010000
000000010000000000000000001011111010101100000000000000000100001011000100000000000000000000000000000000001100000100000110000000011000001010001000000000000000000000000100011000000000011110000000011000100111000010100000011001100000000000000001000000010100000000010101000000000000000000000001110000100000
000010010000000000000000000000010111110000000000000000100000000011110010000000000000000000000000000000001111001100001100000010001110001100000000000000000000000000000000000000000000000010000000010100100000000010011000011011010000000000000000000000000000000000001000000000000000000000000001000000000000
000001001000000000000000000000000000000000000000000000100000000000010001000001000000000000000001100000010000100101000110000110110110101100000000000000000000000000010000000000000000000010000000011100000000000011000000000000000000000000000000000000010000000000101000000000000000000000000001010000000000
000000010000000000000000000000000000111000001100000000010110000010010000101000100000001000000010110000001101000011000010000110100001000000000000000000000000000000010000000000000000000011000000010100000000000100000000000000000000000001000000000000100000000001010000001000000000101101000001000110000000
000001110000000000000000000000000001001000001100000000000100000011110001010000010000001100000000000000000100000000000000000110111000000000000000000000000000110000101000000000000000000001100000010010000000011000000100000000000000000010100000000000110000000001100000011100000001001101000001111000000000
000010000011000100000000000000000001001000000000000000000001100000110101000000110111101110000000000000000000000000000000000100011000000010100000000000000000100000010000000000000000000011000000010101100000010011011000000000000000000011000000000001010000000000000000100100000000111000000000000000000000
000011110000001010000001000000010011100000000000000000001000000110001000000000110100100000000000000000000000011100000000000011011000000011100000001000000001110000010000000000000000000010000000010000000000010010000000000010000000000001101000000000010000111000000000000001000001010000000000000000000000
000000110000000000000110111000001011000000000000000000011000000010001000011100001100100000000000000000000000011000000000000001100000000001000000011000000001100000000000000000001100000011110000010001100000000110000000010111100000000000101000000100001000100000000001011000100000110000000000000011000000
000000000000000000000110000000011010000000000000000001100000000111000000101000000011110000000000000000011100010000000000000000110000000000000000101000000001100000000000000000001011000010010000011000010000110100000011000100001000000001001000000000000000101100000001010000000000000100000010000100100000
000000000000000000000110000110011100000000000000000001100010000110001010000000000000001000000000000110010001100000000000000000110000000000000001100000000000000000000000000000000001000011001110010000001101011000000000001100111100000000110000000000000010100110000000000000000001000100000111000100000000
000000000000000000000010001000010000000010000010000000110010000000001010010000000000010100000000000010110111000000000000000000011000000100000000000000000000000000001000000100000111000001110010011000001101100000000000100000000010000000000000000000000000010000000001000001000011010000001011100011100000
000000000000000000000010010000000010000010000001000000000000000000000000000000000000010100000001010000000010000000000000000000100000001010000000010000000000000000000000000010000000001000010110110110001101101000000101000000110000000000000111101111010000001010000000100010000000010000001100000000000000
000000000000000000000000100000000101000011011001000000001001000000000000000000000000011000000001110010000000000000000000000000000000000110000000000000000000000000011001100111000000001100011000110000000001111000000010000000010110000000000110000100001100001010000000001000000001100001000110000000000000
000000100100000000000000000000000110000000100110000000001000001000000000000000000000000000011000000000000000000000000000100000000000000000000001101100000000000001110011100111001000001000000000011000101000011000000000000000000000000000000110101100000011000000000000001001100000000001100101000000000000
000000100110000000000000000000000000000100101100000000000000111100000000000000000000000000000101000001000000000000000000100000000011000000000000011100000000000001001000000110001100000000000000000111001011000000000000000000000000000000000000101111000001010000000000000110010000000110110011000000000000
000000010001000000000000000000000000001011000111000000000000000000000000000100000000000000011001000001000000000000000000100000100110000000000000000000000000000001010000000010000010000000000000000010000011000000000000000000000000000000000011000101100000000000000000000001101000000100000000000000000000
000000001101000110000000001101000010000111000010010000000001100000000000000100000000001001011000000100000000000000000100000000000110000000000000000000000000000000110000000000000101000001100001000110000010000000000000000000000000000000000001100100100000000000000000000000000000001001000000000000000000
000000000111000000000011110101000011000000001000001000011001110000000000000100000000010010000000000000000000000110001010000000110110000000000000000111100000000000000000100001100101111000000011000010000011000000000000000000000000000000000000000000100000000110000000000000000000000100000000000110000000
000000000000000000000111100101000100100000001111000000011000000000000000000000000000111100100010010000000000001110001001000111111000000000000000001000010000000000000011010000000000000111100010100001111000000000000000000000000000000000000000000011011000001001000000000000000000001010000000000001000000
000000000000000000000010110010000011000000000100010100000000000000000000000000000000100011100010010000000000001001000110000111110000000000000000000000000000000010100011100000000100000110100011000000000000000000000000000000000111000000000000000111110000001001000000000000000000000000000000000110000000
000000000000000000000000111000000000000000000000010000000000000000000000000000000000000100000110000000000000000110000000001000001100000000000000010000010000000100111001100000000111110110010001010000000000000000000000000000001000100000000000001100000000001000000000000000000000000000000000000000000000
000000000000000000000010100000000000000000000000001010000000000000000000000000000000000011001100010000000010000000000000000101010100000000000000011111100000000010000000000000000000000010010000010000000000010000000001100000000000000000000000000000000000000100010000000000000000000000000000000000000000
000000000000000000000000001001000000000000100111000010000000000000000000000000000000000011001101100000000010100000000000000110110100000000000000000000000000000001110000000000000000000100110000000000000001101100011101111000000000010000000000000000000000000011011000000111000000000000000000000000000000
000000000000000000000100101010000000000000110010000000000001100011100000000000000000000100000100011010000011000000000000000000010010110001000000000000000000000000110110000000000000000100100000000000000001111000111110101000011011100000000000000000000000000001000001000110100000000000000000000000000000
000000000000000000000100100010000000000000000010010000000001100011111000000000000000000000000010111100000000000000000000000000011110011110000000000000000000000000011000000000000000000100000000000000000011000110000000111000011100000000000000010001111110000000000010110011100000000000110000000000000000
000000000000000000000010100111000000000000000001000000000000000100000100000000000000000000000001011000000000000000000000000000000001100111000110000000000000000000000000000000000000100000000000000000000010000010100110010000001000000000000000100110001110000001000000111111100000000000110000000000000000
000000000000000000000001011000100000000000000000011100000000000010000000000000000000000000000000000000000000000001000000010010100011100000000000000000000000000000000000000000000001110110110000000000000011000000100000000011000000000000000000010010101010000011000010101001000000000000000000000001000000
000000000000000000000000000000000000000000000000000000000000000010000100000000000000000000000000000000000000000011100000011111010110000000100000000001100000000000000000000000000010011110000000000000000101000000101000100011000000000000000000000000100000000000010110011011000000010000000000000011000000
000000000000000000000000011001000000000000000000000000000000000001000001100000000000000011000000000111000000000111110000000100000100100001111000000001100000000000000000000000000111011001110000000000110110000000001001000000001100000000000000000010001001001100001000011011000000010000000000001101000000
000000000000000100000001100000000000000010000000000000000000000000101010010000000000000100100000000000000000001100001000000001000100100000111000000000000000000000000000000000000010000000100000000000110100000010001110000000011110000000000000000011010010101000000110000000000000010000000000001101000000
000010000000000100000001010000000000000111000001000100000000000000100000100000000000001000010000000000000000011100001000000000010000010000000000000000000000000000000000000000000011100000000000000000000011000001100000000000010110000000000000000010001010000000100000000000000000000000000000010010100000
000100100000000100000001010000011000001100100010100010000000000000000111000000000000000000000000000000000000010100010000000000000000000000000000000000000000000011000000000000000001000000000000000000000001000000000000000000000000000000000111000000010000000001000010001000000000000000000000000001110000
000000000000000000000000010000111011000111000000000000000000100000001100000000000000000001000000000000000000010100000010001010000000000000000000000000000000000100100000000000000000100000000000000000110000000000000000000000000000000110000000000000010001000010000001101000000011000000000000000100010000
000000011100000000000000000000101001100001110010000001000000100000001100000000000000001100100000000000000000001000000101001010000000001100000000000000001110000011000000000000000000000000000000000010000000000000000000000000010100001001000000001100000001101000110001111100000000100000001000000111000000
000000001100000011100000000000110011100000010000101010000000100000000000000000000000001001010000000000000000000000000001000000000000001100000000000000001000000000000000000000000000000000000000000100010100000000001100000111001100001000000000010010000000000000100000000000000101000000000110001001000000
000000100010001101100000111000111011100000010011101010000000000000000000000000000000000110001000000000000000000000001001100100000000000000000000000000001100000000000001000000000000000000100000010000110001000000001110000000000000000111000000001110000000000000100100000000000100000000001110011001000000
000110000000001101001000010100001101000010000011111100000000000000000000000000000000000110110000000000000000000000001111000100000000000001100001000000000000000000000001000001100000000010010000100001001111110000010010000000000000000000011000001100000000000000010100000000001100000000000000001110000000
000000000000000001000000110001000110000010000000010000000000000000000000000000000000000000100000000000000000000000000000101000000000000010010010100000000001100001000001000010010000000100001000000010001010000000001101100000000000000000011000001010000000000000000100000000001000000000000000000100000000
000000000000000100100000010000000000000000000011100000000000000000000000000000000000000000010100000000100100000000000000010000000000000000000001000000000000000101000000000001100000000100010000100000000000000000000010110000000000000000001000001100000000100000000000000000000000000000000000000000000101
000000000000000000100000010010000000000000000010100000000000000000000000000000000000000000100010000000100110000000000000000000000011000001001000000000000010100110000000000000000100000000000000010100001100000000000110111110000000000000010000001000000001001000000000000000000000000000000000000000000011
000000000000000010100000010100000000000000000011000000000000000000000000000000000000000000100010000000110100000000000000000000001101000001001000000000000011000000000000000000001110000000010000001000000111000000000110000110000000000000111000000000000010011010000000000000000000000000000000000011100010
000000000000000010100000101001110000000000000011100000000000000000000000000000000000000000100010000000110110000000000000000000001001000101001000000000000010100000000000111000010001000010010110000000000111000000000010000010000000000000000000000000000001011001100000000000000000000000000000000000000000
000000000000000001000000110011011001010011100010100000000000000000000000000000000000000000010100000000110000000000000000000000001111110000011010000000000100000000000000000100001110110000000000000000000010000000001000100001000000000010000010000000000000000011000000000000000000000000000000000000000000
000001100000000001000000000011011010000000100110100000000000000010000000000000000000000000001000110000110110000000000000000000000000110001101101000001101100110000000010000010000101110000000011000011000000000000001101100010100000000010000010000000000000000001100000000000000000000000000000000000000000
000001100000000000000000000000100010001101100110100000000000001101100000000000000000000000000000000101000010000000000000000000000001000010000100000110100010000000000010010000000100000000000000000011100000000000010000100100100000000010000010000000000000000000000000000000000000000000000000000000000000
000000000000000000000000000000000110100001000110101000010100001001000000000000000000000000100000000000000000100000000000000000000000000100000000011111100011000000000010000001001100000000001000000010100000000001001011000111000000000000000000000000000000000000000000000000110000000000000000000000000000
000000000000000000000000000000000011110011000010001000010010000110000000000000100000000001100000010000000010010000000000000000000001001000000001111101011011000000000000100001011010000000010100000000000000000010000001000010000000000000111000000000000000000000000111000001010000000000000000000000000000
000010100000010000000000000000000000110011000100000000010010000000000000000000110000000111100001001110000111010001000010000000001111000000000111101111000010000000000000100000001001000000010100000000000000000010011110000000000000000000000000001100000000000000000000000000100000000000000000000000000000
000010010000111000000000000000000000000111000100011000000110000000011000000000011000000000111001001000001110100010010100110000001100110000000001011110100000000000000000001001000111000000001000000000000000000000000000000000000000000000000000001100000000000000000001100000000000000000000000000000000000
000000110000001000000000000000000000000110000000111000000000000001000110000000011000001001111001010000001000000001100100011000011011010000000001111001100000000000000000001100000010000000000000000000000000000000000000000000000000000000000000000000000000000000000001110000000000000000000000000111000000
000000000000000000000000000000000000000001000101000000000000000010000011000011011000001001000000100000000000000000000010010100011010110000000000100000000000000000000000001101100000000000000000000000000000000000001011100000000000000000000000000000000000000000000010010000000000000000000000001000000000
000000000000000000000000000000000000010011010100000000000000000100000101100011001000001001000000011000000000000000000000011000010110000000000000000000000000000000000110001101100000000000000000000000000000000000001001100000000000000000000000000110000000000000000001011100000000000000111000011011000000
000000000000100000000000000000000011010011001001000000000000001100011001010001101100001110000000000000000000000000000001000001000110110000000000000001100001110000000111000000000000000000000011000000000000000000000000010000000000000000000000000100000000000000000001001100000000000001001100011000000000
000000000000100010000000000000000011010111011010100000000000001101011011010000101000001000100000000000000001100000000010010010100000011000000000000010010001010000110010000000000000000000000001100000000000000000001000001100000000000000000000000101000000000000000001100000000000000010000110000111000000
000000010011000011000001000000000100010110000000000000000000000110010000010000010000001000100000000000000001100000000000000000011100010100000000000001100110011000000000000000000000010000000010000000000000000000000100001000000000000000000000010000101111000001000011100000000000011000000011000000000000
000000001010000011000101000000000011001110100111000000000000000010100010010000000100000100100000000000000000000000000010001010111000111100000000000000000111000000000000000000000110001000000000000000000000110000000100111000000000000000000001000011011100000001000011100000000011000000110000100010000010
000000001010000000000001000000000000000000010000000000000000000001100000010000001110000010000000000111000000000000000011000011000000000000000000000000000111000000000000000000001001110000000000000000000001001000000001100000000011000000000000001101111111000000000000100000000010000010011110000010000001
000000010000000000000000000000000000000000010000000000000000000001100000110000011010000000000000000000000000000000000101010101000101011000000000001100000001110001110000000000001110100111000000000000000000110000000001000000000011000100000110000001110000000000000000000001111010000000110110001110000001
000001100000000000000000000000000000000000110100000000000000000000100110000000010000000000000100000000000000000000000110001100000100011000000000010100000000100101010000110000000010000110000000000000000000000000000000000000000000001010000110011100000000001010000110100001000000110000001110001000000001
000001000000000000000000000000000000000011000110000000000000000001100100000000010000000000001010000000000000000001000000000000001101100000110000001000000000100000010000110000000000000000000000000010000000000000000000000011000000010001000000100100000000001110000010100000100001000000000000011000001010
000011010000000000000000000000000000000100100100100000010000000010011111000000001011000000001001000000000000000001000000000000000001100000110000000000000000000110000000000000000000000000000000000010000000110000000000000010100000010000100110111100000000000110000000110111111110000000000000110000000000
011000011000000000000000000000000000001110111000100000111000000000100000000000100010000000000110000000000000000001000000000010001000000000000000000000000000000010000000000000011110000000000000000010000000110000000000111000100000011111100000001100000000000000000000011111100000000000000001110000000000
100100000000110110000000000000000000000100011000000011000000001001100000000000100010000000000000000100000000000000000000000001000100000000000000000000000000000000000000000000010000000000000000000000000000000001100000110000100000011010101000001100001100000000000000001000111000000000000000100000000000
011000000000110110000000001000000000000010000010000011001000010000000000000000000000000000000000000100000000000000000000000000111000000000000000000000000000000000000000000000001000010111000000000000000000000000100000000001000000011010000000001000000000000000000000000101011100000000000000011110000000
000000000000000000000000010110000000000010100110000100011000000100000000000000111000000000000000000100000000000000000000000000000000000000111000000000000000000000000000000010001000010000100000000000000000000000000001011010000000010011100010001001000000000000000000000100000010000000000000011000100000
000000000000000000000000000101000000000000000000000111100000000000000000000000110001100000000000000000000100000000000000000000000000000000000000000000000000000000000000000010000101000001000000000000000000000000000001110000000000100001111010110001100000000000001100000000000110000000001100001000000000
000000000000001100000000010000010000000000000000000010000000000000000000011001010011100000000000000000000100000000000000000000000000000000000000000000000000000011000000000010000100011001000000000000000000000000000000000000000000010001000100000111000000000000000100000100000000000000001100001100000000
000000000000001100000001111100000000000000000000000000000000000000000000100000010000000000000000000000000100000000000000000000000000000000000000000000000000000100100000000000000000001100000000000000001100000000000000000000000000000001000000000010000000000001101100000011100000000000000000110001100000
000000000000000000000001101000000000000000000001001000000000000000000000110100010000000000000000000000000000000000000000000000000000000000000000000000000000000101000000000000101101000000000000000000001100000000011000000000000000000110000000000000000000000000101000000011100000000000000000110110000000
000000000000000001110000101010110000000000000001001000111000000000000000100000100000000000001000000000000000000000000000000000000000110000000000000000000000000010000000000001001101000000000000000000000000000000011000000000000000011000010000000000000000000000010000000000000000000000000001101100000110
000000000001000010001000000010000000000000000010000101000100000000000000110100000000001111001000000000000110000000000000100000010001010000000000000000000000000000000000000001010011000000000000000000000000000000000000000000000000011000011000000001110000000000000000000000000000000000000010110000000101
000000000001000000000000010010100000000000000001000111100000000000000000010000000000010000000100000000001011000000000010000000011000100000000000000000000000000000000000000000111101110000000000000000000000001000000000000000000000000000101100000001110000000000000000000000000000000000000001100000000011
000110000001000100000100011111100000000000000000100000100001000000000000000000000000001010000110000000001000100000000010000101000100000010000000000000000000000000000000000000011000110000000000000000000000011100001000000000000000000000101100000000100000000000000000000010000000000000000000000000000000
011110000000000010001000100100100000000000000000110001001100100000000000000000000000000110000110000000000101110000000001100010010000000101000000100000000000000000000000000000000000000000000000000000000000101011011100000000000000000011011000000000000000000000000000000010000000000000000000000000000000
100101100000000000000000100000000000011000000000110001001100110000000000000000000000000011000000000000000001011000000000011100011110000110000000101000000000000000000000001100000000000000000000000000000001110110100010000000000000000011100100000000000000000000000000000010000000000000000000000000011000
110001100000000000000001100000000000110000000000000000000100010000000000000000000000000010000011010000000001000100010000001000001000000000000000110000000000000000000000001100000000000000000000000000000000101010110111000000000000000010011100000000000000000000000000000000000000000000000000011000011100
011011100000000000000001010000000000111000000000001100000000100000000000000000000000000101000000100000000001001100101000000000000100000000000000000000000000110000000000000111000000000000000000000000000000011100000001100000000000000000011100000000000000000000000000111000111000000000000000011000011000
001100000000000000000000000000000000111000110000000100001011000001100000000110000000001100110000000000000001100001000100000000011010000000000000000000000000110000000000000001100000000000000000000000000000001000000010100000000000001110000100000000000000000000000000000000000000000000000000000000000000
000000000000000000000000000000000000011001100000000000000001010110110000000110000000010010110101100000000000000100000100000000011011000000000000000000011100000000000000000001010000000000000000000000000000000000111110010000000000000000011000000000000000000000000000000010000000000000000110000000000010
000010000000000000000000000000000000001100000000000010000000101010011000000000000000001100011111000000000000111110000100000000011011000000000000000000100100000000000000001011010000000001100000000000000000000000000000011000000000001000000000000011000000000000000000000010000000000000001000000000000110
000000000000000000000000000000000000000111000000000000101000100010011000000000000000000000000100000001000001010000000100000000000110000000000000001101101000000000000000001011100000000010010000000000000000000000101000000100000000000110010000000001000000110000000000000010000000001100000110000000110001
000100000000000000000000000000000000000010000000000000000111100000110000000001100000000000000000000011100000000010001000000000000000000000111000100010110000000000000000001101000000000010000000000000000000000100010011000010000000000100100000000111001111010000000000000000000000000000000000001001010110
001100000000000000000000000000000000000000000000000000000000010000100001000010010000000000000000000110100000000000000000001010000000000000000000100001100000000001000000000000101100000001000000000000000000001010000000000010000000000110000000000000001110100000000000000000000001100000000100010001101000
001000100000000000000000001100000000000000000000000000000000000000100010100001010000000000000000000100000000001100000000001001000000111000000000000000100000000111010000000001110110000000000000000000000000000001000000001110000000000110000000000100000001000000000000000000000010000100001000010001110000
101000100000000000000000001000000000100000100000000110000000000101000100011000100000000000100000000110000000001101000000001010000000100000000000000101000000000101001100000010110110000000000011011100000000000000000000000000000000000000000000001100001000000000000000000000000010001100000100110000000000
111000000000000000000000001001000000100000100000000110000000000011000011111000000000000001110000000110001100000011000000000000011101101000000001000010000000000100100100000010100001010000000000101100000000000100000000000000000000000000000000011010000100000000000000000000000001110000000000000000010000
110000000000000000000000001000000000100000000000000000000000000000000000000000000000000011011000000000111000000000000000100000000111011000000010100000000000000010000100000001100000111000010001000100000000010110000000000000000000000000000000101010001000001000000000000000000000000001100000000100110000
000000000000000000000000000110000001000000000000000000000000000001010000000000000000000001110000000000011000000000000000100000001010000000000001000000000000000010000100000000100000000000000010000000000000000100000000000000000000100000000001100001000000010100000000000101000000000001100000000100001000
000000000001110000000000000000000010100000000000000000000000000001001000000010000000000000100000000000100000000000000001010000001010000000001000000000000000000000110000011000000000011000000000011001000100011100000000000000000000100000000000111111111000001100000000000100010000000001100000000000111000
000000000001110000000000000000000110000000000000000000000000000000000100000010000000000000000000000000000000000000000000101000001000110000010100001000000000000000000001000110000000101000000111111110001011000000000000000000000000100000000000000000001000000111100000000100010000000000000000000000000000
000000000010001000000000000000011000010000000000000000000000000000101000000001000000000000000000000000000000000000000000111000000110000000001110111000000000000000000001000000000000100001100011000100001000100000000000000000000000000000000000001101100000000101010010100000010000000000000000000000000000
000000000011011000000000000110011000011000000000000000000010000000000000000010000000000000001000000000000000000000000000010000000010010000001011001000000000000000000110000011010001000011000000000000000100010000000000000000011000001110000011101101110000000010010100110011100000000000000000110000000000
000000000000000000000000000110010110000000000000000000000111000000000000000100100000000000000100000000000000111000000000000000000001010000000001000000000000000000000000111111101011000000000000000000000100011100000000000000100000000000000101000010000000000110110100010000000000000000000001000100000000
000000000000000000000000000000110000000000001000011000001001100000000000001000110000000000010100000000000001000100000000000000000011000000111000110001100000000000001000100001001111010000000000000000000011010110000000000000110000100000001110101000000000000001001011100000000000000000000011000100011000
000000000000001000011000000000101000000000011100011000011010010001100001111100110000000000001000000000000010000000000000000000000000100000000000000000000000000000000111000000110110111000000000000000000000010000000000000000100000100000001100010000000000000000011001010000000000000000000010000010011000
000000011000010100011000000000100000000000100110000000001110000000100110001011000000000000000000000000000000001100000000000000000000000000000000000000000000000000000000000000000010100110000000000000000101110010000000000000000000100000000100001000000000000000000000110000000000000000000001000010000000
000000011000100100000000000000010000000000100010000000000000000000000000000000000000000001100000000000000001110000000000000000000000000000000000011010000000000000000000000000000011000010000110000000000111010000000000000000010000000000000000001000000000000000010000000000000000000000000010000100000000
000000000000011000000000000000000000000000011111000000000001010000000000000000000000000000110000100000000000000000000000000000000000000000000000010010000000000000000000000000000000000000000011000000000000001001000000000010010000000000001100010000000000000000100000000000000000110000000000000000000000
000000000000000000000000000000000000000000010001100000000000000010000000000000000000000000000001110000000000000000000000000000000000000000000000010010000000000000000000000000000000000000001011000000000000000000100000000100100000000000000000100000000000000001000100000000000001001000000010000001000000
000000000000000000000000000000000000000000001100000000000000000100010000000000000000000000000001110000000000000000000000000000000000000000000000000000000000000000000000000000000000000000001011000000000000001110110000000000010000000000000000000000000000000001000100000011000000111000000101010010100000
000000000000110000000000000000000000000000000000000000000000000011001001000000000000000000000000011000000000000000000000000000000000000000000000000000000000000000000000000000000000000000000110000000000000000110111000000000011000000000000000000000000010000001001100000011000000010000001000001010010000
000000000001101100000000000000000000001100000001000000000100000000000010000011000000000000000000000000000000000000000000000000000000000000000000000000000000011100000000000000000000000000000000000000000000110000111000000000011100000000000000011110001100000000010000000010000000000000000100010001100000
000000000000101110000000000000000000010000001101000000001010100000000000000101000000000000000011100000000011100000000000000000000000000000011000000110000000010010000000000000110000000000000000000000000000000000010000000000001100000000000001111111101110000000000000000001000011000000000000000000000010
000000000000010001000000000000000000001100000101000000001000010000000000000000000000000000000011000000000101100001100000000000000000000000100100000110000000010110000000000000110000000000000000010000000000000000100000000101101000000000000001000000100000000000011101000011100011001110000000000100000010
000000000000001110000000000000000000000000000011000000001000010000000000001000000000000000000000000000000000010111000010000000000000000000011000000000000000000000000000000000000000000000010000010000100000000000000000001111110000000000000010011111110000000000111101101101000000001001000000001010000010
011100000000000100000000000001100000000000000000000000000111100000000000000000101001000000000000000000000110000000000011000000000000000000000000000000000000000000000000000000000000000000010000001000000000000000000000011001100000000000000011101111110000000001101001000110000000001100110000001011010000
000000000000000000000001010110001000000000000000000000000000000010000000000110001100100000000000011000000010000010000011100000000000000000000000000000000000000110000000000000000000000000000000000010100000000000000000001001100000000010000101100000110000011000110010000000000000000010000000000101101000
000000000000000000001101100000000100000000000000000000000000000101000000000001110110100000000110010000000001100100000010000000000000000000000000000000000000000011000000000000000000000000000000000000000000000000000000000111000001000101010001100000101000000001000100000000000000000110001000000001101100
000000000000000000010001101000000010000000000000000000000000000101000000000000100011000000000001000000000010011000010110000000000000000000000000000010000000000110000000000000000000000000000000000000000000000000000000000010000100110100010001100100011000011000111000000000000000000100000000000000000000
001000100000000000001110001000001101000000000000000000000000000010000000000000000000000000000000000000000000100000011100000000000010000000000000001001100000101100000000000000000000000111000000000000000000000000000000000000000100001110100000001011000100011001010000000000000000000001000000000000000000
011100001000000000000000001000000010000000000000000000000000000000000000000001010000000010000000000000000000010000001000000000000000000000000000001000010011011000000000000000000000000000000000000000000000000000000000000000011000101100000011000000001000001000000000000000000000000000100100000000000000
000000000110000000000000011001000000000000000000000000000000000000000000011000100000000110000000000011000000001000000000000101000010000000000000010001101001110000000000000000000000000000000000000000010000010000000000110000010011000001101001001111110000000000000000000000000000000000000100001000000111
001000000110000000000000010001000000000000000000000000000000000000000000011001010000001000000000000000000000000010000000000100100000000000000000011000011000100000000000000000000000000000100000011100010000111000000000000000010000100001101100010000000000000000000000000000000000000000010000000001110010
001000000000000000000001000100110000000000000000001000000000000001000000000000110000001100000000000110000000000101000000000101000000100000000000000000000000000000001100000000000000000011000000011100000000110000000000000000001000000000100100000000000000110000000000000000000000000000110110000001111010
000000000100100000000010000101111000000000000000001100000000000010100000000000001000000000111000011010000000001101001100000001000110000000000011000000000000000000010010000000000000000000100001000110011000001000000000101000000000001001101100000000000000101000000000000000000000000001111000100010111100
000000000010100000000001000101101000000000000000000100000000100010010000000011010000000000100000011010000000000000000000000000000000000000000011000000000000000000001100000000000000000000000001011000111001100000001010000000000000111000111000000000000000011000000000000000000000000001011001001100001000
000000000111000000000000000001110000000000000000000100000001110001100000000000010000000000010001000100000000000000000000000000110110000000000000000000000000000000000000000000000000000000001100100000110110000010100010000000000000000000000000000000000000000000000000000000000000000000000000101100000000
000000001100000000000000010001100000000000000000000100000010011000000000000110000000000000010100110000000000000000000100000000000000000000000000000000001100100000000000000000000000000000000110011100110000110000100000000000000000000000000000000000000000000000000000000000000000000100000000010000000000
000000001100000000111000000000100000000000000000000011000011100000000000000000000000000000100001110000000000000100000110000100000000000000000000000000001100110000000000000000000000000000000000001010011111001001101000000000000111100000000000000000000000000000000000000000000000001010000000000001000000
000000000000000000000000000000000000011000000000000111000000000000000000000000000000000000100101100000000000000011100001011001110000000000000000000000000000110000000000000000000000000000000010000100000000000110000000000000000100110000000000000000000000000000000000000000000000001001000000000010100000
000000000000000000000000000000000000101000000000111000100000000000000000000000000000000000110010000000000000000001000110001001110000000000000000000000000000011100000000000000000000000000000011000000000000000000000000000000000010011000000001101100000000000000000000000000000000001010000111000010100000
000000000000000000000000000000000000101100000000110100101000000000000000000000000000000000110000000000000000000000100010000101000000000000100000000000000000000000000000000000000000000000000001000000000000000000000000000000000010010000000001011010000000000000000000000000000000001010110000100001000000
000000000000000000000000000000100000011000000000000110110110000000000000000000000000000000101100000000000000000000000010000001110000000011010000000000100000000000000000000000000000000000000000000000000000000000000010000000000001100000000001000001000110000000000000000000000000011010100000010000000000
000000001000000000000000000010100000000000000000001000010010000000000000000000000000000000101100000000000000000000011001100000000000000100011000000000000000000000000000000000000000000000000000000000000000000000000101000000000000000000000000000001000110000000000000000000000000001000101000001000001100
000000001000000000000000000001100000000000000000111000001110000000000000000000000000000000010000001111000000000000011000010000000000000000010000000000000101000000000000000000000000000000000000000000000000000000001000000000011111100000000000010001000000000000000000000000000000000000110110000000011110
000000010100000100000000000000100000000000000000000000000100000000000000001110000000000000001111010110000000000000001010001001100000000100010000000000110110000000000000011100000000000000000000000000000000000000000101100000011001110000000000001010000000000000000000000000000000000101100100010000110011
000000001000000100000010000001110000000000000011111010000000000000000000001000000000000000001011100010000000000000000100010000000000000000010000000000000110000000000001011100000000000000000000000000000011000000000000010000100000010000011000000100000000010000000000000000000000000010000101010000110110
000000001000000100000010000001000000000000000011110010000000000000000000010011011110000000001000111000000000000000000011100000000010000000010000000000111000000000000001001011000000000000000000000000001100010000000000100001100110110000011000000000000000010000000000000000000000000000001110010000011100
000000000000000000000010000010010000000000000000100000000000000000000000011010111001000000000110000000000000000000000000000000001001000000000000000000000000000000000000010011100000000000000000000000001000010000000000100001000010100000000000000000000000000000000000000000000000000001101100000100001000
000000000000000000000000000110010000000000011000100100000000000000000000000000000111000000001000000000000000000000000000000000001010000001000010100001000000000111000000010101000100000000000000000000010110001000001100000001011100100000000000000000000110000000000000000000100000000001001100000100000000
000000000000000000000000000000100000000000100100100100000000000000000000000011000001000000001110000000000000000000000000000000000100010000000001000010100000001100100000001110000100000000000000000000000000101000011100000000110000000000000000000000000110000000000000000001000000000001000001101000000000
000000000000000000000000000011000000000000011000101000000000000000000000000110000001100000001001000000000000000000000000000000000000010000010001011010100000001100010000000100000100000000000000000000101000010000100001000000001010000001110000000000110000000000000000000101000000000000010011010001110000
000000000000000000000000000000000000000000000000000000000000000000000000000011110101100000000001100000000000000000000000000000000000000000001100111011100000000001010000000000000000000000000000001000011111100000011000110000000100000001001000000011010000000000000000000100000000000001101010000000100100
000000111000000000100000000000001000000000000000000000000000000000000000000001110001100000000011000000000000000000000000000000000001110000000000001110000000000110011000000000000000000000000000010100001110001100001111010000000000000100000100000000001000000000000000000000000000000011111100000000011000
000000111000000000100000000000000000000000011000100000000000000000000000000000000010000000000000000000000000000000000000000000000001011010111000000100000000001011010000000110000000000000000100010010000000010001000100010000000000000101000000000100000100000000000000000000000111000011011000000000011000
000011000100000000000000000000000000000000100100100000000000000000000000000000000100000000000000000000000000000000000100001010000001000000010100000000000000000111000000000110000000000000001001001000111000100000100010100000000000001000000100000100000100000000000000000000000111000000001000000000110000
000011011000000000000000001100000000000000100000000000000000000000000000000000000000000000000000000000000000000000000011101100000010110101110010000000000000000000000000000000000000000000010001001000011000100111000001000000000000001111010000000100000000000011110000000000000000001100111000000000000000
000001110000000000000000010011000000000000011100000000000000000000111000000000000000000000000000000000000000000000000001000000000010011000110000000000000000000000000000010000000000000001110000100100010000000001000000000000000000001101000000000000011110000011100000000000000000010011000000000000000000
000000010000000000000000010000100000000000001000000000000000000000100100110000000000000000000000000000000000000000000001000100000011101111010001001100000000000011010000001000000000000110110000100000010000001110000000100000000000011000100000001000000011000000000000000000000000001110000000000000100000
000000001000000000000000001000100000000000000000000000000000111110100010110000000001101100000000000000000000000000000000011110000000000111010001001100000000000010010000111000000001010000100001000001001000000000111000010000000000001101000000000000000011000001100000000000000000000100000000000110000000
000000011000000000000000000111000000000000000000000000000001001010000100000000000000111000000000000000000000000000000000000000100011000110000000000000000000000001110000000000000001010000011000000000111000001100010000100000000000000110000000000000000111000111100000000000000000000000010000001001010010
000000000000000000000000000000000000000000000000000000000001001000011000000000001000010000000000000000000000000000000000000010100011000110000100100000000000000000000000000000000000100000011100000000000000000000100000000000000000000010000000001100001000000101000000000000000000000000110000000110000000
000000000000000000000000000000000000000000000000011000000000001011100000000000010100000000000000000010000000000000000000001110010000000000000000000000001110000000000000000000000000000000000000000000000000000001101010011000000000000000000000000011000000011100000000000000000000000000000010000000100000
000000000000000000011000000000000000000000100000011000000000110110000000000000101000000000000000000010000000000000000000100100010000000000010001100110000001000000000000000000000000000000000000000000000000000000010001110100000000000000000000000000000000000000000000000000000000000000111010000000000000
000000000000000000011000000000000000000000100000000000000001011000000000000000100000000000000000000100000000000000000000100001011000001110010010000110010001000000000000000000000000000000000000000000000000000000001000000110000000000000000000000000000110011000000000000000000000000000010110000000000000
000001000000000000000000000000000000000000000000000000000000000000000000000000000011100000000000000000000000000000000000000000001000001001000100001000010010000000000000000000000000000000000000000000000000000000011000111100000001100000000000000011011100010000000000000001100000001101100000000000111000
000011000000000000000000000000000000000000000000000000000000000000000000000000000010100000000000000011111110000000000000000100101000010011000000000010000100000000000000000000000000000000000000000000000000000000110000111000000011100000000000000111001111100000000000000010110000000001110000000000000000
000100000000000000000010000100000000000000000011000000011000001100000000000001010011100000000000000010001100000000000000000011110000001000001011111010000000000000000001000000000000000000001010000000000000000000011011100000000010011000000000000101101000100000000000000000011000000001011000000000000000
000111000000000000000110011000000000000000000111100000100100010100000000000001110000000100000010000011010101000000000000000000000000100000001101100000000000000000000001000000000000000000100010000000000000000000001101100000110011011000000000000000000000001000000000000011100000111011001000000000000000
000110000000000000001000000111100000000000000001110000100100100100000000000000100000000100000101000011000010000000000000000000000000001000001101100000000000000000000001000000000000000001100000000000000000000000000000000001100001011000000000000010101000110101000000000000000000010001110000000000000000
000000001100000000000110000001100000000010000000110000011000011000000000000000000000001111000010000101111100000000000000000000000000011000000101110000000001100000000000000000000000000011100100000000000000000000000000110000001100100000011000000010011100100001011000000000000001011011000000000000000000
000000001100001000000010000010010000000101000000000000000000000000000001110001000000000111100000011001011100000000000000000011000000100110000100111000000011100000000000000011000000000110111000000111000000000000000111111000010100000001101000000011000010100000001000010000110000010101000000000000000000
000000000000101111100000000001100110000101000000000000000000000000000001110001101100000110000000010001000000000000100100000000000000001111000010001100001101110000000000000011000000000100000000101011000000000000000000010100010100000001110000000001000100000100011000111000000000000110000000000000000000
000000000011111000010000000001000110000010001100000000000000000000000001001110100000001101000100001001000000000000100100000111000000001000000011011000001100000000000000000000000000000000010001110000000000000000000000001100001000000110100000000000100101000100000000001110100000010010000000000000000000
000000000010100111100000000000000000000000110100000000000000000000000000011001110000000100000010000000100000000001001010000010000100000110100001110000001000101100000000000000000000000000000011100000000100000000000000011001000000001011000000000000001000110001100000001110100001011100000000000000000000
000000000010000011000000000000000000000001000101100000000000011000000000011000000000000010000000000011000000000001100000000000001010000011000000100000000100100110000000000000000000000001110001000000001110000000000000000100000001100010111011010100000000000000000000001110101100000000000000000000000000
000000000001100000000000000000011000000111000011100000000000011000000000000000000000000010100010000000000000000000000000001010010001000001000000000000000100101110000000000000000000000000100110000100011000000000000001100111001001100010001010010110000000000000000000000110100100000000000000000000000000
000000000000100000000000000000011000001000101011000000000000000000000000000000000001100010000010000000000000000000000000000100001010000000000000000000000000011001000000000000000000000000001100100100011100010000000000110000010110100001100001000010000000000011000000010100111000000000000000000000000000
000000000000000000000000000000000000001010000010000000000000000000000000000000000001100010000100000000000001110000000011000000000100000000000000000000001000001001000000000000000000000000000000111000000001010000000000010000110000110000000100000010000000000100100000001000110000000000000000011100000000
000000000000000010110000000000000000000110000000000000011100000000000000000000000000000001001000000000000000001000001111000000000000000000000000000000111001110011000000010000000000000000000000000000000000001000000000000000010100000000001000110010000000001100011000000000101000000000000000010100000000
000010000000000010000000000000000000000000100010000000000000000000000000000000000000000000100000000000000100001000000110000000000000000000000000000000100111100000000000110000000000000000010000000110000000001000000000000000001001010000000100011111100000110100011000000000101000000000000011000001000000
000101000000000001101100000000000000000000001000000000000000000000000000000000000000000000000000000000000100000010000000000000000000000000000000001000101101000000000001000000000010000000010000001000000100000000000000000000000011001000001001000010011000001101011000000000001000000011100011000001000000
000110000000000000101010000000000000000000000000000000000000000000000000000000000000000000000000000000101100000000000000000000000000000000110000100010101100001100000000110100000110000000100000001010110110000000000000000000000001001000011100000110001100000101100000000000011000000100010001000001000000
000000000000000000001011001010000000000000000000000000000000000000000000001000000000000000000000000000100011000001100000000000000000000000110001000000000000001100001100010000001101000000110000001000010000011000000001000000000000111000010010011010010110000000000000000000001000000100000000100000000000
000000000000000001101000110010000000000000000000000000000000000000000000110000001001000000000000000000100001000000010000000000000000000000000010000010000000001100000010001101001010000010001000000100100011011000000001000000000000000000010100000011110100000000000010000000111000000010110000010000000000
000000000000000001010000000000000000000000000000000011000000000000111000011000001001000000000000000000000000000000010000000000000000000000000010001100000000000000000010000000000000000010000100000111000010000000111001000000000000000000001100000110111000000001100001000000100000000000011100000000000000
000000000000000000110010000101110110000000000000000100000000000000000000000000001000000000000000000000000000011000010000000000000000000000010010001000000000000000100010000000001000000100000100000000000001010000000000000000000000000110000000000000000000000010000001000000000000000000000100000000000000
000000000000000000010100000000000000000000000000000010101110000000000000000000000010100000000000000000000000001000000000000001010000000000111001000000000000000000100010000011001000000010000011000000000001110010000000011000000000000110000000000000000000000010000011000000000000000000000100011000000000
000000000000000000001010100100010110000000000000000010000000000000000000000000100110100000000000000000000000000111001000000100000100000000101100111000000000000000010100000011111100000000001110100000000000000010000000100100100000000000000111001100000000000001000100000000000000000000000000011000000000
000000000000000000000000000111100000000000000000001100000001100000000100000000011000000001110000000000011000000000010100000111000000000000001100000000000000000000001000000010001000000000100110110000000000000010000000010000010000000000001101001100000000000001101101110000000000000000000000000000000000
000000000000000000000111000000001000000000000000010000000100000000001010000000101000000000000000000000100100000000110100000101000011000011001001000000100000000000000000000001101000000000000010010000000000000000000000001000100000000000011001000000000000000000000001100000000000000000000000000000011000
000000000100000000000000000000011011000000000000000000100100010000000100000000010000000100000100110000101000000000011000001010001001000101001000000000100000001100000000000001001100000000000011011000000000000000000000000001000000000000101011000000000000000000000001000000000000000000000000000000011000
000000000100000000000000000000100000100000000000001000001110110000000000000001011000000111000100110000010000000000011000001000001000000100101100001100000000011100000010000000110000100000000001001000000000000000000000000000000000000001100011100000000000000101000000000011011000000000100000000000000000
000000000010000000000000000000000011011000000000000000000011010000000000000011010000000100000100000000000000000000001010000000000001000001011101001110000000010000000101000000000001100000000000001000000000000000000010000000000000000010001110000000000000000010000001100010101110000011110000000000000000
000000000000000000000000000000111100000000000000000000000011111100000000000110000000000110001000000000000000000000001010000000000100100110110011000110000000111000001101000000000001100000000000001000000000000000001101100000000000000010000100000000000000000000000001111000011010001100001000000000000000
000000000000000000000000000000000000000000000000000000000000011100000000000011010000000110000000000000000000000000000000010000000100110110100001100001000000110000000110000000000001100000000111001000000000000000001100000000000000000001010000000000000000000000000010001001010001000000011000000000000000
000000010000100010000000001110000000000000000000000000000000011000000000000001110001011010110000010000000000000001110000000000000010010001000000110010110000000000000000000000000001000000010000010000000000000000000000010000000000000000110100000000000000000000001000111000000001000000000100000000000000
000000010000010101000000000000000000000000000000000001000000110000000000000000100010010000110000100100000000000001010000010100000000000001111110111011101000000000000000000000000110100000100000110000000000000000000010100000000000000000010010000000000000000000110100101000100010000011010110000000000000
000000010000100101000000100000000000000000000000000111100000100000000000000000000100000010110000000010000000000010010000000000000000000000110000100000001000000000000000000000000000000000000010100000000000000000000001000000000000000000001100000000000000000001000001011110000010000000000100000000000000
000000000010000010000000100001000000000000000000001000010000000000000110000000000100000000100001000010000000000011000000000000000011100000011000010010000000000000000000000000000100010000000000100000000000000000000000000000000000000000001010000000000000000000111100000000100010000111011000000000000000
000000000000000000000000100001000000000110000000001111100000000000001001000000000100001000100000000110000000000000000000000000000011000000000000011010100000000000000000000000000011100000000010100000011000000000000000000000000000000000001011000000000000000000000100011111000000000000001000000000000000
000110000000000000000000000001000000000110000000000010000000000000001001100000000010010101000000000000000000000000000000000000000000000000000011000000100000000000000000000000000000000000000000100000100100000000000000000000000000000000001001000000000000000000000001111001111111100001110000011011000000
000110000000000000000000000000000000000000000000000000000000000000000111000000000001011010000000111000000000000000000000000000000000000000000000000101100000000000000000000000000000000000011010100000011000000000000000000000000000000000001110000000000000000000000000000000011100000000100000011011000000
