300 300
000000000001000000001000101000000000000000000000000000000000000001100000000000000000000000000000000000000000010000000000000000000000000000011000000000011000000000000001100000000000000000000000000000000000000000000000001100000000011000000000000000000000000000000000000000000000000000000000000110000000
000000000011100000011000000000000000000000000000000000000000000001100000000000100000100000000000000000000000010110000000000000000010000000100010000000101110000000000011110000000000001100000111000000000000110000000000010010000000100100000000000000000000000000000000000000010000000000000000011010000101
000000000100100000100100000010000000000000000000000000000000000000000000000000101010100000000000011000000000001111000000000000000101000000010001000000011110101000000101110000000000001100000000000000000000110000010000010010000000011000000000000000100000000000000001100010001000000000001100010100000101
000000001110001000011010011101000000000000000000000000000000000000001110000000100000100000000000100000000000000001000000000000000100100000001110001000000110110000000111000000000000000000000000000000000000000000010000001100000000000000000000000100010000000000000000000011000100000000001010000100000010
000000001110000100001110001000000000000000000000000000000000000000010001000000000000000000010001000011000110000101000000000000000000100000000110001000000001110000000111000000000000000000000000000000000000000000010000000000000000000000000000000000010000000000000000000001010100000001001100000110000000
000000011111011000000010000111000000000000000000000000000000000000010001000000001101100000111110001000100110011000000000000011000000110010000011000100000010000000000000000000000000000000000000000000000000000000000000000000000000000000000000010001101000000000001101001000001000000000001010000001000000
000000000000100000000000000000000000000000000000000000000000000000010001000000000101100001101010100000100000100011000000000001000000000100000001111010000010000100000000000000000000000010000000000000000000001100000000000000000000000000000000100000101000000000010010011110000000000011010001000010000000
000000000000000000000000000000000000000000000000000000000000000000001110000000000101010011000100100011100000110111000000011000000011100100000000100011000100000010000000000000000011000000000000000000000000001100000000000000000000000000000000011000011000000000000000000110000000011000100001001100000000
000000000000000000000000000000011100000000000000100000000110000000000000000000000011010111000000000000000000010011000000111000000001110000000000110010000010001010000000101100000100000000000000000000000000000000000000000000000000000000000000000000000000000000000001010010010100000000000000000000010000
000000000000000000000000000000100100000000000001010000000101000001110000000000000001100011000000000000000000001100000000000000000000000000000000000110000000001100000001001110000000100000001100000000000000000000000011000000000000000000000000000000000000110000000100100010010010000000000000000000010000
000000000000000000000000000000100100000000000001110000000010000000000000000000000000000001101100000000000000000000000000000110000000000000000000111000000000001000000000001000000100000011001100000000000000000000000011000000000000000000000000000000000000110000000011110110000010000001000010000000010000
000000001100000000000000000000101000000000000001100000000000000000000000000000000000000000111000000000000000000000000000000000000000000000000000000000001100000000000000010000100000000000000000000000000000000000000000000000000000000000000000000000000000000000000000100110000010000001000010000000000000
000000001010000000000000000000000000000000000000101100000000000000000000000000000000000100010000000000000000000000000000000000000000000000000000000000010010000000000000011000100000000000000000000000000000000000000000000000000000000000000000000000000000000000000000000011001100000000000010000000000000
000000000100000000000000000000000000000000011000101000000010000110000000000000110000001100000000000000000000000000000000000000000000000100000000000000100000000000000000010011000000000000000000000000000000000000000000000000000000000010000000000000000000000000000000000000010000000000000000000000000000
000000000000001110000000000000000000000000100100100100000110001001000000000000001000001011011000000000010000000000000000000000000000001010000000000000101100000000000000000011000000000000000000000000000000000000000000000000000000000101000000000000000000000000000000000000111110000000000000000000000000
000000000000000000000000000000000000000000101000001000000000001001000000000000000110000011011100000000111000000000000000000000000000001100000111000000100100000000000000000000000001100000001110000000000000000000000000000000001000000101000000000000000000000000000000000000000010000000000000000000000000
000001000000000000000000000000000000000000010000010100000000011011000000000000000110000000010110000001011000000000000000000000000000000000001101000000100100000000000000011000000001100000000000000000001100000000000000000000011100000010000000000000000000000000000000000000011000000000000000000000000000
000110100000000000001000000000000000000000000000010000000000001100010000000000010010001000000100000001000000000000000000000000000000000000011001000100100000000000000000011000000000000000000000000000010000000000000000000000110000000000000000000000010000000000000000000000000000000000000000000000001100
000100100000000000001000000000000000000000000000011000000000000000101000000000010100000001001000000000100000000110000000000000000000000000011110000100100000000000000000011000000000000000000000000000000000001000000000000011100110000000000000000000111000000000000000000000000000000000000000000000010100
000000100000000000001000000000000000000000000000001000000000000000101000000000001000001001000000000001100000001010000000000000000000000000000101000101101000000000001100000000000000000000000000000000100000000000000000000000000010000001100000000000000000000000000000000110000000000000000000010000001000
000001100000000000000000000000000000000000000000100000000000000000010000000100000000000100000000000001100000011100000000000001110000000000000011000000000000000000110110000000000000000000000000000000010000000010000000000100010100000000010000000000000010000000000000000110011000000000000000101000000000
011001000011000011100011100000000001010000000000100000000000000000000000000100000000000000000000000000000000100000110110000000000000000000000110000001100000000000110000100000000000000000000000000000001111101010000000000011010100011110110000000000000000000000000000000011010000000000000000101000000000
001110000000000000000000000000000001001000000000000000000000000000001101010100000000000000000000011011000000001000110111000000000100000000000111000010000000000000110100100000000000000000001100000000000000100100000000000000000000010111101100000000000000000000000000000110000000000000000000010000000000
000101101001100000001000000000000011010000000000000000000000000000010010110000000000000000000000100001000000111000011100100000000100000000000000000000000000000000001111000000000000000000011110000000000000010100000000000000000000011111000010000000000000000000000000000000000000000000000000000000000000
000000000011000000001000000000000110000000000000000011011100000000100000110000100000000000000000100011000000000000001000110000000100000000000000000000000000000000000000000000000000000011100010000000000000000010001000000000000000000000010010000000000000000100000000000000000000000000000000000000011100
000000000010000000001000000000000101000000000000000011000001000000010111000001100000000000000000011100000000000000000010101100000000000000000000011000000000000000000000010000000000001111101000000000000000000100010100000000000000000000000111000000000000001010000001111000000000000000000000000000000000
000001000010000000000000000000000010000000000000000100000000100000000110000010000000000000000000000000000000000000000010101100000000000000000000011000000000000000000000011000000000001101110000000000000000000000001100001100000000000000000000000000000000001010000011111010000000000000000000000000000000
000000000000000000000000000000000000000001110100001110001100100000000001000001000000000000000000000000000000000000000001000000000000000000000000011000000000000000000001000000000000000000001110000000000000000000000000001100000000000000000000000000000000000100000111000001100000000000000000000000000000
000001001000000000000000000000000000000010010110010011100011100000000100000000000000000000000000000000000000000000000000000000000000000000000000000000000000000001101011110000000000000000010010000000000000000000000000000000000110001001000000000000000000000000000000001010000000000000000000000011000000
000001111100000000000000000000000000000000110100001111000000000000001001000000000000000000000000000000000000000000000000000000011000000000000000000000000000000011110000000000000000000000100010000000000000000000000000000000000101011010110000000000000000100000000000011000000000000000000000000100100000
000000000000000000000000000000011000001000000000001111000000001000010000000000000000000000000000000000000000000000000000000000011000000000000000000000000000000110000000001000000000000011000100000000000000000000000000000000000000110001000000000100000001010000010000010000000000000000000000000011000000
000011110100000000000000000000011000000001000000000100000000010000110000010001100000000000000101000000000000000000000000000000000000001100000000000000000000000011010100000001100000000011000000000000000000000000000000000000000011011100000000001010000010001000101000010000000000000000000000000000000000
000111011000000000000000000000000000001001000000000000000000010000000000010001100000000000001101100000000000000000000000000000000000010010000000000000000000000001010001000001000000000000010000000000000000000000000000000000000011000000000000001010000010000100101000000000000000000000000000000000000000
000000000000000000000000000000000000001011000011000000000000000000010000010000000000000000000000100000000000000000000000000000000000011100000000000000000000000001011000110101011100000000000000000000000000000000000000000000000101111000000000000100000010000100010000000000000000000000000000000000000000
000000000000000000000000000000000000000010000000000000000100010111110000000000000000000000000000000000000000000000000000000000000000011101011000000000000000000001001000001110001110000000000000000000000000000000000001000000000101011000000000000000000011010000000000000000000000000000000000000000000000
000000000000000000000000000000001111100001000011100000000010000000000000000000000000000000000000000000011100000000011000000000000000001101000100000000000000000000101000000110000001000000000000000000000000000000000001000000000000000000000000000000000000000000000000000000000000000000000000000000000000
000000000000000000000000000000100000000111000000111000000010000000000000000000000000000000000001000100000000000000011000000000000000010001100100000000000000100000001000000011000110000000000000000000000000000000000000000000000010100000000110000000000000000000000000000000000000000000100000000000000000
000000000000000000000000000000100000100000000000100100000001001000000000000000000000000000001000101000000000000001010000000000000000010100000000000000000001100000000000011001000100000000000000000000000000000000000011000000000001110100001001000000000000000000000000000000000000000001010000000000001100
000000000000000000000000000000000000100000000010000000000000101000000000000000000000000000001000010000000000000001100000000000000000001100100100000000000011000000000000001110000001010000000000000001000000000000000111000000000000011100001001000000000000000000000000000000000000000001100000000001110000
000000000000000000000000000000011011000000000010000000000011011000000000000000000000000000010000000000000000000001000000000000000000000000100100000000000001100010000000001100000001001100000000000001000000000000000100000000000000000100000110000000000000000000000000000000000000000000000000000011001000
000111000000000000000000001110100110000000000011100100010111100000000000001000000000000000000000000000000000000000000000000000000000000000111000000000000000110110000000000000000101000000000100000001000000000001000000011000000000000000000000000000000000000000000000000000100000000000000000000011011000
000000000000000000000000000000000000011000000000000010110000000001110000010100000000000000000000000000000000000000000000000000001000000000100011100000000000011100000000000000000000001000001010000000000000000010100000011000000000000000000000000000000000000000011000000001100000000000000000000010010100
000000000000000000000000000000000000001000000000000011000010000001000000011000000000000000000000000000000000000000000011100000011100000010100001100000000000001000000000000000000000111000000000000000000011000110110000000000000100000000000000000000000000000000100100000011000001100000000000000000000100
000000000000000000000000000000100011000000000000000001100000000001100000000000000000000000000000000111000000000000100001100000000010000101010010100000000000000000000000000001100000110000001110000000000010000010100000000000001000000000000000100000000000000000010110000001100010000000000000000000000000
000000011100000000000000000011111110000000000000000000001000000000000000000000000000000000000000001000100000000001110001000000001011001110110010010000000000000000000000000010100001100000000000000000000000000001000000000000001000000000000011110000000000000000001100000000000000010000000000000000001110
000000001011000000000000001101010000000000000000000000000001001000000000000000000000000000000000001101100000000001010011010000000111011100000100100000000000000101000000000010100001000000000010000000000000000000000000000000000000000000001111011000000000000000000000000000000000110000001000000000000010
000000001000000000000001111101000000000000000000000000000001000001000000000000000001100000000010000000000000000001111000001000000000100100000110000000000000000110000000000110000000000000000111000000000000000000000000000000000000000000001100111000000000000000000000000000000001100000010100000000000011
000000111000000000000001110111000000000000000000000000001010010010000000000000000010010000000111000000000000000000011010100100000000100100000000000000000000000010000000000110100000000000011011000000001100000000000000000000000000000000011000110000000000000000000000000000001111000000100100000000000100
000000001000000000000010000111000000000000000000000000000011011110000000000000000010100000001101100000000000000000011011011000000001000011000010000000110000000000000000000011000000000000011010000000001101000000000000000000000000000000000000100000000000011100000000000000001100000000011000000000000011
000000001011000000000000000000000000000000000000000000000001100100000000000000000001000000011101110000000000000000000001000000000000111111100001000000110000000000000000000000000000000000100110000000000100100000000000000000000000011000000101000000000000010010111000000000001000000000000000000000000000
000000011100000000000000010000000000000000000011000000000010001000000000000000000000000000001101100000000000000000000001000000000000111100011010000001010000000110000000000000000000000000001000000000000000100000000000000000000000011000011010000000000000000101000100000000000110010000000001000000000000
000000000000000000000000000000000000000000000011000000000001011000000000000000000000000000000111000000000000000000000000000000000000011101000000000001100000000110000000000000000000000000010010000000010111000000000000000000000000000000011011000000000000001100111000000000001000110000000010000000000000
000000000000110000000000000000000000000000000000000000000000100000000010000000000000000000000010000000000000000000000000000000011000100001011000100010000000000000000000000000000000110000001000000000000111000000000000000000000000000000101011000000000000000010000000000000000010000110000001000000000100
000000000000110000000000000000000001100000000000000000000000000000000101000000000000000000000000000000000000000000000110110000100100100000000000111001101000000000000000000000000001010000001110000000000000000000000000000000000000000001101000011000000000000000000000000000100010000010000000000000011011
000000000001101110000000000000000001100000000000000000000000000000000101000000000000000000000000000000000000000000000100010000011000110001000000000000011100000000000000000000000000100000000000000000000000001000000000000000000000110001001100010100000000000000000000000000000000000010110000001100001101
000000000001001001000000000000000000000000000000000000000000000000000010000000000000000000000000000000000000000000000011100000111000110110000000100001000100000000000000000000000000000000000000000000000000011010000000000000000000110000111000001100000000000000000000010001110000000010010000001100000010
000000000001110001000000000000000000000000000000000000000000100000000000000000000000000000000000000000000000000000000001000000100000110000000000001110100000000000000000000000000000000000010000000000000000110001000000000000000000000010000000000000000000000000000000101001001000000001100000000000000100
110000000000000010000000000000000000000000000000000000000001100000000000000000000000000000000000000000000000000000000000000001100000110000000000000010100000000000000000000000000000001000010010100000000001101001000000000000010000000110000000000000000000000000000001101100100100001000000000000000001110
110000001000010000000000000000000000000000000000000000000011100000000000000000000000000000000000000000000000000000000000010010000000000000000000000000000000000000000000000000000000011000010100000000000001001101000000000000010000001001000000000000000000000000000001001100100000001000000100000000100010
000000010110110000000000000000000000000000000011000000000010000000000000000000000000000000000000000000000000000000000000010000000000000000000011000000000110000000000000000000000000010000000100000000000000000100000000000000010000001001000000000000000000000000000000000100011100001000001010000000100100
000000010110000000000000000000000100000000000011000000001000000000000000000000000000000000000000000000000000000000000000000001000000001000000011000000000110000000000000000000000000001100000000000000000110000000000000000000000000001011000000000000000000001000011000000100000000000000001001000000111000
000000001000000000000000000000001010000000000000000000001000110000000000000000000000000000000000000000000000000000000010000010000000011000000000000000000000000000000000000000000000010100000011010000001011000000000000000000000000001000000000000000000000001000011000101000000000000000000010000000000000
000000000000000000000000000000000011000000000000000000000000110000011000000000000000000001000000000000000000000000000010000000000000110000000000000000000000000000000010000000000000111000000000100000001011000000000000000111000000101010100000000000000000001000000000001000000000001100011100000000000000
000000000000000000000000000000101000000000000000000000000100000000010000000000000000000001000000000000000000000000000010000000000000110010100100000000000000000000000101000000000000101000000000000000000100000000000000000001000001010101011000001100000000000000000001110000000000000100000100000000000000
000000000000000000000000000001000000000000000000000000000010010000001110000000000000000001000000000000000000110000000000000000000000101001111100000000000000000000000101000000000000110000000000000000000000000000000000000010000001010001001000001100000000000000000010001011000000000000011000000000000000
000000000000000110000000000001000100000000000000000000000011100000000000000000000000000000000000000000000000110000000000000000000001100011100100000000000000000000000010000000000000000000000000000000110000000000000000000000000000000010011000000000000000000000000100010010111000000000000000000000000000
000000000000000110000000000000110100000000000000000000000000000000011010000000000000011100000000000000000000000000000000000000000001001000100110000000000000000000000000000000000000000000000000000000110001000000000000000000000000000000000000000000000000000000000010000010000100000000000000000000000000
000000000000000000000000011100000000000000000000000000000000000000011100000000000000000000000000000000000000000000000000000000000000100011110010000000011000000000000000000000000000111000000000000000000110110000000000000000000000000000000000000000000000000000000000000001101100000000000000000000000000
000000000000000000000000011000000000000000000000000000000000000000001100000000000000000000000000000000000000000100000000000000000000000011011010000000100100110000000000000000000100101000000000000000001000110000000000000000000000000000000100000000000000000000000000000000000011000000000000000000000000
000000000000000000000000011011000000011000000000000000000000000000000000000000000000000000000000000000000000011010000000000000000000000000000100000000011000110000000000000000001110001000000000000000011010110000000000000000000000000011100110000000000000000000000001100000111100000000001100000000000000
000000000000000000000000000000011000000000000000000000000000000000000000000000000000000110000000000000011100011010000000000000000000000000010101000000000000000000000001100000001001000000000000000000100011000000000000000000000000000000000110000000000000000001010001110000100000000000010010001000110000
000000000000000000000000000011111000000000000000000000000000000000000000000000000000000110000001110000001000001100000000000000000000000000010101100000000000000000000010010000000100000000000000000000010000000000000000000000000000000000000000000000000000000000100001100000010000000000100010000111001000
000000000000000000000000000111000000000000000000000000000000000000010100000000000000000000000000000000000000000010000000000000000000000011100001000000000000000000000001100000000000000000000000000100000111000000000000000000000000000000000000000000000000000000000000000000010000000000100011000011010000
000000000000000000000000000000100000000000001100000000000000001100010100001110000000000000000000000000000000000011000000000000000000000111000001000000000000000000000000000000000010000000000000001110000001100000000000000000110000000000000000000000000000000000000000000000000000000000100111000000100000
000000000000000000000000000100100000000000001100000000000000001111000000001101000000000000000000100000000000000011000000000000000000000001000111000000000000000000000000000000000000000000000000010011000000000000000000000000110000000011100000000000000000000000000000000000000000000000100100100000000000
000000000000000000000000000011000000000000000000000000000000011011000110001101100000000000000100010110000000000000000000000000000000000010000011000000000000000000000000000000000000000011000000100000000000000000000000000000000000000000000000000000000000000000000000000000000000000000110001000011000000
000000000000000000000000000000000000000000000000000000000000000110001110000011000000000000001000000010000000000000000000000000000000110110000000000000000000000000000000000000000000000011000000100100000000000000000000000000000000000010100000000000000000000000000000000000000000000000000001000000010000
000000000000110000000000000000000000000000000000000000111000011001001101000011001100000111000000011100000000000000000000000000000000110100000000000000000000000000000000000000000000000000000000100100000000000000000000000000000000111001000000000000000000000000000010000000000000000001001110000000000000
000000000000110000000000000000000000000000000000000000000000001001000000100110001101100100111000111100000000000010000000110000011100001010000000000000000000100011100000000000000000000000000000100100111000000000000000000000000000010000000000000000011100000000000010000000011100000001000011000010101000
000000000000000011000000000000000000000000000000000000000000001110000000001111011111010011001111000000000000000101000000110000010100000000000001000000000001010000100000000000000000000000000000000000110000000000000000000000000000000000000000000000010010000000000010000000000000000000000000101000101100
000000000000000011000000000000000000000000001000000000000000000000000000000100000100001000010000000000000000000101000000000000110000000000000000000000000010000001000000000000000000000011100000000000000000000000000000000000000000000000000000000001000010000000000000000001000001000000011100100011101000
000000000000000000000000010000000000000000010100000011100000000000000000001110100000000000000000000000000000000010000000000000000000000000001000000000000001000000000000000000000000000000000000010010100100000000000000000000000000000111000100000000000110000000111000111001000001000000000000001000011000
000000000000000000000001101000000000000000010100000000000000000000000000000110011000010000000010111000000000000000000000000010000111000000000000010000000000110100000000000000000000000100010000110011100100000000000000000000000000000111011010000001000000000000000000000001000001000000000000011001100000
000000000000000000001100001000000000010000001000000000000000000000000000000000011110000000000111111000000000000000000000000000100100000000000000100000000000000010000000000000000000001101010000011011001100000000000000000000000000000010001010000000100000000000000010000000000000000000000000000000000000
000000000000000000001000010000000000111000000000000000000000000000000000000000000000000000000111000000000000000000000000010000100011000000000000100000010110000100000110000110000000001001001100000100001100000000000000000000000000000000000100000000000000000000000010000000011100000000000000000000000000
000000000000000000001001000000000001101000000000001000000000000000000000000000000000001100000101000000000000000000000000110111100011000000000000000000111000000100000110000110000100000000000010000000001100000000000000001000000001000000000000000000000000000000000010000000011100000000000000000000011000
000000000110000010000000000000000011000000000000001000000000000000000000000000000000001100000001000010000000000000000000011000000111000000000000000000011110110000000000000000000100100000001010000000001100000000000000001001000010100000000000000100000000000000000000000000011100000000000000001000000000
000000000110000010000000000000000000000011000000010100000000000000000000000000000011110100000000100011000000000000000000001110000110000000000000000000001100000000000000000000000100100000010100000000010001100001100000000101101000000000000000001010000000000000000000000000110110000000000000010000000110
000000110000000000001100000000000101000011000000001000000000000000000000000000000011101000000011000011000000000000000000000110000000000000000000000000000000000000000000000000000000000000100000000000001001100001100000000000000011000000000000001010000000000000001100000000110110000000001110011000000100
000001110000000000001100000000000100000010000000001000000000000000000000000000000000000000000000000000000000000100000000000010000000000000000000000000000000000000000000000000000000100011000000000000001000000000000000000010000010000000000000000100000000000000001100000000110010000000001010010100000000
000000000000000000000000000000000010000001000000000000000001000000000000000000000000000000000000000000000000000111000000000000000011000000000000000000000000000000000000000000000000011100000011100000000000111000000000001010101000000000000000000000000000000000000000000000010010000000011000110100000000
000000000000000000000000000000000000000101000000000000000111100000000000000000000000000000000000000000000000000101001000000000000011000000000000000000000000000100000000000000000000000100000000000000000000101000000000101000010000000000000011000000011000000000000000000000001100000000111111111011000000
000000000111000000000000000000000000011100000000000000001000010000000100000000000000011100000000000000000000000000111000000000000001000000000000000000000000000100000000000000000001101100000000000000000000001000000000100000000000000000000100100000100100000000000000000000000000001000000001001011000000
000001100110000000000111000000000000001000000000000000001001101000001010000000000000000000000000000110000000000000010000000001100000000000001000000010101000000100000000000000000001101100000000000000000000011000011000110000000000000000000011000000011000000000000000000000000000010100000110001011001110
010001010000000000001000010000000000011000000000000000001100101100010010000000000000000000000000000000010000000000000000000001100000000000001000101010111100000000000000000000000000110000000000000000000000111000011100000000000000000000000000000000000000000110000000000000000000100100000010101101001100
010000100000000000001000001000000000101000000000000000000010011000001100000000000000000000000000000100000000000000000000000000000000000000000000000010000100000000000000000000000000010000000000000000000000011000001100000000000000000000000000000100000000000110000000000000000000100000000001110000001000
010000000000000000001000101001000001101000000000000000000000000000000000000000000000000000000000000010010000000000000000000000000000000000000000000011111100000000000000011000100010010000000000000000000000000000010000000000000001000000000000001010000000000000000000000000000000100000000100100000000110
000000000000000000000100011100010000100000000000000000000000000000000000000000000000000000000000010000000000000000000000000000000000000000000001000001001100000000000000001010110100001000000000000000000000000000000010000000000010100000000000001010000000000000000000000000000000010000001100000000000110
000111000000000000000011110000001000000000111000000000000000000000000000000000000000000000000000111110000000000000001000000000000000000000000110000000110000000000000000000001100100001100101000000000000000000000010011000000000010100000000000000100000000000000000000000000000000000110011000000000000000
000000000000000000000000010000000000000001000110000000000000000000000000000000000000000000000000100001000000000000001000000000000000000000000110000100000000000000000000000000010000100100001000000000000000000000001000110000000001000000000000000000000000000000000000111000000000000001011000000000110000
000000001110000000001100010001001000001001000110000000000000000000000000000001000000000000000000000001000000001100000000000000000010000000011000000100000000000000000000000000111100110000101000000000000000000000001000001000000000000000000000000000000000000000000001000100000000000000000000000000010000
000000001111000000001100011110000000001001101100000000000000000000000000000010100000000000000000001110000000001100000000000000000101000000010010000000000000000000000000000000100101010000000000000000000000000000000100100000000000000000000000000000000000000010000001000100000000000000011000000000001000
000000010000100000001100000111000000000000100000000011000000000000000000000101000000000000000000000000000000000000000010011000000101000000010000010000000000000000000000000000100000000001000000011000000000000000000011000000000000000000000000000000000000000010000001000100000000000000001000000000000000
000000011010010000001000000001000000000000111000000100100000000000000001110000000000000000000000000000000000000000000010000000000010000000001100100000000000000000000000000000110000001100000110000100000000000000000000000000000000000000000000000000000000000010000000111000000000000000000000000000000000
000000001000010000011100000000000000000000110000000101000010000000000011100000000000001100000000000000000000000000000000000000000000000000000011000000000000000000000000000000011000001101110110000010000000000000000000000000000000000000000000000000000000000000000000000000000000000000000000000000000000
000000000001110000100100000000000000000000000000000010000010000001100010000010000000011100000000000000000000000000000000000000000000000000000000000000000000000000000000000000111000001101101111100100000000000000000000100000000000000000000000000000000000000000000000000000000000000000000000000000000000
000000000011010000101100000000001000000000000000000000000010000010100000010100000000011100000000000000000000000000000000000000000000000000001100000000000000000000000000000001110000001101101101111000000000000000000000100000000000000000000000000000000000000000000000000000000000001100000000000000000110
000000011100000000011000000000001011100000000000000000000000000010000000000000000000011000000000000000000000000000000000000000000000000000100000000000000000000000000000000000100000000101000000100000000000000000000000000000000000000000000000000000000000000000000000110100000000010010000011000000000000
000000110000010000000001100000001000001100000000000000000000000010100000000010000000100000000000000000000000000000000000000000000000000001101011000000000000000000000000000000000000000000000000000000000000000000011000000000000000000000000000000000000000000000000011010010000000001100000011000000000000
011001100000011010000001100010000000000010000000000000000000000001100000001001001100000000000000000000000000000000000000000000000000000011000011000000000000000000000000000000000000000000000000000000000000000000001110000000000000000000000000000000000000000000000011000110000000000000000000000000000000
011000000001101100000001001001000001100100000000000000000000000000000001100000111000000000000000000000000000000000000000000000000000000001111011000000000000000000000000000000000000000000000000000110000000000010001110000000000000000000000000000000011100001000000101000000000000000000000000001100000000
000000000000001000000000000011000000011000000000000000000000000000000010000011010000000000000000000000000000000000000000000000000000001100111100000001101100000000000000000000000000000000000000000110000000000101000000000000000000000000000110000000000000010100000000000000000000000000000000001100000000
000000000000000000000000000000001100000000000000000000001110110000000000001100000000011100000000000000000000000000000000000000000110101100001100000001101100000000000000000000000000000000000000000000001100001000000000000000000000000000000110000000000000010010000000000000000000000000000000000000000000
000000000000000000000001000001111010000000000000001010001100011000000011100000011011100010000000000000000000000000000000000000000010100000000000000000000000000000000000000000000000000000000000000000001100011011000000000000000000000000000000000000000000001100000000000000000000000000000000000000000000
000000001000000000000111000011000010000000000000001000110000011000000000000000011000000010000000000000000000000000000000000000000010000011000000000000000000000000000000000000000000000000000000000001000000001100000000000000000000000000000000000000000000000000010010000000000000000000000000001000000000
000000000101110000000000000011111100000000000000001101111000000000000000000000100000001100000000000000000000000000000000000000000011101011000000000000000000000000000000000000000011000000000000000010000000000000010100000000000000000000000000000000000000000000100111010000000000000000000000001110000000
000000001011110000000000000001111100000000000000000001011000000000000000000000111000000000000000000000011000000000000000000000000100000101100000000000000000000000000000011000000011000000000000000101100000000000100000000000000000000000000000000000001000000000010001110000000000000000000110000001100000
000000000001000000000000000000110000000000000000000000100000000000110000000000011001001000000000000000011000000000000000000000001000100100110000000000000000000000000000011000000000000000000000000111110000000000000010000000000000000000011000000000001000000111100000001000000000000000001100001000100000
000000000000000000000001100000000000000000000000000000000000000000101000000000000000101100000000001100000000000000000000010000000000100101110000000000000000000000000000000000000000000000000000000001000000000000100010000000000000000011011000000000001000001100100010000100000000001100000010001000010000
000000000000000000000010100000000000000000000000000000000000000111010100000000000000011010000000001100000000000000000000010010001010001001100000000000000000000000000000000000000000000000000000000000000000000001000001100000000000000010011100000000000000000001100010000100000000001100000000001000110000
000000000000000000000001000000000000000000001100000000000000001001010010000000000000011010000000000000000000111000000001110011100000000101000000000000000000000000000000000000001100000000000000000000000000000010001011010011000000000010010000000000000000000001010001100010000000000000011100011000100000
000011000011000000000000000001100000000000001100000000000000001000001010000001010001111010000000000000000000101000000000000000000000000010000000000000000000000111000000000000010010000000000000000000000000000001110011010011000000000001100000000000000000000000110000011100000000000000011000001010000000
000100100100100000000000000001100000000000000000000000000000000000001100000010010001101100000000000000000000101000000000000000000000000001000000000000000000000000001000000000011011000000000000000000000000000001110000100000000000000000000000000000000100000001001000101100000001011100011010000100000000
000100100100100000000000000000000000000000000000000000000000000000001000000001010000101100000000000000000000000000000000000100000000000110110000000000000000000000010100000000001001111000000000000000000000000000000000000000000000000000000000000000011010011101101000110000000000111100000100000000000000
000100100100100000001100000000000000000000000000000000000000000001000000000000000000011000000000000000000000000000000000001100000000001000000000000000000000000000100001000000001100000100000001110000010000110000000000000000000000000000000000000000000010111101001110100000000000011000000000000000011000
000011000011000000010010000000000000000000000000001110000000000000010000000000000000110001100000000000000000000000000000000000000000001000110000000000000000000000011000100000000000000100000010010000011100000000000000000000000000000000000110011000010010110101111110000000000000000000000000000010000100
000000000000000000001100000000000000000000011000001000000000000000100000000000000010100001100000000000000000000000000000000000000000000011000000000000000000000000011010100000000011011000000010000011010100100000000000000000000000000000000100100100001000010110000010000000000000001000000000001010101000
000000000000000000000000000000000000000000110000000100000000000000000000000000000110100000100000000000000000000000000000000000000000011101000000001110000000000000000000100000000000000000000001100001010010100000000011000000000000000000000000011110000010000100000000000000000000011100000000001011010000
000000000000000000000000000000000000000001000000000000000000000000000000000000001000000011000000001110011100000000000000000000000000000001100000000000000000000000011001000000000000000000000000111100010000101100000100100000000000000001100000100101000001001000000000000000000000100011000000001010000000
000000000000000000000000000000000011000011000010000000000000000000000000000000001010000011011000010001000000000000000001100000000000000010110000000000000000000000000110111100000000000000000000110111100100101100000011000000000000000001100010011000010001110000000000000000000000011011000000000000000000
000000000000000000000000000000000110110000000010000000000000000000000000000000000100001000001000011011000000000000000000110000000000000010100000000000000000000000000001000100000000000000000010010000010001101100000000000000000000000001101000101100010011100000000000000000000000011011000000000000000000
000000010100110000000000000000001000110111100010000000000000001100000000000000000000011111010000010000100000000000011000000000100000000001000000000000000000000000000000010000000000000000000110111000000000101000000000000000000000000000010111101100001011100000000000000000000000000100000000110000000000
000000010011000000000000000000100011001000101000000000000000001100000000000000000000010111100000001101100000000000110001001000110000000000000000000000000000000011000001011000000000000000000100001000000000011000000000000000000000000000001010000011110100100000000000000000000000000000000000010000000000
000000000110101000000000000000100010000001101100000000000000001100000000001110000000000000000000001000100000000000011001000001110000000000000000000000000000011111100000110000000001000000000011110000000000000000000000000000000000000000010000000010010101000000000000000000000000000000000001110000000000
000000000000010000000100000001000000000011011010000000001110000000000000000000000000001000001000000111000000000000000110100101100111000000000000001100000000011101100000100000000010100000000000100000000000000000000000000000000000000000000100000010001110000000000000000000000000000000000000000000000000
000000000000000000001010000011011000000000001011000000001010000000000000000000000000000100000000000000000000000110000110001000000000110000000000000000000000001011001000000000000010010000110000000000000100000000000000000000000000000000010100000010000000000000000000000000000000000000000000000000000000
000000000000000000000110000000100000000010011000000000001000000000000000000000000000000110001000000000000000011111000000010001000010110000000000001101000000000110001000000000000000001000110000000000000100010000001100000000000000000000100011001000000000000000000000000000000000000000000000000000000000
000000000000000000000000000000000000000100000000000000000000000000000000000000000000000001100000000000000000011000100010010010100010110000000111001000100000000010000000011000000111001000000000000000001000001000011010000000000001100000000011000000100000000000000000000011000000000000000000000000000000
000000000011000000000000000000000000000000001000000001000000000000000000000000000000000000000000000000000000101001000010001000110110100000000100001001100000000110000000011000000000000100000000000000000110001000011000000000000000100000011011000000000000000000000000000100100000000000000000000000000000
000000000011000000000000000000000000000000000000010001000000000000000000000000000000000000000000000000000000000000000000011100010110100000000000100001000000000101000000000000000111111100000000000000000100001001110001000000000000001000000111000000000000000000000000000010100000000000000000000000000000
000000000011000000000000010000000000000000001000001001000000000000000000000000000000000000000000000000000000001000000000011100000100000000000010011000000000000000000000000000000100000100000000000000000010010001100001000000001011000100000011001000000000000001000000000001000000000000000000000000000000
000000000000000000000001000010000000000000001001011000000000000000000000000000000000000000000000000000000000001100000000000001000000001100000001010000000000000000100000000000000010010011110000000000000000100010000100000000011000011110000010010000000000000001000000000000000000000000110000000000000000
000000000000000000000000000010000000010100000011111000000000011000000000000000000000000000000000000000000000001100100000000000000010011011000000110100000000000001000011000000000100010011101100000000000000000001100100000000001000000011000010000001110000000001000000000000000000000000110000000000000000
000000000000000000000000000100000000010100000001011100000000100100000000000000000000000000000000000011000000000000111000000001001011000011000000001111000000000110000000000000000000000000000100000000000000000000110000000000000110010001100010000001000000110001000000000000000000000000000000000000000000
000000000000000000000010010000000000010000000000000000100000010100000100010000000000000000000000000100000000000000001000000001000000100011000000000001100000000000001010000000000000010011111100000000000011000000000000000000000010100001110011100000000000101000110000000000000000000000000000000000000000
000000000000000000000000100000000000000000000000110001000000001000001100011000000000000000000000000101100000000001001000000001100011100000001000000010100000000000001000000000000000100010000000000000000101110110000000000000110001110000110011100110000000010001000000000000000000111000000000000010100000
000000000000000000000000000000000000000100000000000000000000000000011000001100000000000000000000000011000000011110000000000000010001100000010100000011100000000000000000000000000000000011000000000000000000010001000000000001001001100010001011101110000000000000000000000000000000000000000000000000000000
000001101011000011000000000000000000011010000000000000000000000000111000011000000000000000000000000000000000100010010000000000001000000000010100000000000000000000000000000000010000100001100000000000000110011011000000000000110001010011110010000000000000000000000000000000000000000000000000000000100000
000010000000100100100000000000000000100100000010000000000000000000011000010000000000010100000000000000000000001010000000000000000000000000001000001000011100000011000000000000001111000000100000000000000110010000000000000000000000111011100011110110000000100011100000000000000000000000000000000100001100
000011000000011000010000000000000000100100000101000000000000000000000000000000000000001000000000000000000001110010110000000000000000000000000000011000001100000100100000000000000000000111000000000000000100100000000000000000000000110000000000001000000000010011000010100000000000000000000000000100000000
000000001011001100001000000000000001001000001001000000000001110000000000000000000000010000000000000000000011000110001100000000000000000000000000110000011000000011000000000000000000000110000000000000000000000000000000000010001100000000000000000000000000000010000000000000000000000000000000000010001000
000000000000110000000000000011100000110000001011000000000000000000000000000000000000111000000000000000000001100110100010000000000000000000000000010100010100000000000000000000000000000000000000000000000000100000000000000010001100000000000000000000000000000100000000000000000000000000000000000000110000
000000000000001000100010000100010000000000000100000000000000000000000000000000000001001000000000000000000001100010100001000000001110000000000000001100001111000000000000000000000000000000000000000000001000100000000000000010000000000010000010000000000000100100000001010000000000000000000000000000000000
000000010011000000010001001000000000000000000000000000000000000000000000000000000001000000000000000000000000110011001010000000001101100110000000000100010011000000000011100000001000000000011000000000011001100000000000000000000000000100000001000000000000001000000010000000000000000000000000000000000000
000001100001000000001001001000001000000000000000000000000000000000000000000000000001010000000000000000010000000000000010000000000010001111000000000000010110000010000000000000011100000000011000000000111011100000000001000000000000001110000010000000000010111000000000000000000000000000000000000101000000
000000101110000000000101001000010000000000010000000000000000000000000000000000000000011001100000000000010000000000000000100000000110010000000000000000011100000101000000000000010110000000000000000000011011100000000110110000000000000110000000000000000111011011000111000000000000000000000000001010110000
000000011000000000000000000001000000000000111000000000000000000000000000000000000000001101110000000000000000000000000000001000010100001101101001000000000000000110000000000000100100001000000000000000001000000000000110110010000000000000000000011000000110000000100000000000000000000000000000001010000011
000000000000011100000000000000000000000001011100000000000000000000000000000000000000011000110000000000001000000000000000110010110000000100011000000000000000000000011100000000111111111000000000000000000000000000000010110011000000000000000000011000000000101000100000000000000000000000000000000100000011
000000000000100100000000000000000000000001100110000000000000000000000000000000000000000000110000000000010100000000000000000000000000000011001000100000000000000000000000000000100111001000111000000000111000000000001110101110100000000000000000000000000000001000000000000000000000000000000000000000000000
000000000000100001000000000000000000000000000011000000001000000000000000000000000000000110100000010000110110000000000000000010000000000000000110100000000000000001000001000000011001011000001000000000000000000000011100001001000000000000111000000000000000011010001000000000000000000000000000000000000000
000001100000100000000000000000000011000000000110000000010100000000000000000000000000000011000000010000110010000000000000011100000011000000000000000000000000000001000001000000000100111001000000000000001000000000010001101110000000000000000000000000000000010010000100000000000000000000000000000000000000
000001100000000000100000000000000100110011111100000000110110000000000000000000000000000010000000010000010001100000000000000000110100100001000000000000000000000001000001000000000000000001000000001000011100000000001100000000000000000010000010000000000000011100010100000000000000000000000000000000000000
000000000000010000000000000000000000001011100000001000010010000000000000000000000000000000000000000000000001010000001100000000110100010001100000000000000000000000000000000001000000000001000000000111010000000000000100001000100000000010000010000010000000001010011010000000110000000000000000000000000000
000000000011000001000000000000000000000000010000010010011011000000000000000000000000000000000000000000100000010000001100000000001011100000000000000000000000000000011100000011110000000000000100001000110000000000000000001001000000000010000010000010000000000111000010000001010000000000000000000000000000
000000000110110110000000000000010000000000011000100000001010000000000000000000000000000000000000000111100010100000000000000000000001000000000000000000000000000000000000000100000000000000010100001111100000000000000000000001000000000000000000000010000000000000000100000000100000000000000000000000000000
000000110010000100000000000000000000000011100100010001000100000000000000000000000000000000000000000110100110000000000000000000000001000000000000000000000000000000000000001011010000000000001000011011100000000000001100001010000000000000111000000000000000000010000000000000000000000000000000000000000000
000000110001001000000000000000001100100011000000000101000000000000000000000000000000000000000000000000010100000000000011000000000101100000000001100000000000000000000000000011100000000000000000001001000000000000010010000100000000000000000000111000111000000001010000000000010000000000000000000000000000
000000000001100000000000000000000011000001000000000110000000000000000000000000000111000000000000000000011100000000000101000000001000010000000001100000011000000000000000011100000000111000000000000111000000000100000000000000000000000000000000000000000000000000100000000110011100000000000000000000000000
000000000000000000000000000000000000000000101000000000000000000000000000000000011001000001010000000000001000000000000010000001100111110000000000000000100110000000010000000000000000111000000000000010000000001100001110000000000000000000000000000010000000000000000000001001000100001100000000000000000000
000000000000000000000011100000000000000000001000000000000000000000001100000111010011000001001011000000000000000000000000000100000010110011000000000000110110000000101000000000000000000000000000000000000000011000000000000000000000000000000000000010000000000000000000000110000100001100000001110000000000
000000000000000000000000000000000000000000000000000000000000000000010010000111011100000001000000000000000000000000000000000110010000110001000000000000110010000100010000000000000000000000000000000000000000001000000000000000000000000000000000000010000000000000000000000011010000000000000001011100000000
000000000111000000001000001000000000000000000000000000000000000000010000000100001100001100111001000000000000000000000000001011100001110101000000000000001100001101100000000000000000000000000000000000000000011100110000000000000000000000000000000000000000110000000000000001000100000000001000000100000000
000010001000100000001000001000000000000000011000000000000000000000001000000000000000001100011010000010000000000000000000000110000001100000000000000000000000001001000100000000000000000000000000000000000000111100000000000000110000001000000000000000000001001000011000000110000100000000000100000001000000
000010100000010000001000001000000000000000000100000000000000000100010110000000000110000000000011000010000000000000000000001000000000110101101000000000000000011111001010000000000000000000000000000000000001001000000000000001010000011000000000000100001111001000111000000000101100000000000000000101000000
000000100000000000000000000000000000000000011000000000000000000010010110000000000110000000001010000010000000000000000000000101000000110001000000001100000000010010000110000000000000000000000000000000000000110000000000000000010000111100000000000000000001001000011000000101000000000000100000001100000000
000001000010000000000011100000000000000000000000000000000110111010010100000000000000000000001010000000000000000000000011000101000001111110000000010100000000011010000000000000000000000000000000000000000000000000000000000000000001001010000000000000000000110000000010000010000000000001000001000000000000
001100101110001000000000000000000000000000000000000000000100111000000110000000000000000000001010000000000000000000000011000010000010000000000000001000000000001001000000000000000000000000000000000000000000000000000000000000000000110001000000001000000000110000000010000000110000000000100000110000000000
001101101000000100000000000000000000000000000000000000000011011000110100000000000000001100001001000000000000000011100000000000000011111100010000000000000000000111000000000000000000000000000000000111000000110000000000000000000000000101000000001000000000000000000010000000101000000000000000000000000000
000100000100010010000000000000000000000000000000000011000000010010111000000010000000011000000110000000000000000000000000000000000001111100000000000000000000000100000000000000000000001000000000000000000000110000000000000000000000000110010000000000000000000100000000000000100000000000000000000000000000
000000000010010010000000000000000000000000000000000010100000001100010000000010101000001010000000000000000000000000000000000000000000000001000000000000000000001100011000000000000000001100000000000000000000000001100000000000000000001000011000000000000000001011000000000000000000000000000000000000000000
000000000000001100000000000000000000000000110000000010100000001000000000000010001100000100000000001110000000000000000000000000000000110001010000000000000000000000110000000000000100000110000000000000000000000001100000000000000000001110011000011000000000001000101100000000000000000000000000000000000000
000000000000001100000000000000000000000000110000000000000111000000000000010000000110000000000000000000000000000000000000000000000011100000010000000000000000010001110000000010000100000011000000000000000000000000000000000000000000000010000000010000000111011001100010011110000000000000000000000000000000
000000000000000000110000000000000000000000000000000000000100000000000000010111010011000000000000000000000000000000000000000000100000000000010000000000000000010000000000000011000000011010000000000000000000000000000000000000000000000000000100000110011001000111001011010010000000000000001100000000000000
000000000000000000110000000000000000000000000000000000000000000000000000001001100000000000000000000000000111100000000000000010011111000000000000000000000000010000000000001011000000011100000000000000000000000000111000000000000000000011100010000010010011000000000010010110000000000000001100000000000000
000000000000000000000000000000000000000000000000000000001100000000000000000000000011100000000000000000001111010000000000000010011110000000000000000000000000000001100000111000000000000000000000000000001100000000111000000000000000000000000000000010011100000000000101000000000000000000000000000111000000
000000000000000000000000000100000000001000000000000000001100000000000000000001010001000000010000000000010000010000000000000000000000000000000000000000000000001101100000001000000000000000000000000000001100000001000000000000000000000000000000000000000000001100000101100000000000000000000000000000000000
000000000000000000000000011011000000010100000000000000001100000000000000111001010000000000111000000000011010100000000000000000000000110000000000000000000000000010000000001101000000000000000000000000000000000010010111000000000000000000000000000000000000000010001000110000000000000000000000000000000000
000000000000000000000000000100000000110110000000000000000000001100000000000001001000000001100110000000100010000000000000000000000001010000000000000000000000000000000000000111000000000000000000000000000000000001000011000000000000000000001000000000000000000000100000100000000000000000000000000000000000
000000000011100000000111000000000000110000000000000000000000001100000001000100110000000000110001100000011100100000000000000000000000100000000000000000000000000000000000000010000000000000000000000000000000000000001100100000000000000000001000000000000000000000000000000000000000000000000000000000000000
000000000000000000000100000000000000111000000011000000000000000000000001000100000000000000010001110000010001001111000000000001000000000010000000000000000000000000000000000000000000000000000000000000000000000000010101110000000000000000000000000000000000000000000011000000000000000000000000000000110000
000000000000000000000000000000000010110100000110001000000000000000000000000000000000000000000100011000000000111111100010100010100000000101000000000000000000000000000000000000000000000000000000000000000000000000111101000000000000000000000000000000000000000000000000000000000000000000000000000001001000
111010001000000000000011000000100010011110000111001100000011000000000000111000000000000100000001101100000001100000000100100001000001100110000000000000000000000000000000000000000000000000000000000000000000000001100000000100000000000000000000000000001110000000000000000000000000000000000000000110001000
110000000110000000000011000000100000100010000011001000000011000000000000000000000000000100001000001000000100000000100010010000000001100000000000000000000000000000000000000000000000000000000000000000000000000010011110001010000000000000000000000010001001010000000000010000010000000000000000000110111000
101000001010000000000010000000100000010100000001110000000000000000000000000000000000000000001000011000000101101111100000000000000000000000000000000100000000000000000000000000000000000000000000000000000000000001111100000010000000000000000000000111000101000100000000010000010000000000000000000011100000
110100001110000000001110000000000000011000000000100000000000000000000000000110000001000000000110000000000100011111000000000000000000000000000000001011000000000000000000000000000000000000000000000000000000000000001101111000000000000000000000001111100100110000000000010000010000000000000000000000000000
010100000000000000001000000000000000000100000000000000000000000000000000000110000111000000000000000000000100011000001110000000000000000000000000010100000000000000000000000000000000000111000000000000000000000000000010110000100000000000000000000000000110001111100000000000000000000000000000000000000000
001000000000000000001010000000000000000010100000000000000000000000000000000000000011000110000000000000000100001000001110000000000000000000000000011001000000000000000000000000000000001000100000000000000000000000000000000000100000000000000000000000001011000010010000000111000000000000000000000000000000
000000000000000000000110000000000000000011000000000000000000000000000000000000000001100000000000000000000100100000001000000000010000000000001000000000010000000000000000000000001110000001000000000000000000000000000000011010100000000010100000000000011100001110010000000000000000000001000000000000000000
000000000000000000000000000000000000010000000000000000000000000000000000000000000000100010000000000000000010011000000000000000101000000000010000000000000000000000000000000000001000100010000000000000000000000000000000000101100000000010010000000000011000110000110000000000000000000001100000000000000000
000000000000100000000000011000000000000100000000000000000000000000000000111000000000000011000000000000000001100000000000000111111100000000011000000000000000000000000000000000000010000100000000000000000000001100000000000010000000000000010000000000110000000000000000000000000000000000110000010000000000
000000000001110000000000100100000001001000000000000000000000000000000000110000000000000111000000000000000000100000000000001100000100000000000000000000000000000000000000000000000000000101100000000000000000001100000000000000000100001001011000011000001000001011000000000000000000000000011100110011000000
000000000010101000000000011000000000000000011100000110000000000000000001100110000000001100000000000000000000000000000000000010000000001110000000000000000000000000000110000000000001010100000000000000000000000000000000000010111100010101111000110000010000000000000000000000000000000000011101100001000000
000000000111011100000000000000000001100000010100000110000000000000000000100100000000000000000000000000000000000000000000000000001100000000000001000000110000000000001010000001000001100100000000000000000000000000000000000010000000010110111000001000000110000000000001000000000000000000000000000001000000
000000110110101000000000000000000000000000010010000000000000000000000000011000000000000011100000000000000000000000000000000000011000000000000110100001010000000000001100000010100011001110000000000000100000000000000000000010000000011100100001000000001000000000000110110000000000000000000111110010000000
000000101101110000000000000000000000000000000110000000000000000000000000000000000000000000100000000000000000000000000000000000011000001100000110110010010000000000001100000110110111001110000000000000101100000000000000000000000000011011110000100110000000000000001011110000000000000000000010001100000000
001100001000100000000000000000000000000000000000000000000000000000000000000000000000000011100000000000000000000001100000000000000000011100000000100010010000000000010100000110110110000100000000000000100100000000000000000000000001110111111000001110000000000000000010000100000000000001110000000000000000
010001110000000000000000000000000000000000000000000000000010000000000000010000000000000000000000000000000000000001100000000000000000001000000111000110110000000000110110000001000111110100000000000000011100000000000000000001110001000001001011000000001000000010001100010010000000000000000001110000000000
010000100000000000000000000000011000000000101100000000001101100000011100101000000000000000000000000000000001000000000000000000000001001000000111000000100000000000010100000000000100001000000000000000000000000000000000000011101101110000000000000000110000001111100011000000000000000001110001110000000000
011011000001110000010000000000011000000000111100000000001101100000010111111000000000000000000000000000000011100000000001010110000001010000000000000000010000000000001000000000000011110000000000000000000000000000000000000100000000000000001110001101000000011101110011101110000000000000000001100000000000
000110000001110001101100000000000000000000011100110000001111100000010110010100000000000000000110000000000100010000000010000001000000100000000000000111110000001000000000000000000001000000000000000000000000000000000000000000000000000100000000001000100000001100001011000010000000000000000000000010000000
000000000011000010101100000000000000000000000000001000000101000001011110001000000000000000001000000000000011001000000001000010000000000000000000001011000000011100000010000000000000000000000000000000000000000111000000000011100000110100000000000111000000000111000000111100000000000000000000000110000000
000000000001100010001100000000000000000000000101110000000010000001001000011000000000000000000110000000000001110000000001000000000000000000000000001010000000000010000101000000000000100000000000000000000000001000100000000001100011010100000000000000000000000010001000001100000000000000000000000000000000
000000000001110001110000000000000000000000000100010000000010000000111011111110000000000000000000000000000000000000000000100100000001110000000000000000000000011001000101000000000000100000000011000010000000010000000000000011010111010000000000000000000000000011110000000000000000000000000000000000001000
000000000000111000001000000000000000000000000000000000000000000000000001000010000000000000000000000000000000000000000000101000000001110000000000000000000000000000000010000000000000100000000000010010100000001000000000000001001001100000000000000000000000000001000000000000000000000000000000000110000000
000000000100000111001000000000000000000000000000010000010100000000000000000000000000000000000000000000000000000000000000111000000000000000000000000000000011101101000000000000000000000000001000010010010000000010001000000000110000000000000000000000100000000001000000000001100000011000000000000111000000
000000000110000011101000000000000000000000000000011000010100000000000000111000000000000000000000000000000000000000000000000000000000000000000000000000000100100110000000000000000000000000001111101011100000000001110000000000000000000000000000000001110000000000000000000111100000001010000000000111010000
000000000001000000010000000000000000000000000000000000011100000000000000000000000000000000010000000000000000010000000000000000000000000000000000000000000010001000000000000000000000000000001110010000000000110000100000000000000000000000000000100011011000000000000000001000010000000100000000000001011000
000000000010100000000000000000000000000000000000000000000000000000000000000000000000000000010000000000000001011000000000000000000000000000000000000000000000000100000000000000000000000000000000001010000000110000100000111000000000000000000000100001100000000000000000001100001000000000000100000011100100
000000000010100000000000000000000000000000000000000000000000100000000000000110000000000000000000000111011010111100000000000000000000000000000000000000000000101000000000000000000000000000000000000100000000110000100000110110000000000000000000100000100001100000001111011100110001100000001111000011011000
000000000011100010000000000000000000000000000000000010000000000000000000000110000000000000000000000000010011000000000000000000000000000000011000000110000000010000000000000000110000000000000000000000000000000100000000110101000000000000000000000000100010100000010011111000000011100000010100100000000000
001000000000000010110000011000000000000000000000000010000000011100000000000000000000000000000000000000001110000000000000000000000000000000100100000110000000000000000000000000110000000000000000000000000000000100000000000111000000000000001110000110100000100000101000111100000100010000110010010000000000
001100110000000010000100010000000000000000000000000010000000011000000000000000000000000000111000000000001100000000000000000000000000000000011000000000000000000000000000000000000000000000000000000000000000000100000000000000000000000000000000000000001000100001100000001010000010100110011100100000000000
010100000000000001100010001000000000000000000000000000000001001000000000000000110000000001000000000000000000000000000011000010000000000000000000000000000000000001010000000000000000000000000000000000000000000000000000000000000000000000000110000000001001000001000000000011000000100001001111000000001110
000110000000000000000100000000000000000000000000000000000001000101000000000000000000000010000010110000000000000000001101100100100000000000000000000000000000000000001000000000000000000000000000000000000000000000000000000000000000000000000101110000000100000001110000011010000000000101000000000000001010
001110000000000000000100000010000000000000000000000000000000011011000000000000000000000001000101011000000000000000001100010011100000000000000000000000000011100010010000000000000000000000000000000000000000000000000000000000000000000000000000010000000000000000000100001010000000011000000000000000010010
001100100000000000000000000100000001000000000000000000000000010001100000000000000011100000110101000000000000000000000000010001000000000000000000000000011010100001100000000000000000000000000000000000000000000000000000000000000000000000000001100000000000000000101101100100000000111010100000000000000000
000011000000000000000000000010000000110000000000000000000000001100000000000000000010010000001011001000000001100000000110000000000000000000000000000000010010110000000000000000000000000000000000000000000000001100000000000000000000000000000000000000000000000000100001011000000000100000100000001100000000
000000000001010000000000001010000100100000000000000000000000000100000000000000000100010000000100000000000000010000000110000000000000000000000000000000010011000010100000000000000000000000000000001110100000010010000000001000000000000000000000010100000000000000000000100000000000001110000000001110000001
000000000011011000000000001100001111000000000000000000000000000100000000000000000111100000000100010000000001000000000100010001000000000000000000000000001011000011100000000000000000000000000000000000000000001100000000010100011100000110000000000000000000000000000001000000000000001110000000000000001100
000000000000001000000000000000110100000000000000000000000000000010000000000000000010000000000010100000000001110000000100011111011100000000000000000000001000000001000000000000000000000001000000001100011000000000000000000000011100000110000000100010000000000000001000000000000000000000000000000000000100
000000000011000100000000000000111000000000000000000000000000000010000010000000000000000000000000000000000000010000000100000010001100000000000000000000000000000000001100000000000000000010100000000100000100000000000000011100100010000000000000110000000000110000000000000000000000000000000000000000000010
000000000000111000000001100000000000000000000000000000001100000000100010000000000000000000000000000000000000000000000000010000000000000000000011000000000101010000010010000000000000000010100000000011000010000000000000000000100010000000000001000100000000101000000000000000000000000000000000000000000010
000000000000000000000001000000000000000000000000000011101000000000000000000000111000000000000000000000000000000000000000101000000000000000000011000000000011110000001100000000000000000001000000000011000111000000000000000000100000000011111000010000000000011000000000000000000000000000000000000000000000
000000000000000000000001110000000000000000000000000100010110000000001000001000001000000000000000110000000000000000000001101100000000000000000000000000000011100000000000000000000000000000000000000000000000000000000000000000010010000010011110100000100000000000000000000000000000000001000000000000000000
000000000000000000010000000000000000000000000000110100101011010111110000010100000100000000000001001000000000000000000001001000000000000000000000000000000000100000000000000000000000000000000000000000010000000000000000000000001101100010000010000001010000000000000000000000000000000010100000101100000000
000000000000000000010000000000000000000000000110101111000110001111100000011100100100000000000000100100000000000000000000010000000000000000000000000000110000110000000000000000000000000000000000000000010000000000000000000000000000100001101000000010001000000000000000000000000000000010010000100010000000
000000000000000000010000000000000000000010001111100000000111101011000000001000000000000001100000000010000000000000000011000010000000000000000000000000110001011000000000000000000000000000000000000000010000000000000000000000000010000000011000000001010000000000000000000000000000000001100000000001010000
000000000000000000000000000000000001010000001101001111000001110000000000000110110000000001100000100010000000000000000000010100000000000000000000000000000001010000000000000000000000000000000011000000000000000000000000000000000011100000000000000000010000000000000000000000000000000000000000000011101000
000000001000000000000000000000100010000100000000001110110000000000000000000110010000000000000000011010000000000000000000001000000000000000000000000000000000100000000000000000000000000000000011000000000000000000000000000000000001010000000000010000000000000000000000000000000000000000000000000100000000
000000001000000000000000000001101100001100011000000100100000000000000000000100010000000000000000100000000000000000000000000000000000000000000000000000000000010000000000001000000000000000000000000000000000000000000100000000000001110000000001111000000000000000000000000000000000000000000000000010000000
000000001000000000000000000011101100000000011000000000000000110000000000000100110000000000000001110000000000000000000000000000000000000000000000000000000000000000000000010100000000000000000000000000000000000000001110000000111000000000000001000000000000000000000000000000000000000000000000000000010000
000000000000000000000000000001000010000100010010000000000011011000000000000110010000000000000000000000000000000000000000010000000000000000000000000000000000000000000000110110000000000000000000000000000000000000010011000000000001100000000000111100011000000000000000000000000000000001100000000000110000
000011100011100000000000000000000110000100001000000000011111010000000000001110000100000000000101100000000000000000000000100010000000000001100000000000000000000001100000000100000000000000000000000000000000000000111011000000000000000001100010000010101000000000000000000000000000000010010000000000110000
000000000000001110000000000001100110000000000000000000100000100000000000001001101100000000010001000000000000000000000000010001000000011000110000000000000000000010010010000000001100000000000000000000000000000000100000000000000000000000010100011000100100000000000000000000000000000001001100011010110000
000000110000000000000111000011100011000000000000000110000011000000000000001000001100000001000001000000000000000000000000110110000000011001110000000011000000000010100010001000000100000000000000000000000000000000011001011100000000000100010010000010000100000000000000000000000000000000100010111110100000
000000100100000000000000000110011101100000000000001100011011000000000000000100001000000001001111000000000000000000000010111100000000100110001111000110000000000001000110110000000000000000000000000000000000000000000000000100000100000000010001000010000000000000000000000000000000000000100010101100111000
000001000000000000000000000000011100000000000000011100000100000000000000000000100000000000110000000000000000000000000100011000000001010010000101100011000000000000011000000000000000000000000000000000000000000000000001011010011011000010100000011010100100000000000000000000000000000000010000100000010100
000011000010000000000000000000011000000000000000110000000000000000000000000000000000000000000000000000000000000000000011100000000010100010000100110001110000000000011000000001000110000000000000000000000000000000000000101000000100000000000000000010000100000000000000000000000000000000000001000010101110
000000010000000000000000000001011000000000000000000000000000000000000000001000000000001100000000111000000000000000000001000000000001110000110000110000010000000000101000000000010010000000000000000000000000000000000000001010000000000000000000000000101000000000000000000000000000000000110000000011000111
000000000000000000000000000001110000000110000000000000000000000000001000010100000110001100000000101000000000000000000000000000000000100000001110100000010000000000011110000000011100000000000000000000000000000000000000001010000000000000000000000000010000000000000000000000000000000000110100000101000000
000000000000000000000000000000100000011011000000000000000000000000010110001100011001000000000000101000000000000000000000000000000000101000000111000000000000000000001100000000001000000000000110001100000000000000000000001100000000000010000000000000000000000000000000000000000000000000000100000000101000
000000000000000000000001100000000000010010000000000000000000000000000001000000010000000000000000010000000000000000000000000000000000011000000111000000000000000000001100110110000000000000011010001011000000001000000000000000000001011111000000000000000000000000000000000000000000000000000100000000110000
000000000000000000000010000110000000010010000000000000000000000000011000100000000001000000000000000000000000000000000000000000000000000111000000000000000100000000000000100010000000000000010000000001000000001100000000000000000010110100010000000000000000000000000000000000000000000000000000000000000000
000000000000000000000001100110000000001100000000000000000000000000001001000000010010000000000000000000000000000000000011000000000000000000000000000000000010000000101100011100000000000110010100000101000000000100000000000000000001000000001000000000000000000000000000000000000000000001110101000001000000
000000000000000000000000000000011000000000000000000000000000000000000010000000001000000000000000000000000000000000000100000000000000000000000000000000001011000000111000011100000000001001000001110000100000000000000000000000000000000110110000000000000000000001110000000000000000000000000010000001000001
000000000000000000000000000000010010000000001010000000000000110000000000000000000000000000000000000000000000000000000100111100000000001000000000001100000101000000010000000000000000000110010000000011100000110001110000000000000000001011000000000000001100000000000000000000000000000000000000000001000000
000000000000000000000000000000010010000000100001000000000001001000000000000000000000001000000000000000000000000000011010000001000000110110000000001100000000000000000000000000000000000000010000000110000000010000000000000000000000000000000000000000010010111001010000000000000000000000000000000100001010
000000000000000000000000010000001010000001111010000000000001001000000000000000000000010100000000000000000000000000101000100000100000010010000000000000000000000011000000000000000000110000100000101001010000101000010000000000000000000000000000000000000000000100100000000000000000000000000000001000000000
000000000000000000000001001011100000000001000100000000000001100000000000000000000000000100000000000000000000000000100000101000100000011100000000000000000000000110000000000000000000110000010110000001010001001010010000000000000000001110000000000000000000000000000000000000000000000000000000001000100000
000000000000000000001101010000000000000000111000011000000000110000000000000001010011111000000000000000000000000000110100000100100000001100000000000000000010001100000000000001000000000000001000000000100001000110100000000000000000000110000000000100000000000001000000000000000000000000000000000101000000
000000000000000000001100000010100000000000111000011000000000010000000000000011011011010000101000000000000000000000001100000111000000011000000000000000000101001110000000000000110000000000000000000000000000111001100000000000000011000000000000000010000011111100000000000000000000000000001011000010000000
000000000000000000000000000001000000000000000000000000000000010000000000000001001000100001001000000000000000000000000000000110000000000000011000000000000011001101100000000001100000000000000000000000000000000000000000000000000100100000000000000110101000000001100000001100000000000000000110000000010000
000001000000000000000010000100000000000000000000000000000000000000000000000001110000110001100000000000000000000000000000000000000000000000011000000000000000000101100000000000000000000000000000000000001100000000000000000000000011000000000000000010001100000000000000001010000000100000000000000000010000
000100100000000000000010011011000000000000000000000000100010001000000000000000111100000001100000000000100000000000000010011100000000000000000000000000011100000001100000000000000000001000000000000000000110000000110000000000000110011000000000000011111100000000000000010010000001010000000000000000010000
001100000000000000000000111000101000000000000000000001000110000010000000000000011110000000000011000011011000000000000111011101100000000000000000000000010100100000110000000000000000001000000000000000000100000001001000000000000000111000000000000001000000000000000000001100000001010000000000000000000000
001001100000000000101011100010001100000000000000000001000000110111000100000000000011110000000011010000000000000000001011111111000000100110000000000000000001100111100011100000000000001000000000000000001000000000110000000000010011011000000000000000100001000000000000001000110000100000000000000000000000
000110000000000010101100101000000000000001111000000000111100000110000101010000000001110000110101100010001000000000000000011010000100010111000000000000001001000001000000000000000000000000000000000001100000000000000000000000000100000000000000000000100000000000000110000000100000000000000000000000000000
000000000000000101000000000000111100000001000100000000100100000001000110010000000000010001000100000001110000000000000000110000001000010001000000000000000001000000000000000000000000000000000000000001100011100000000100000001000100000000000000000000000001000000001100000000000000000000000000000000000000
000000000000000000000000001000001100000001100010000000000000000000000100110000000110000001101100000000000000000010000000100000000001000011011000000000000001000000000000000011000000000000000000101000000000000000000100000001100000000000000000000000000010000011101010000101110000000000000000000000000000
000000000000000101000000000001011000110000001100000000010100000000000100100000000110000000000000000000110000000111011011000000001110000000001000000000000001000000000000000011000000000011100011010110000000000000001010001101000000000000000000000000000000000110110100001000110010000000000000000000000000
000000000000000011000000000000110000000000001100000000001000000000000011000111000000001100000000000000110000001000010111000000000111000000101000000000001000100000000000000000000000000001100000001010000000000000000100000001000000000000000110000000000000001110101000001000100010000000000000000000000000
000000000000000010000000000000001000000000010110000000000000000000000000000100100000001100000000000000110000000111111110000000000001000001110000000111000100010000000000000000000000000010001110000010000001010000000100000000101100000000001001000000000010001101100000001011000010000000000000000000000000
000000000000000001100000000000000000000001100001000000000000011000000000001000100000000000000000000000000000001110000000000000000000000000110000000000000010000000000000000000000000000000010000100000001101010000000000000101111000000000000110000000000010000001001100000111111100000000000000000000010000
000000000000000101000000000000100000110000100001000000000000011000000000000100100000000000000000000000000000011000000000000000000000000000000000000000000001110000000000000000000000000000000001101000001000010000000000000000000000000000000000000000000010000100101100000011111000000000000000000000111000
000000000000000010000100000001010001010000000001000000000000000000000000000101000000000000000110000000000000010100000000000000000000000000000000000000000000000000000000000000000110000000001000000100000110100000000001110000000000000000000000000000000000000011000000000110111000000000000000000001001100
000000000000000100001110000001000011010000001110000000001000000000000000000000000000000011000110000000000000000100000000000000000100000000000000000000010000000000000000000000001000000000001111111000000000100000000010001000000000000000000000000000000000000010000000000110000000000000000000000001100010
000000000000001100010101000000100001100000000000000000001000000000000000000000000000000011000000000000000101000000000000001000000100000000100000000000111000000000000000000000011000000000011010011000000000000000000001010000000000000000000000000000000000000000000000000000000000000001000000000000000011
000010000000001100010101000000000000100000000000000000001000000000000000000000000000000000000000000000000111100000000000000000000100000000100000000001010100000000000001110000001000110000000011000000110000000000000000100000000000001000000000010000000000110000000000000000000000000010100000000000000011
000101000000000000001110000000000000000000000000000000000000000000000000000000000000000000000000000000000001000000000000000000000000000001000000000011101110000000000000000000001101101000001011000000011000000000000000000000000000010100000000101000000000101000000000000000000000000100100000000000000011
000110000000000000000100000010000000000000000000000000000000000000000000000000000000000000000000000000000000000000000000000000000000000110110000000001010100000000000000000000000001100000000000100000110000000000000000000000000000001000000000001000101000100100000000001110000000000011000000000001100010
000000000000000000000001110100000111100000000000000000000000000000000000000000000000000000000000000000000000000000000000000000000000001000000000000000111000000000000000000000000000100000000110110000000000000000000000000000001000000000000010000000000000100000010100001110000000000000000000000001001100
000000000000000000000000000000000110000000000000000000000000000000001100000000000000000000000000000000000000011000000000000000000000010001110100000000010000000000000000000000000000100000010110100000000000000000010011100000001000000000000000000001000011110010011000000100000000000000000000000000111000
000000000000000000000001000000110110001100000000000000000000000000010100000000010000000000000000000000000000000000000000000000000000010001000100000000000000000000000000000000010000010000000000000000000000000000010000000000001000000000000010100000100001110010000100000001000000000000000000000000010000
000000000000000000001000010100110100100100000000000000010000000000010000000000101000000000000000000000000000000000000000000000000000010010010001000000000000000001100000000000101101100011100000000000000000000111110000000000000000000000000000000000011110000101101000000110000000000000000011100000000000
000000000000000000001000000100100001001100000000000001101000000000010100000000011000000000000000000000000000000000000000000000000000010001000000111110000000000001100000000000100000100000000010011011000000000101000000000000000000000000000000111000000000000001100000000011000000000000000101110000000000
000000000000000000001000001101000001110000000000100000001000000000001100000000010001110000000000000000001010000010000010000000000000010000000110001001000000000000000000000000010010110000000010111110000001100011100000000000000000000000000001010100000000000000000000000000000000000000000110001000000000
000000000000000000000000000001000100000000000000100001010000000000000000000100000001001000000000000000011000100011000101000000000000000000100000100000000000000000000100000000000000100000000110000111000001100001110000000000110000000010100000000110000000000000000000000000000000000000000011101000000000
000000000000000000000000000000101000000000000000101000100000001000001000001010000001000000010000000000100001000011001000100000000111001000100010101011000000000000011000000000000101000000000110000011010000001100100000000000110000000011010010000110000000000000000000000000000000000000000001110000011000
000000000000000000000000000000010000000000000000000000000000110100010100001010000001000100101000110000101110000000000100100000000110000111000010100000000000111100011100000000000010000000000000000000010000000111000000000000000000000001000111111011000000000000000000000000000000000000000000100000011000
000000000000000000000000000000000000110000000000000000000001000000000000000100000001000100001100110000010000000100000001100000000100000011001001100001000001100100100000000000000000000000000000001100010000000010000000000000000000000000000010011010000000000000000000000000000000000000000000000000000000
000000000000000000000000000000000000110000000000000000000010000100010001000000000001001000001000000000000000001010000000000000000000000001100101110001000011001000011000000000000000000000000000010001000000000000000000000000000000000000000000001100000000000000000000000000001010000000000000000000000000
000000000000000000000000000100000000000000000000000000000010000000000000100000000000010000000000000000000000010001000000000000000000100001100011010010000001001000000011000000000000000000000000000001000000000000000000000000000000000001000010000000000000000000000000000100000010000000000000000000000000
000000000000000110000000001010000000000000000000000000100001100000000000000000000000000000000000000000000000001010000000000000111001111001100010001100000000110000000010000000000010000000000000001000000000000000000000000000000000000000000001000000000000000000000000000100000000000000000000000000000000
000000000000000010110000001010000000000000000000000000100000000000000000000000000000000000111000010000110000000100000000000000011011011011100000000100000000000000000011000000000101000000000000000000000000000000000000000000000000000110101001000000000000000000000000000000011000011100000000000000000000
000000111000000000001000000100000000000000000000000001011000000010000000000000000000000000101000001000100101000000000000000000000100100010000000000000000000000000001110000000000101000000000000000000000000000000000000000000000000000000110000000000000000000000000000000000000001100100000000000000000000
000000000000000000001000000000000000000000000000000000001110000101000000000000000000000001000000010001001101100010000000000000000111000010100000000000000000000000001100000000000010000000000000000000000000000000000000000000000000000101000000000000000000000000000001000110010000101000000000100000000000
000000000000000000111001110000000000000000000000000000010010001001100000000000000000000011010000000001110010100010010000000000000100000001000000000000000000000000000000000000000000000000000000000000000000000000000000000000000000000001000000000000000000000000000011000110010000001000000001100000000000
000000000000000000000000000011100000000110000000000010001010001000010110000000000000000011100000000000100001100000000000000000000010000001000000000011000000000000000000000000000000000000000000000000011000000000000000000000000000000010100000000000000000000000000100101001010000011000000001001110000000
000110000000000000000000000000000000000110000000000010001100001000010100000000000000000000000000000011000000000000000000000000000000000000000000000101000000000000000000000000000000000000000000000000100100000000000000000000000000000001101000000000000000000000000011000110000101000000000001001110000000
000110000000000000000000000000000000000000000000000010000000000100011000000000000000000000000000000000000000000000000000000000000000000000000000000010000000000000000000000000000000000000000000000000011000000000000000000000000000000001101000000000000000000000000000000000000000000000000000100000000000
