300 300
000000000000000011110000000000000000000000000000000000000000000000111000000000000000000000000000000000000000110000000000000000000000000000001100000000000000000000000000000000000000000000000010000000000000000000000000001100000000011000000000000000111000000000000000000000000000000000001110000000000000
000000000000000010110000000000000000000000000000000000000000000000101000000001000000000000000000000000000000111000000000000000000000000000010110000000000000000000000000000000000000001100000010000000000000110000000000010010000000100100000000000000111000000000000000000000000000000000001110000000000000
000000000000110111000000000000000000000000000000000000000000000000100000000110110000000000000000000000000000001000000000000000000000000000110000000000000000100000000100000000000000001100000010000000000000110000000000010010000000011000000000000011000000000000000000000000011000000000000000000110000000
000000000001100000000000000011000000000000000000000000000000000000010000000001000000000000000000000000000000000110000000000000000000000000010010000000000000100000001010000000000000000000000000000000000000000000111000001100000000000000000000000011100000000000000010011000110110000000000111000110000000
000000000000101100000000000111011000000000000000000000000000000000101000000000000000000000100001110000001000000110000000000000000000000000010010110000000000100000001001000000000000000000000000000000000000000000000000000000000000000000000000000000111000000000000010011000010010000000000110100000000000
000000000000011000000000000011011100000000000000000000000000000000110001110000000000000001000000001011010110100011000000000000000000000000001000011000000000000000000110000000000000000000000000000000000000000000000000000000000000000000000000000111011000000000000010011011011010000000000101000000000000
000000000000000000000000000011110100000000000000000000000000000001011000000000000000010000000000000101010101100111000000000000000000000000000111000100000000000000000000000000000000000000000000000000000000001100000000000000000000000000000000000110110000000000000000000110001100000000000111000000000000
000000000011000000000000000010011111000000000000000000000000000011011000000000000000110101000000000101010011100110000000011011000000000000000000010010000000000000000000000000000011000000000000000000000000001100000000000000000000000000000000000000011101000000000000000000000000000000000000001100000000
000000000011000000000000000010100110100000000011100000000110000001010000000000000000010000001001100110110000000001100000100011000000000000000000010100000001000000000000000000000011000000000000000000000000000000000000000000000000000000000000000000001100000000000000000000000011000000000111001100000000
000000000000000000000000000000100010110000000011100000000101000000010000000000000000001110000000000110110000000101100000101011000000000000000000000000000001000000000000000000000000000000001100000000000000000000000011000000000000000000000000000000000100010000000000000000001101000000000101000000111000
000000000000000000000000000010010010100000000000000000000010000001100000000000000000000100100000000001000000000110000000100100000000000000000000000000000001000000000000000000000000000000001100000000000000000000000011000000000000000000000000000000000001010000000000001000101100000000000000000000000000
000000001100000000000000000010000000000000000000000000000000000011010000000000000000000000000000000000000000000000000000110010000000000000000000000000000000000000000000000000000000000000000000000000000000000000000000000000001000000000000000000000000000000000000000001010000100100000000111000000000000
000000001010000000000000000000000000000000011000010000000000001100010000000000000000000010000010000000000000000000000000011100000000000000000000000000000000000000000000011000000000000000000000000000000000000000000000000000011100000000000000000000000000000000000000001010100011100000000000000000000000
000000000100000100000000000000101000000001100011100000000000010100000000000000000000000111000000000000110000000000000000001000000000000100000000000000000100000000000000010001000000000000000000000000000000000000000000000000100100000010000000000000000000000000000000000000000010000000000000000000000000
000010000000000100000000000000010000000001001111100000000000110001100000000000000000000010000000000000101000000000000000000000000000001010000000000000001010000000000000001111000000000000000100000000000000000000000000000000110000000101000000000000000000000000000000000000000001100000000000000000000000
000111000000000100000000000000000000000001000000100000000000010110000000000000000000011010000000110001100000000000000000000000000000001100000000000000001010000000000000010010000001100000000100000000000000000000000000000000010100000101000000000000111000000000000000000000001000100000000000000000000000
000001100000000000000000000000000000000000110111000000000000010000000000000000000000001011000000110001110000000000000000000000000000000000000000000111000100000000000000001100000001100000000100000000000000000000000000000001010000000010000000000000000000000000000000000000001111000000000000000000000000
000000000000000000000000000000000000000000001101000000000000010000001000000000011000000100110000110001100000000000000000000000000000000000000001110111000000000000000000000000000000000000000000000000000110000000000000000111100001100000000000000010000010000000000000000000000100000000000000000000001100
000001000000000000011100000000000000000000000000000000000000001000110110000000011001100010001101100000011000000000000000000000000000000000000001000011000000000000111100001000000000000000000000000000001001000000000000000111111011100000000000000010000010000000000000000000110000000000000000000000010100
000011000000000000000000000000000000000000000000000000000000000000100110000000010000100000101100000000001000000011000000000000100000000000000010001001110000000010101100001000000000000000000000000000011011000000000000000000011000000100000000000010000010000000000000000001110000000000000000010000001000
000011000000110000000001000000000000000000000000000000000000000010101110000000001001000000010000000000001000000101000000000000100000000000000111100100100000000100100010000000000000000000010000000000011000000000000000000000000000001001000100000000000000000000000000000001001000000000000000101000000000
000011000001111000000001000000000000111000000000000001110000000001011100000000000000000000000000000111000000000010000000000000100000000000000111001000000000000011000011000000000000000001111100000000010100000001000000000111100000001000111011000000111000000000000000000001110000000000000000101000000000
000110000011010101000001000000000000111000000000000011101000000000010000000000000000000000000000000110000000000000001100000000000000000000001100111000000000000001111000000000000000000011100010000000001100000000100000000111000000001000011011000000000000000000000000000000110000000000000000010000000000
000110001101101110000000000000011100011000000000000100001000000000000000000000000000000000000000000100000000000000010100000000001110000000000010000010100000000000111111000000000000000110001001000000000010000100010000000010000000001000100000000000000000000000000000000000000000000000000000000000001000
000100001110101000011100000000011001100000001000000001110000000000000001000000000000000000000000000000000000000000001000000000000000000000000000001111100000000000011001100000000000000001001000000000000000101100101000000000000001100001001101100000000000000000000000000000000000000000000000000000001000
000000001000010000000000000000001100100000010100000101100000010100000100000000000000000000000000000000000000000000000000000000000000000000000000011111000000000000000000000000000000000001001010000000000000010011010100000000000001000010001100100000000000000000000000011000000000000000000000000000001000
000000000101110000000000000000001111100000100100011000000000110010010010000000000000000000000000000000000000000000000000000000000000000000000000100100000000000000000000000000000000000011101011100000000000000011011100001100000000100100000110000000000000000000000110000011000000000000000000000000000000
000000010000000000000000000000000110000000001000010000000011000010010010000000000000000000000000000000000000000000000000000000000000000000000000011000000000000000000000000000000000000000011010000000000000001010000000001100000000000000000101000000000001100000000110001110000000000000000000000000000000
000000011011000000000000000000000010000000000001010000000011010100010100000000000000000000000000000000000000000000000000000000000000000000000000000000000000000101110000011100000000000000011010010000000000000100000000000000001000011000101110000000000001110000000000000000000000000000000000000011000000
000000000010000000000000000000000000000000000101100000000000000000001000000000000000000000000100000000000000000000000000000000011000000000000000000000000000001111101000011111100000000011111010100000000000000000000000000000011100100000000010000000000100001000000000000000000000000000000000000100100000
000011000110000000000000000000011000000000000101100000000000011001000000000000000000000000001111000000000000000000000000000000011000000000000000000000000000001101000000001000010000000000111100000000000000000000000000000000111110000110000000000100000110101000000000000000000000000000000000000011000000
000110000000000000000000000000011000000000000100000000000000011111100000000001100000000000010000100000000000000000000000000000000000000000000000000000000000000101000000000011010000000000011100000000000000000000000000000000010110111110000000001010000110110000100000000000000000000000000000000000000000
000011100000000000000000000000000000000001100000000000000000011001010000111001100000000000010000010000000000000000000000000000000000000000000000000000000000000011000000111001100000000000000000000000000000000000000000000000001111001000000000001010000000000001011000000000000000000000000000000000000000
000001100000000000000000000000000000101011100000000000000000011011101000000000000000000000000000000000000000000000000000000000000000000000000000000000000000000001000000110100000000000000000000000000000000000000000000000000000000010000000000000100000000000010010000000000000000000000000000000000000000
000000000000000000000000000000000000010110000000000000000000001100010000000000000000000000001000000000001000000000100000000000000000000000000000000000000011000000000000000010000000000000000000000000000000000000000000000000000000000100000000000000000000000011100000000000000000000000000000000000000000
000000000000000000000000000000010000000000000000000000000011001010000000000000000000000000000100001000001000000010010000000000000000000000000000000000000111000000000000001010000000000000000000000000000000000000000000100000000000001000000000000000000000000000000000000000000000000000000000000000000000
000000000000000000000000000000011000001010000000000000000110110000000000000000000000000000000000001100001000000100010000000000000000000000000000000000000001000000000000000010000000011000000000000000000000000000000000110000000011001000000110000000000000000000000000000000000000000000100000000000000000
000000000000000000000000000000000010000010000011000000000110111111110000000000000000000000000010000110000000000000100000000000000000000000000100000000011101000001100000000001110111000100000000000000000000000000000001010000000001010000001001000000000000000000000000000000000000000001010000000000001100
000000000000000000000000000000100010001100000011000000000110011101110000000000000000000000000001010000000000001000000000000000001000000000001111000000101110000001000000000000100111100100000000000000000000000110000000000000000000100100001001000000000000000000000000000000000000000001100000000000001100
000010000000000000000000000100000010000010000000000000000001001100000000000000000000000000000000110000000000001101110000000000011100000000010000100000101100010011100000010000010111111000000100000011100000000001000001100000000000000100000110000000000000000000000000000000000000000000000000000000000000
000010000000000000000000000100011101000010000000000001000000100100110000001000000000000000000000001000100000001001111000000000110110000000001000010000000001000110000000001000000000000000010001000000000000010011000001100000000000001100000000000000000000000000000000000110000000000000000000000000000100
000010000000000000000000000000001011000010000000001110110000101001001000010100000000000000000000001000100000000110001000000001110000000000101001011000000000000010100000000000000000000000100001000000000000100011110011100000000000000000000000000000000000000000001100100110011100000000000000000000001010
000000000000000000000000000000000011000100000000000100100000000001001000011000000000000000000000010000011000000101000000000001110000000011000110010100000000100110000000000000100000000000110110000000000011101010110111000000000000000000000000000000000000000000000000100100011011100000000000000000010000
000000000000000000000000000000001001010000000000000101100000000011011000000000000000000000000000111101110100000000001000000001110000000010011010001100000000110011000000000011011000000000010000000000000010001001111010000000000000000000000000000000000000000000000001010100110001010000000000000000001110
000000000000000000000000000000001101000000000000001011100000000000010000000000000000000000000000001100000100000101111000000000000001100000110011001000000000000000000000000011011000011000001100000000000000000000001100000000000000000000000000000000000000001000000001011000000000100000000000000000001010
000000000000000000000000000000000100010000000000000011100000000000000000000000000000000000001100000000001100000010000011110000000000000110000001000000000000000000000000000010110001001000010100000000000001000100010000000000000000000000000000000000000000011100100000100101000000000000001000000000000100
000000000000000000000001000000000011100000000000000000000000000000000000000000000001100000000010000001110000000000010000001000001000000000000011100000000000001000000000000000000000111000000100000000000100010101010000000000000000000000000000000000000000100001100011000000000000000000010100000000001110
000000000000000000000010100000000001000000000000000000000000100010000000000000000010010000100010000100000000000000010000000000010100000100010101000000000000110000000000000110110000000000001000000000000010000011100000000000000000000000000000000000000001101010101110000000001000000000100100000000000000
000000000000000000000001000010000000000000000000000000000001000000000000000000000010100001000010001010000000000000000110000100010100000100000010000000000000010110000000000000000000000000000000000000000100001111000000000000000000000000000000000000000001001000000110000000010100000000011000000000001010
000000000000000000000000000010000000000000000000000000000001000010000000000000000001000000100001101011000000000000000010101000001000000011001000000000000000000000000000000000000000000000010000000000000000001100000000000000000000011001110000000000000000100011000001000000010100000000000000000000000100
000000000000000000000000000001000000000000000011000000000001000010000000000000000000000001000000000000000000000000000000011100000000000001110000000000000100000000000000000000000000000000101000000000000000010100000000000000000000011110010000000000000000000000010001000000001000000000000000000000000110
000000000000011110000000000000000000000000000011000000000000100100000000000000000000000000100000001000000000000000000011111100000010000000100000000110011010000110000000000000000000000000111000000000000000111000000000000000000000000010010000000000000000000000001001000001110000000101000000000000000010
000000000000100010100000000000000000000000000000000000000000000000000010000000000000000000000000000000000000000000011110110110001001000000000000000111011010000000000000000000000000110000100100000000000110000000000000000000000000000010010001000000000000001100001110000010001000000101100000000001100101
000000000000000110000000000000000001100000000000000000000000000000000101000000000000000000001010100000000000000000110100001110000001000000000011000000100100000000000000000000000001010000110110000000010111000100000000000000000000110000110011000000000000001001000100000100001000000100000000000001110001
000000000001000010011000000000000001100000000000000000000000000000000101000000000000000000000101000000000000000001101000001011001010000000000010100001100000000000000000000000000001000000010100000000001001000100000000000000000000111000000100100100000000000101100010001100000100000010100000001110001001
000000000001000000000000000000000000000000000000000000000000000000000010000000000000000000000000000000000000000000101101011010000000000000000001000001000000000000000000000000000001100000010000000000000001101110000000000000000001001000000011011100000000000001000111001000000000000011001000001100101011
000000000000110000100000000000000000000000000000000000000001100000000000000000000000000000000000000000000000000000011011101100000000000000000000000111000000000000000000000000000001101000001100000000000000000111000000000000000000110000000001000100000000000000001000000001100100000000111100000000110110
110000000000010001000000000000000000000000000000000000000001100000000000000000000000000000000000000000000000000000000101010000000000000000000000000110000000000000000000000000000001101100010010000000000000000000000000000000000000000000000000000000000000000000000111011010000000000000011011000000100110
110000000000001110000000000000000000000000000000000000000000000000000000000000000000000000000000000000000000000000000101010000000000000000000000000000000000000000000000000000000011111000001100000000000000000000000000000000000000000000000000000000000000000000000011000000111110000000001000100000011100
000000000000001100000000000000000000000000000011000000000000000000000000000000000000000000000000000000000000000000000011100000000000000000000011000000000110000000000000000000000011011000000000000000000000000000000000000010000000000000000000000000000000000000000011100010101110000000010000010000100100
000000001100000000000000000000000010000000000011000000000000000000011100000000000000000000000000000000000000000000000010000000000000011000000100100000000110000000000000000000000011010000000000000000010010000000000000000010100000001000000000000000000000000000001010100001000110000000010000010000011100
000000010010000000000000000000000101000000000000000000000000000000100010000000000000000000000000000000000000000000000000000000000000010100001111110000000000000000000000000000000001000000000001100000010001000000000000000010100000011100000000000000000000011100000000000000100100000000010000010001000000
000000001100000000000000000000000011000000000000000000000000000001000001000000000000000000000000000000000000000000000111000000000000010110000100110000000000000000000010000000000010001000000001100000001010000000000000000000000001100110000000000000000000000000000000000000000000001100001000100000100100
000000000000000000000000000100000000000000000000000000000110010010001000100000000000000011100000000000000000000000000000000000000001100110001110010000000000000000000101000000000001010100000000000000000100000000000000000000000001101110000000001100000000000000000000000000010000001100000111000000111000
000000000000000000000000001011000000000000000000000000000000000010010100100000000000000000000000000000000000110000000000000000000010100000011000000000000000000000000101000000000000110100000000000000000000000000000000000000000001001110000000001100000000000000000110000000000000000000000000000000000000
000000000000000110000000011100000000000000000000000000000100010010001000100000000000001000000000000000000000110000000000000000000011000000010000000000000000000000000010000000000000001000000000000000000000000000000000000000000000110110000000000000000000000000001001000000000000000000000000000000000000
000000000000000110000000000000000000000000000000000000000100000001000001000000000000001000000000000000000000000000000000000000000000000000001100100000000000000000000000000000000000000000000000000000000000000000000000000000000000011100000000000000000000000000001111100011100000000000011100000000000000
000000000000000000000000000000000000000000000000000000000010100000100010000000000000001000000000000000011100000000000000000000000000000001110101110000011000000000000000000000000000000000000000000000000000000001000000000000000000001000000000000000000000000000000000110011111000000000100010000000000000
000000000000000000000000001100000000000000000000000000000000000000011100000000000000000000000000000000000000000000000000000000000000000011010000000000100100110000000000000000001100000000000000000000000000000001000000000000000000000001000000000000000000000000000000110110011000000000110000000000000000
000000000000000000000000001110000000000000000000000000000011100000000000000000000000000000000000000001000001000011100000000000000000001100000000100000011000110000000000000000010110000000000000000000000001001001000000000000000000000001000000000000000000000000000000100100000000000000001000000000010000
000000000000000000000000000000000000000000000000000000000000000000000000000000000000000110000000100001000001000100100000000000000000010001011111110000000000000000000001100000010001000000000000000110000011100100000000000000000000000001000000000000000000000000001111000101000011000000001001000000101000
000000000000000000000000000000000000000000000000000000000000000000000000000000000000000110000000100010000001001011100000000000000000010001010000010000000000000000000010010000001110000000000000000101100010011000000000000000000000000000000000000000000000000000000001000010000001000000000100100000011000
000000000000000000000000000000000000000000000000000000000000000011110000000000000000000000000000100010100000010100000000000000000000011010110010010000000000000000000001100000000100000000000000000000100000000000000000000000000000000000000000000000000000000000000000000000010010000000110111000000000000
000000000000000000000000000000000000000000001100000000000000000010011001000011000000000001000000000000001100001000000000000000000000010011000110100000000000000000000000000000000000000000000000000011100001100000000000000000110000000000000000000000000000000000000001100000000000000000010110000000000000
000000000000000000000000000000000000000000001100000000000000000011111001000011000000000100010000000110100000000000000000000000000000011100000011000000000000000000000000000000000000000000000000000000000000000000000000000000110000000000001000000000011100000000000000000000000000000000011000000000000000
000000000000000000000000000000000000000000000000000000000000000000110000111000100000001000000000000010001000000000000000000000000000010100000000000000000000000000010000000000000000000011000000000000000000000000000000000000000000010000011000000000100010000000000000000000000000000000000001000000000000
000000000000000000000000000000000000000000000000000000010000000100000000000111110000001000010000000000001000000000000000000000001100111000000000000000000000000000011000000000000000000011000000100000000000000000000000000000000000100000001000000001000001000000000000000000000000000000001010100000000000
000000000000110000000000000000000000000000000000000000010000001011100000000110000000011111100000000000111000000000000000000000000110010000000000000000000000000000101000000000000000000000000001110000000000000000000000000000000000000000000000000010000000000000000000000000001000000000000100100000000000
000000000000110000000000000000000000000000000000000000010000011001100000000000010000111000000000000000000000000010000000110000010100100010000000000000000000000000000000000000000000000000000010110010000000000000000000000000000000000001000000000010001100100000000111000000010100000000000101100000000000
000000000000000011000000000000000000000000000000000000000000011101100000000000011001010000011000000000000000000101000000110000010011000010000000000000000000000000000000000000000000000000000010110111000000000000000000000000000000000011000000000010000101100000000000000001000000000000000010000000011000
000000000000000011000000000000000000010000001000000001000000011001000000000000000101000000111001110000000000000101000000000000110000000100000000000000000000000000000000000000000000000001111100110101000000000000000000000000000000000000111100000000000000000000010000011111000001000000100000011000011000
000000000000000000000101110000000001101100010100000001000000001110000000000000011001001000000010001100000000000010000000000001000101001000000000000000000110001100000000000000000000000001000110000110010000000000000000000000000000000100111100000000010011000000010000010100010100100000110000011000000000
000000000000000000001010000000000001101100010100000001000000000000000000000000000001010000000010000000000000000000000000000110110000000000000000000000000110001100000000000000000000010001010001111000111000000000000000000111000000001000101100000000001110000000010000001101010101100000010000000000000000
000000000000000000010000010000000000000000001000001000000000000000000000000000011000000000000010000000000000000000000000001010100101000000000000000011100110000010000000000000000000110001010000010001100000000000000000000111000000000000001000000000000010000000000000000011010101100000000000000000000000
000000000000000000001111100000000000110110000000001000000000000000000000000000100100000000000000001000000000000000000011010000000101100000000000000100100000001100000110000110000000010000100000000001100001000000000000001000100000000000101000000000000000000000000111000000000001000000000000000000000000
000000000000000000000000000000000000110000000000001000000000000000000000000000100100000100000011000000000000000000000011010000000111000000000000001000000000001100000110000110000000001111000000000000100001000000000000001101100000000000010000000000000000000000000000000000100010000000000000000000000000
000000000100000000000000000000000000001000000000000000000000000000000000000000011110001010001010000000000000000000000001110011000100000000000000000100100000000000000000000000001110000100000000000000000000100000000000000000000000000000000000000100000000000000000000000000011100000000000000000000000000
000000001011000000000000000000000000001000100011100011100000000000000000000000000011000100000001000000000000000100000000010010000000000000000000000011100000000000000000000000000000000000000000000000010110000000000000000000000000000000000000001010000000000000000000000000000000000000000000000000000000
000001000010000000000000000000000000000100010000000000000000000000000000000000000011000000001000000000000000000010000001101010000000000000000000000000000000000000000000000000000000000000000000000000000010100010000000000000000000000000000000001010000000000000001100000000000011000000001100000000000000
000001000100000000001010000000000000000011000000001000000000000000000000000000000000000000000011000000000000100100000000111100000000000000000000000000000000000000000000000000000000000000000010000000000000001001100000000000000000000000000000000100000000000000001100000000000100100000100100011100000000
000010000000000000001010000000000000000000000000001000000000011000000000000000000000000000000000000000000001000000011000011000000000000000000000000000000000000000000000000000000000001101100101000000000000100100000000000000000000000000000000000000000000000000000000000000010000100000111000001101110000
000011010100000000000001000000000000000000000000001000000000111000000000000000000000001000000000000000000000101000100100000000000000000000000000000000000000000000000000000000000000000000000011000000000000110101000000000000000000000000000011000000011000000000000000000000001001000000010000000000110000
000001000100000000000011100000000000000000000000000001100001000000111100000000000000001000000000000000000000001000011000000000000000000000000000000000000000001110000000000000000000000000000000000000000000110101000000000000000000000000000100100000100100000000000000000000011110000000000000101001100000
000100011000000000000000000000000000000110000000000001010011100001111010000000000000001000000000000000000000001011001000000001100000000000000000000000000000000000000000000010000000000000000000000000000011101011100000000000000000000000000011000000011000000000000000000000000000000000000000000111100110
001100110000000000011000100000000001110111000000000001101100100011100010000000000000000000000000000000000000000110000000000001100000000000000000000000000000000000000000001000100000000000000000000000000010000001100000000000000000000000000000000000000000000110000000000000000000000000001100000101110110
110001100000000000010001000000000000110011000000000000101001000110000100000000000000000000000000000000000000000000000000000000000000000000000000001000000000000000000000000000100000000000000000000000000010100000000000000000000000000000000000000100000000000110000000000000000000000000001010000111010000
000000000000000000000110000000000011000001000000000000000011000000000000000000000000000000000000010100000000000000000000000000000000000000000000001100000100000000000000101010111000000000001000000000000001100000000000010000000001000000000000001010000000000000000000000000000000000000000110000110110100
000000000000000000000100000000000100100101010100000000000000000000000000000000000000000000000000010100000000000000000000000000000000000000000000000100011011000000000001000100010110000000011100000000000000000000000001001000000010100000000000001010000000000000000000010000000000000000000001111000001000
000001100000000000001010000011100011100010101010000000000000000000000000000000000000000000000000000001000000000000000000000000000000000000000000000000001110000000000000110000000000000000010110000000000000000000000010000000000010100000000000000100000000000000000000010000000000000000000000111000000000
000011010000000000011100000000100011000000100010000000000000000000000000000000000000000000000000000111000000000000000000000000000000000000000000000000000000000000000000010001101101110000000001000000000000000000000010000100000001000000000000000000000000000000000000010000000000000000000000000000000000
000001010000000000110100000111100000100010011100000000000000000000000001000001000000000000000000000010000000001100000000000000000010000000000000000000000000000000000000000000110001101100000000111100000000000000011111000000000000000000000000000000000000000000000000000000000000000000000000000000000000
000000000000000000010100000000000000011000011000000000000000000000000011100010100000000000000000000000000000001100000000000000000101000000100000000000000000000000000000000001010001001000000000011110000000000000011000000000000000000000000000000000000000000000000111000111000000000000000000000000000000
000000000000000000100100100000000000000100011001000011000000000011100111110111000000000000000000000000000000000000000000000000000101000001011000000000000000000000000000000001010000100010011000001111000000000000000000111000000000000000000000000000000000000111000000000000000000000001101100000000000000
000000000001110001000000100100000000000001010011000100100000000100100000011100000000000000000000000000000000000000000000000000000010000001000000000000000000000000000000000010000000011010001100000001100000000000000000000000000000000000000000000000000000000000000000000000000000000001000100000000000000
000000011010000010001000010000000000000000111111000101000000000110000000011100000000000000000000000000000000000000000000000000000000000000100010000000000000000000000000000100100000000010000010000000110000000000000000000000000000000000000000000000000000000000000000000000000000000000111000000000000000
000000000010000111001000000000000001000000000100000010000110001000111000011000000000000000000000000000000000000000000000000000000000000000010000000000000000000000000000000000100000000000000000000001100000000000000000000000000000000000000000000000000000000000000011100000000000000000000000000000000000
000000001010000000001000000000110001100000000000000000000000100100111001110000000000000000000000000000000000000000000000000000000000000000001100000000000000000000000000000101000000000000000000000000000000000000000000000000000000000000000000000000000000000000000111111000000000001100000000000000000000
000000000101100000010000000001001000111000000000000000000001000100000001100000000000000000000000000000000000000000000000000000000000000000000010000000000000000000000000000000000000000000000000011000000000000000000000000000000000000000000000000000000000000000001010010010000000010010000011000000000000
000000000001100000010000000001001000001000000000000000000000100100000001000000000000000000000000000000000000000000000000000000000000000000000000000000000000000000000000000000000000000000000000010000000000000000000000000000000000000000000000000000000000000000011001010001000000001100000011000000000000
010010000000001100000000000000100011100000000000000000000000011000110000000000000000000000000000000000000000000000000000000000000000000000010000000000000000000000000000000001011000000000000000000100000000001000000000000000000000000000000000000000001000000000001100110011000000000000000000000000000000
010000000000000000000000000000000000001100000000000000000000000110010000000000000000000000000000000000000000000000000000000000000000000001001000000000000000000000000000000001001000000000000000001000000000111000000000000000000000000000000000000000001000001000001111100000000000000000000000011100000000
000000000001010000000000000000001001011100000000000000000000000100100011000000000000000000000000000000000000000000000000000000000000001000010000000001101100000000000000000001110000000000000000000000000011100100100000000000000000000000000110000000001000010100001010000000000000000000000000110100000000
000000000001011000000000000000000001000000000000000000000110110011100100100000110000011000000000000000000000000000000000000000000011111000000000000001101100000000000000000000000000000000000000000000001001100001010000000000000000000000000110000000000000010010001011000000000000000000000001000000000000
000000000011011000000011000000001111100000000000001000001100011000000011000001000100000100000000000000000000000000000000000000000100010001000000000000000000000000000000000000000000000000000000000000001000100000000000000000000000000000000000000000000000001100000011000000000000000000000000110000000000
000000001110010000000100100000001001000000000000010100000110110000000000000000001101001010000000000000000000000000000000000000000100000010000000000000000000000000000000000000000000000000000000000000000000100000000000000000000000000000000000000000000000000000000000000000000000000000000000010000000000
000000001111010000000011000000000100100000000000011000000011100011000000000010000001010010000000000000000000000000000000000000001111000010000000000000000000000000000000000000000010000000000000000000000100100001100000000000000000000000000000000000000000000000000000110000000000000000011100000011000000
000000000001001000000000000000000011000000000000000000110001001101100000000110011101000111000000000000011000010000000000000000010000000101000000000000000000000000000000011000000100000000000000000110110000000000000000000000000000000000000000000000000000000000000000110000000000000000110100000101100000
000000000000110000000000000000000000000000000000000001001000001101000000000111010010000111000000000000011000111000000000000000000011100010000000000000000000000000000000011000000000000000000000000110110000000000000000000000000000000000000000000000011100001100100000111000000000001001010100001000010000
000000000000000000000001100000000000000000000000000000110000000011000100000011000001110110000000001100000001111100000001000101000011000000000000000000000000000000000000000000000000000000000000000000000000000000000000000000000000000000000000000000000000010100010100001110000000010000010110001000110000
000000000000000000000010100000000000000000000000000000000000000000111000000001110001111110000000001100000011000110000011000100000000000000000000000000000000000000000000000000001010000000000000000000000000000000000000100010000000000011000000000000000000011100010100000110000000010000011011001000010000
000000000000000000000001000000000000000000001100000000000000000000111000000000100000001000000000000000000110000011000010110000000000000000000000000000000000000000110000000000000100000000000000000000000000000000000001110001000000000010100000000000000000000000000000000000000000010001100111000100010000
000100000000100000000000000001100000000000001100000000000000000000000000000100000000000000000000000000000011000110000001011100001000000011000000000000000000000000000100000000000000000000000011100000000000000000000110000001000000000011100000000000000000000000001000000000000000010100000110000100010000
001010000001010000000000000001100000000000000000010000000000000000001000000100000011100000000000000000000001000100000000011011110000000100100000000000000000000001000000000000000000000000000010000000000000000000000110101010000000000000000000000000000000000000110000110000000000000000101100000010010000
010001000010001000000000000000000000000000000000110000000000000000001000000100000011111000000000000000000000000000000000000110000000000100000000000000000000000001000010000000000000000000000011001000000000100000001001100000000000000000000000010000000000011000110001010000000000000000100100000100100000
001010000001010000001100000000000000000000000000101000000000000000001000000000000000001100000000000000000000000000000000000000000000000000000000000000000000000010000010000000000000011000000000110001110001010000000111000000000000000000000001101000000000011111111000000000000000000000101000001100000000
000100000000100000010010000000000000000000000000000000000000000000000000000000001100001100000000000000000000000000000000000000000000001000000000000000000000000001011110000000001110011000000000011001101100000000000010000000000000000000000001101100000000010001001100000000000000000010000000001101000000
000000000000000000001100000000000000000000100000000000000000000000000000000000001110011100000000001100000000000000000000000000000000000001000000000100000000000000100000000000001010000000000001101000101100001100000011000000000000000000000011101000001100000100000010000000000000000100100000000011111100
000000000000000000000000000000000000000001010000000000000000000000000000000000000010011000000000011010000000000000000000100000000000001001000000000100000000000000000000000110001110000000001010010001011100001100000011000000000000000000000100111000001100000100000110000000000000001000010000011101101100
000000000000000000000000000000000000000001010000000000000000000000000000000000001010000000000000111011000000000000000011100000000000001001000000000100000000000000000000000000000000000000010100001000000001011010000100100000000000000000001001110000000000000000001000000000000000000100001000000001101100
000000000000000000000000000000001000000010010110000000000000000000000000000000000011000000011001010000000000000000000011010000000000000110110000000000000000000000000000000000000000000000100001110000000000111100000011000000000000000000011011100000000000000000000000000000000000001000001000101101000000
000000000000000000000000000000011000000101001010000000000000000000000000000000000101000000100110000000000000000011000011100000000000000001000000000000000000000000000000000000000000000000100010000100000000000100000000000000000000000000001011000011110111000000000000000000000000101000000000111001110000
000000000000000000000000000000001000001100110110000000001000001100000000000000000001110000111011100000000000000110000001000000000000000000000000000000000000000000000000000000000000000000000010000000000000000000000000000000000000000000011000000110000111100000000000000000000000100001010000111000000000
000000000000010000000000000000001100000100100000000000011100010010000000000100000000101110000000000000000000000101000011100000011000000001011000000000000000000000000000001000000000000000010000000000000000000000000000000000000000000000011100000010000011010000000000000000000000000110010000001100000000
000000000000101000000000000111011000000000100001100000010110001100000000000100000000100110100000000000000000000110000000000000000100000001110000000000000000000000000000001100000000000000000111100000000000000000000000000000000000000000000000000000001100000000000000000000000000010000100000000110000000
000000000000010000000100000001100010010000000001010000000010000000000000000100000000011100010000000000000000000011100000000000011000000000100000000110000000000000000000010110000000000000000001100000000110000000000000000000000000000000010000000001001000000000000000000000000000010001000000001100000000
000000000000000000001010000000100110000001011000011000000011100000000000000000000000011100100000000111000000000000100000010001111000000000000111000011000000000000000000000000000000011100100000000000001101000000000000000000000000000000100010000000101010000000000000000000000000001110000000000000000000
000000000000000000000110000000000100001001011000110000000000000000000000000000000000000100000000000101000000000000100000010110111001000000111000100010010000000000000001110000000001011010100000000000000100100000000000000000000000000000011100000000011111000000000000000000000000000000000000000000000000
000000000000000000000000000000101000000111110101100000000000000000000000000000000000000110000000000111000001110000000000000001111111100000100000000010010000000000000000101000000111000111000000000000100100010100001100000000000001100000000000000000000010000000000000000011000000000000000000000000000000
000000000011000000000000000001100000000000000111000001100000000000000000000000000000000000000000000000000001110000000000000110001100000000000000100000000000000000000000011000011000100000000000000001111000101010011110000000000000000000000000000000000000000000000000000100100000000000000000000000000000
000000000100100000000000000000000000000000000010000000110000000000000000000000000000000000000000000000000010001000000000001001000101100000010001000001110000000000000000000000010000001101000000000001000000110000110001000000010000010000000000000000000000000000000000000010100000000000000000000000000000
000000000011000000000000000000000000000000000000000100110000000000000000000000000000000000000000000000000001101000001000010010000110100000001100100001110000000000000000000000010000011111000010000000000011000000001111100000100000011000000000000000000000000000000000000001000000000000000000000000000000
000000000000000000000000000000000000000000000000000011000000000000000000001000000000000000000000000000000001110000010100010111111111100000000001011000000000000000000000000000000000011000000111000000011000100101110001000000010001000000000000000000000000001100000000000000000000000000110000000000000000
000000000000000000000000000000000000000000000000000000000000011000000000011100000000000000000000000000000000000111000110011100100001100000000010010000000000000011000110000000000001011000001101100000000111101110010110000000000011110000000000000000000000011100000000000000000000000000110000000000000000
000000000000000000000000000000000000000000000000000000000000100100000000100110000000000000000000000001000000000010011010000001010000100000000001110000000000000011001001000000000000111000011101110000000000011000001100000000000110110000000011110000000000101101000000000000000000000000000000000000000000
000000000000000000000000000000000000000000000000000000000000010100000000110001000000000000000000000011100000100011001001000000100000000000000000000000000000000000001010000000000000101000001101100000000000010000000000000000011010110000000101101000000000100000110000000000000000010000000000000000000000
000000000000110000000000000000000000000000000000000000000000001000000000000001100000000000000000000000000000100000101010000000100000110000001100000001001100000000000100000000000000010100000111000000011010000000000000000000100011011100000110001000000000010100110000000000000000010000000000000000000000
000000000000000000000000000000000000000000000000000000000000000000000000000001110000000000000000000000000000001111000100000000000000110000010100000010001000000000000000000000000110010010000010000000110100000000000000000001000010011110000000101000000000000110010000000000000000010000000000000000000000
000001000010001000000000000000000000000010000000000000000000000000000000000001100000010000000000000011100010010010000000000000000000000000001000000000100000000000000000000000000110001100000000000000010000010000000000000000100000011011000111110000000000000010111000000000000000000000000000000000000000
000010100000010111010000000000000010001100000000001000000000000000000000110001000000001000000000000001000100010000000000000000000000000000000000000000000000000011000000000000000000000000000000000000001011100000000000000000010100010011100000110000000000000000011000000000000000000000000000000000000000
000011000101110011110000000010000011000010000000010100000000100000000000100110000000011000000000000000000100000101100000000000000000000000000000000000000000000100100000000000000000000000000000000000000000000000000000000000010001100101100000000000000000001110000000000000000000000000000000000000000000
000000000101001110000000100001100000000000000000010110000000100000000000011100000010001100000000000000000100001111100000000000001110000000000000000000000000000011000000000000000000000000000000000000000000001100000000000000010111100111000000000000000001000000000000000000000000000000000000000010000000
000000001011001100000001111011100000000000000000011100000000100000000000001000000001100000000000000000000010000000100000000000001110000000000000000000000000000000000000000000010000000000000000000000000000100000000000000111001100000000000000000000000011101001000000000000000000000000000000000111000000
000000001000100000000010010000000000000000000000000000000000000000000000000000000001110010000000000000000000011000000000000000010010000000000111000000011000000000000001000000100000000000000000000000000001000011000000000000000000000000000000000000000010001111000000000000000000000000000000001111100000
000000000101000000000100100000000000000000000000000000000000000000000000000000000000000001000000000000001000111000000000000000100000000000000011000001000000000000000001000000110011000000011000000011100011110001000100000000000000000000000000000000000101010011000111000000000000000000000000010000010000
000000000100011000000100000000000000000001100010000000000000000000000000000000000000000000000000000000011100000000000000000000011000000000001011000010100000000010000001000000000011100000011000000000000001000001000111000000000000000000000000000000001100000100001000100000000000000000000000110010011000
000000011001000000000000000000000000000000000111000000000000000000000000000000000000000000100000000000110010000000000000000000000000000000000001000010100000000101000000000000001000000000000000000010001000110010000010000000000000000000000000000000001010111000010000100000000000000000000001110101011010
000000100010100000000010010000000000000010000101000000011100000000000000000000000000000000000000000000101011000000000000000001100000001000011001100000000000000110001000000000011100000000000000000001111000011000000000000000000000000000000000011000001010010000010001000000000000000000000000110010011001
000000100000000000000001100000000000000010100000000000000000000000000000000000000000011000000000000000010100000000000000000011100000000100011011000000000000000000001000000000011100000000000000000000010000000000010000000000000000000000000000011000000011000000001000000000000000000000000000010000011001
000000000000000001000000000000000000001100100000000000010100000000000000000000000000011011000000000000000000000000000000110011000000000100000110000000000000000000001000000000111000000000101011000000000000000000110000001100000000000000010000000000000110000000000000000000000000000000000000001111100000
000000000000000110000000000000000000000110000000100000100000000000000000000000000000000000100000000000000000000000000000100110000000001000000000000000000000000000000000000011100000000001001011000000000000000000000000100000000000000000010000000000000000000000000000000000000000000000000000000111000000
000001100000011110000000000000000011000011111100100000110000000000000000000000000000111011000000111000000100000000000000011110000000000000000000000000000000000011100011100011100000110010001100000000110011000000000000100000000000000000010000000000000000000000000000000000000000000000000000000010000000
000001100000011100000000000000000010000010000000000101010010000000000000000000000000010000000000000000100010000000000000001111000000000000000000000000000000000000000000000000000000110001010000000110110011000000000000000100000000000000000000000000000000000000011000110001100000000000000000000000000000
000000000000000000000000000000000011000011111000111001101000100000000000000000000000000000000000000001000010000000001100000001100000000110000000000000000000000000001000000000000000000000100000000010110000000000000000111001110000000111000111000000000000000000001001110001111000000000000000000000000000
000000000000000101000000000000000011000110001010110000111000100000000000000000000000000000000000000001000100000000001100000000100000000111000000000000011100000000001000000000000000000000000000010000100000000000010111101101000000000000000000000111000000000010000100000010100100000000000000000000000000
000000000000000000000000000000000110000110000000000000100001000000000000000000000111000000000000000000111000000000000000000000000000000110000000000000000000000000001000000000000000000000000000100111000000000000000000001101010000000000010000000000000000000101000000000000001010000000000000000000000000
000000000000001011000000000000000111000010100001101000010010000000000000000000000000000000000000000000000000000000000000000000001000001100000000000000100001000000000000001100000000000000000000100010000000000000100000100111100000000000010000010000010000000010000000000000010001000000000000000000000000
000000000000000100000000000000001001001010000000111111100010000000000000000000010110000000000000000000000000000000000011000100011000110100000001100000111001000000110000011100000000010000000000110000000000000001000100010010000000000000010000010000010000000000000000000000001001100000000000000000000000
000000000000000000000000000000000101001001001000001010100000000000000000000000110001000000001001000000000000000000000101001000111101100000000001100011000000000000101000110000000000101000000000011010000000001111001010010000000000000000000000010000010000000000000000001110000001001000000000000000000000
000000000000000000000001000000000010001000110000000001110010000000000000000001100111000000010000100000000000000000000010000000000000101100000000001001000110000000111000101000000000101000000000000110000000010111000100010000000000000000000000000000000000000000000000010001001101000100000000000000000000
000000000000000000000001000000000000000100100000000000001000000000000000001101111101000011100000010000000000000000000000010001100010100000000000001010010010000000000000011000000000010000000000000000000000001000100000100000000000000000000000000111000000000000000000010110001001101100000000000100000000
000000000100000000000001000000000000000011100000001110000000000001111110010001011000000000101000000000000000000000000000010100100000000010000000001001010010000000000000000000000000000000000000000000000000000000010001000000001100000000000000000000000000000000000000000000001000100000000000011010000000
000000000011000000000000000000000000000000000000000000000000000000110000001110010000000110100000000000000000000000000000001100000011010010000000000011011100000000000000000000000000000000000000000000000000000000001110000000001100000000000000000000000000000000000000001010001000100000000000000011100000
000000000111000000011100011100000000000000000000000000000000000000100100000000100100000011100001010000000000000000000000000000000000001100000000000000111100000110110000000000000000000000000000000000000001100000000000000000000010011000000000000000000000000001100000001001001000100000000000100010000000
000011000000000000000000000000000000000000000000000000000000000000011000000000000010000011100011000111000000000000000000000000000000000000000000000000101000000001010111000000000000000000000000000000000001010000000000000000001010011000000000000000000000000011000000001001110001000000000000000000000000
001100100000000000000001000000000000000000000000000000000000000000100100000000001100000011000001000000000000000000000000000000000000000000000000001100011100000110011011000000000000000000000000000000000000100000000000000000001010011000000000000000000000000110000000001101100000000000000000110010100000
000001100000000000000001000000000000000000000000000000000011100000111000000000000000000001111101100000000000000000000011000000000110000001000000010100011000000110001010000000000000000000000000000000000000000000000000000000000100000000000000000000000000011000001110000001100000000000000000000011000000
010000100000000000000001000000000000000000000000000000000000000000011000000000000000000000100110110000000000000001000011000000000101000010100000001000000000000001000010000000000000000000000000000010000000000000000000000000000000000001000000000000000000110100001111100000000000000000000000000000000000
000010000000000000000000000000000000000000000000000000000100010000000000000010000000000001111010100000000000000001000000000000000001000010100000000000000000001001001100000000000000000000000000000010000000110000000000000000000000000001000000001000000001001110000000100000000000000000000000000000000000
010010110111110000000000000000000000000000000000000000000010110000000000000101000110000001010111000000000000000001000000000000000000000001000000000000000000000001000000000000000000000000000000000010000000110000000000000000000000000000000000011100000100001101111110000000000000000000000000000000000000
010000100100100010000000000000000000000000000000000000000000100100000000000100100000000000000011000100000000000000000000000000000010100000000000000000000000001110000000000000000000000001100000000000000000000000000000000000000000000000000000111110000100000100001010000000000000000000000000000000000000
001111101011100010000000000000000000000000110000000000000001110111100000000001101001000000000100000100000000000000000000000000011000000000000000000000000000000000011000000000000001000011010000000000000000000000111000000000000000000000001001100011010000010011110101001000000000000000000000000000000000
000010000000110000000000000000000000000000110000000000000010000100100000000011111010100000000000000100000000000000000000000001010110000000000000000000000000000000011000000000000000110001011000000000000000000000000000000000000000000000001000111110000001100000001111010001000000000000000000000000000000
000000000000001110111000000100000000010000000000000000000100010010000001100011100000000000000000000000001101001000000000000001000011100000000000000000000000010010000000000000000001110000110000000000000000000000000000000000000000000110000000011100011000110011010000100110000000000000001100000000000000
000000000000000111100000000100000000010000000000000000000000000000000001100000011000000000000000000000111001001000000000000000000000110000000000000000000000110001000000001110000000000000000000000000000000000000000000000000000000000000000000001000000000000000000001000111000000000000001100000010000000
000000000000000000000000000100000000000110000000000000000000000000000000000110000000000000001000000000100011000010000000000000010111111000000000000000000000010110000000000010000000000000000000000000001100000000011000000000000000000000000000000000000000000000011110000000000000000000000000000010000000
000000000000000000000001100000000000000111000000000000000000000000000000000000000000000000110110000001110100011100000000000000010101001100000000000000000000001100000000000101100000000000000000000000001100000000100010000000000000000000000000000000010000000000001000000110000000000000000000000010000000
000000000000000000000001100001110001100001000000000000000000000000000000000000000000000000001000000001101000011100000000000000000000000000000000000000000000000100000000000011100000000000000000000000000000000001000010000000000000000000000000000000001110000000000000001001000000000000000000000000000000
000000000011000000001101100000000001100011000000000000000000001100000000000000000000000110000000101001010000101000000000000000000100101000000000000000000000000110000000000011000000000000000000000000000000000001000001000000000000000000000000000000001110000000000000010010000000000000000000000000000000
000000000011000000110001000100000000000010000000000000000000001100000000000000000000000101000000100001101010100000000000000000000011110000000000000000000000001001000000000100000000000000000000000000000000000001111100000000000000000000000000000000000000000000000000100000000000000000000000000000000000
000000000111000000100000000100000000000000000000000000000000000000000000000000000000000010000000111010001000000000011001100001000001111110000000000000000000000110000000011001000000000000000000000000000000000000000010000000000000000000000000000000000000000000000000101000000000000000000000000000000000
000000011011000000000000000100000000000000000000001000000000000000000000001000000000000000001000000011111001100000101010000010100001100101000000000000000000000000000000001000100000000000000000000000000000000001000010000000000000000000000000000000000000000000000000000000000000000000000000001110100000
000011111011100000000110000000000000000000000000101000000011000000000000010100000000000000010000000011110001110000101010010001000001100110000000000000000000000000000000001001000000000000000000000000000000000010000010001100000000000000000000000010000110000000000000000000000000000000000000001000001000
000110100101000001001100000001110011000011000010000000000011000000000000000000000000000000001100000000000000001101100001100000000001100000000000000100000000000000000000000111000000000111000000000000000000000001100110010010000000000000000000001110000000000000000000000000000000000000000000011000011001
001000000010011001100000000000000010000001010010000000000000000000000000010010000111000000000100000000000000000100000000000000000000000000000000001100000000000000000000000000000000000101000000000000000000000001000000010010000000000000000000001010010000000110000000111000111000000000000000001101100001
001011000100110000110100100000000010010011100000000000000000000000000000000000000100100000000000000000000000010100000000000000000000000000000000010101000000000000000000000000010000000111000000000000000000000001000000011100000000000000000000001011011000000001000000000000000000000000000000000011101000
010010000000100010011100100000000000001110000000000000000000000000000000000110011000100000000000000000000000011000000000000000000000000000000000111001110000000000000000000000110000000011000000000000000000000001000000110000000000000000000000000100110001010110000000000010000000000110000000000011100000
010100001011000010010100100000000000010100000001110000000000000000000000000000010011000011000000000000000000111000000000000000000000000000000000000000000000000000000000000000101000001000010000000000000000000000000010000000100000000000000000000011110000010110000000000010000000000110000000000000000000
100100000111000000000000000000000000000000000111110000000000000000000000000000011100000011000000000000000001110000000000000000000000000000000000001100000000000000000000000000000000001010110000000000000000000000000001100000100000000010000000000000010000000000100100000010000000001001000000000000000000
011000000101000000110110000000000000000000011111100000000000000000000000000000000000000000000000000000000000011000000000000000000110000000001000000100000000000000000000000000000000001000100000000000000000000000000000000000010100001001000000000000011010000001100110000000000000001001000000000000010000
000000000001110000001100011000000000000000010010000000000000000000000000010000000000000000000000000000000000100000000000000000000110000000001000111100000000000000000100000000000000000111000000000000000000001100000000000000010100010000000001101000100100110000101100000000000000000100100000000000011000
000000000000000000000000100100000000000011100101100000000000000000000000111000000000000000000000000000000000100000000000000000000110000000000001010000010000000000001010000000000000000111000000000000111000001100000000000000010100000000001110001000000001000000000111000000000000000010000010100000101100
000000011000000100000000011000000000000011101100011110000000000000000000000100000000001101000000000000000011100000000000000000000100000000000010000000011000000000001000000000000000000000000000000000111000000000000000000110000000100001001001000000000000000000000001100000000000000000000010110000000100
000000010010000100000000000000000000000011100000011110000000000000000000110110000000010000110000000000000000000000000000000000001100000000000011110000101100000000001011100000000000000000000000000000001000000000000000000110000011000000001100011000000000000000000010110000000000000000011001100000011000
000000011000100100000000000000000000000000100000010000000000000000000000000000000000010010000000000000000010100000000000000000011100000110000001000011000000000000000000110000000000000000000000000010011000000000000000000000010000110100000000010000000000000000000000111000000000000000010000000000000000
110000000000100000000000000000000000000000000011100000000000000000000000000000000000001000101000000000000011000000000000000000000000000101000000000000100000000000011001100000000000000000000000000010000110000000000000000000001000010000010000000000000111000000000100100000000000000000000000000000000000
110000000010000000000000000000000000000000000001000000000000000000000000000000000000000000010000000000000101100001100000000000000001100001000000000010000000000000011001000000000011111100000000000010000010000000000000000111000000010000010000000000000111000000001110001000000000000000000000000000000000
000010011011100001010000000000000000000000000011000000000010000000010000000000000000000000010000000000000100100001100000000000000000000100000000000011100000000000110011000000000010001100000000000001000000000000000000010000100100010000000000000100000111000000001110100100000000000000000000000000000000
000011011001010011010000000000011000000001100000000000000111000000100000000110000000000000000000000000010011011000000000000000000100001010000000000000000000000001100001000011100001110000000000000000100010000010000000100000010001110001000000011111000000000000001100000000000000000000000000100000000000
000011001001110101000000000000011000000001000101000000001000100000100000000001000000000000000000000000100000010000000000000000000100100000000000000000000000000001110000100000000000000000000000000000011100001111000000110000100000111111000000010001000000000000000000100001000000000000000000001000000000
000001110000111001000000000000000000000001101000000000000111000000000000000000000000000000000000000000110011000000000000000000000110000000000000001100000000011100001100110000000000000000000000000000011100011101000000011000100000001111011000110000100000000000000000011000100000000000000001100100000000
000000110000000001000000000000000000000000100111000000001110000000000000000111000000000000000000000000010110010000000000000000000111000000000000000100000000000000001100000000000000000000000000000000000000000010100000001100100110000000001000010000110000000000000000000011000000000000000000001000000000
000000000000000000000000000000000000000000000010000000001100000000000000000100000000000000000000000000001100110000000000110110000110111000000000000100000000000000001100000000000000000000000000000000000000110110110000000001100101000110000000000001110000000000001110000000000000000000000000000000000000
000000000000100000000000000000000000000000000000000000000000000000000011100100000000000000000000000000000111010000000010000010000011011000000000000000000000000000011011000000000001110000000000000000000000000100000000000101010110100110000000000100110000000000110010000000000000000000000000000000000000
000000001100000000100000000000000000000000000000000000100000000000000011111100000000000000000000000000000000010000000010000010000011011000000000000000000000000000001111000000000000000000000000000000000000110110000000000010010001010000000000000110110000000000000000000000000000000000000000000000010000
000000010011001011100000000000000000000000000000011001001101100000000000110010000000000000000000000001000001010000000100010000000000100000000000000000000000000000000110000000000000000000000000000000000000110100010000000000010000010000000000000010000000000000101000000000000000000000000000000000010000
000000011000000001001000000000000000000000000000011010000000110000000000000100000000000000000000000010100010000000000011100000000000000000000000000000000000000000000000000000000000000000000000001100000000101111000000000000001001100000000000000001110000000000010000000000000110000000000000000000011100
000000001000000001000100000000000000000000000000000001000000110000000000000000000000000000000000000011000010010000000000001000000000000000000000000000000000000000000000000000000000000000001110010100000000100011000000000001000011000000000000011000000110000000000000000000000001000000000000000000001100
000000000000100001100100000000000000000000000000000001110001100000000000000100000000000000000000000011000000010000000000101000000000000000000000000000000000001000000000000000000000000000000000001000000001100000000110000010100000000000000000100100000101000000000000000000000100100000011000000000000000
000000001000110000011000000000000000000000000000000001100000110000000000000110000000000000000000000000001010100000000000111000000000000000000000000000000000010100000000000000000000000000000000000000000000011000000101000010010000000000000000011000000100000110001100000000001001000100010000000000000100
000000001100000000000000000000000000000000000000000001011000011000000000000110000000000000110000110001111001000000000000000000000000000000011000000110000000011000000000000000110000000000000000000000000000011000000101000010011000000000000110000000011100000110001100000000001110001110000010011000010000
001100001101101111000000011000000000000000000000000111001000000010000000000000000001000001110000101000100010000000000010000000000000000000100100000110000000000000000000000000110000000000000000000000000000010100000010100001010000000000001111000000000000000110000000000010001000010000000111100100010100
001100000110101000100000011000000000000000000000000000000000010001000000000000000011000110000000001000111100000000000100000000000000000000011000000000000001000000000000000000000000000000000000000000000000001100000001000001110000000000010000100000000001110100000000001001000000110000100110001000001100
000000000011000111000000000000000000000000000000000000000000001000000000000000000010111001000000000000000000000000000100001000000000000000000000000000000010100000000000000000000000000000000000000000000000000000000000000000000000000000110111000000000000100100000000011110100011101100100001001000000000
000000000000000010000000000000000000000000000000000000000000000000000000000000000000000111111000000000000000000000000011101000000000000000000000000000000010100000010000000000000000000000000000000000000000000000000000000000000000000000011110000000000000000000011000110110110000000001101010010000000000
000000000000000000000000000011100000000000000000000000000000000000000000000000000000110111010000000000000000000000000001110000000000000000000000000000000110010000111000000000000000000000000000000000000000000000000000000000000000000000001000100000000000010010000011000001100000000000010001100000000000
000000000000000000000000001001000000000000000000000000000000000000000000000000000010100000100000000000000000000000000000000000000000000000000000000000000000010001101100000000000000000000000000000000000000000000000000001000000000000000000001010000000000000100100101010111000000010000000000000000001110
001000000010000000000000000000100001100000000000000000000000000000000000000000000001011010000000000000000000000000000000010101000000000000000000000000000100010000111000000000000000000000000000000001000000001100000000010110100000000000000010001000000000000000000000111110000010111110100000000000010001
010000000101000000000000010000000010100000000000000000000000000000000000000000000001100100000100000000000000000000000000010010110000000000000000000000000011000000010000000000000000000000000000000001010000010010000000010101010000000000000001010000000000000000111110000000000001010000110000000000100000
011100000101000000000000000000000011100000000000000000000000000000000000000000000001100100001010000000000001110000000000010011000000000000000000000000000000000110000000000000000000000000000000000000011000001100000000110100000100000000000000100000000000000000001000000000000000001000100000000000010001
000000000010001100000000110000011000000000000000000000001110000000000000000000000100000000000100000000000000111000011011100010000000000000000000000000011011000101000000000000000000000001000000000000000100000000000011110010000011000000000000000000000000000000000000000000000000000011000000000000001101
000000000000001100000000100100001000000000000000000000010001000000000000000000000010000000000000000000000000000000010000101100000000000000000000000000010001000010000000000000000000000010100000000101100101000000000001000001110000000000000000000000000000110000000000000000000000000000000000000000000010
000000000000000000000011100010010000000000000000000000001000100000000000000000001001000000000000000000000000000000000000100000000000000000000011000000001110000000000000000000000000000010100000001011001101000000000000100100100000000000000000000000000000101000000000000000000000000000000000000000000000
000000000000000000000110000000000000000000000000000000000100100000000000000000001000000000000000000000000000000000000111010000000000000000000011000000001110000000000000000000000000000001000000001000010001000000000000011000001000010000000000000000000000011000000000000000000000000000000000000000000000
000000000000000000000110000000000000000000000101000000000110110000111000000000011001000000000000000000000000000000000000000000000000000000000000000000000000000000000000000000000000000000000000000110010011000000000000001000000101111000011000000000000000000000000000000000000000000001000000000000000000
000000000000000000011100000000000000000000000101000010000010100000100100000000010101000000000000000000000000000000000000000000000000000000000000000000000000000000000000000000000000000000000000000001011011000000000000000000010001011101110100000000000000000000000000000000000000000010100000011100000000
000000000000000000110000000000000100000000001001001100000001000001001001100000000100000000000000000000000000000000000000000000000000000000000000000000101000000000000000000000000000000000000000000000001100000000000000000000011000000001001000000000000000000000000000000000000000000010010000100011011000
000000000000000000000000000000000111000000001010000110000000000001000000110110000000000001100000100011100000000000000001101000000000000000000000000000101110000000000000000100000000000000000000000000010000000000001000000000001000000101100000000000000000000000000000000000000000000001100000100010011100
000000000000000000000000000000001101100000010010000010000000000000000111100010000000000001100001110011100000000000000000111000000000000000000000000000011110001000000000000110000000000000000011000000000000000000001000000000000000110101100000010000000000000000000000000000000000000000000000100000010100
000000000000000000000000000000100000100000000010000011100000000000110110000001100000000000000010011000000000000000000000010000000000000000000000000000000000001000000000000010000000000000000011000000000000000000100001100000000000110100100000101000000000000000000000000000000000000000000000011000011000
000000011100000000000000001000100101110000010111010000111100111000000000010001000100000000000110110000000000000000000000000000000000000000000000000000000000001000000000000010100000000000000000000000000000000010001001100000010000100110011001110000000000000000000000000000000000000000000000000100010000
000000000000000000000000110000000100110000010110010000011110011000000000010001001100000000000001000000000000000000000000000000000000000000000000000000000000000000000000010100010000000000000000000000000000000000001111100000011000011000001000111000000000000000000000000000000000000000000000000000000000
000000000001000000000000011000001101100000000000000100001001100000000000000010000000000000000000100000000000000000000000000000000000000000000000000000000000000000000000000110100000000000000000000000000000000000001110000000001100000001000000000000000110000000000000000000000000000001000000000011000000
000000000001000100000000011100000010000000000000100000000111000000000000000110001100000000000001100000000000000000000000001100000000001110000000000000000000000000000000000111000000000000000000000000000000000011000101000000011000000001010000000010000110000000000000000000000000000000000000000001000000
000000000001000100000010001100000000000000000000100010000111000000000000000010101100000000000010010000000000000000000000000010000000010000000000000000000000000000000011100000001100000000000000000000000000000000000011000000001100000011000000000010000000000000000000000000000000000000100100000000100000
000000000000000100000010001001000000000000000000000011000110100000000000110001000000000000000001011000000000000000000000001100000000110010000000010011100000000000001100010000010010000000000000000000000000000000000001100000000100000001010000001100000000000000000000000000000000000000000111100000100000
000000000000000000000010000111000000000000000011001010000100010000000000110000001100000001111001010000000000000000000000000000000001000100000000110000010000000000011011011000011100000000000000000000000000000000000000000000100000000000110000001110000000000000000000000000000000000000010111110000000011
000001000000000000000000000100000000000000000001000000000100100000000000000000001100000010000000000000000000000000000000000000000000000011100011010000001100000000011001001000010000000000000000000000000000000000000001011011100001110000000000001100001100000000000000000000000000000000001000001000000011
000001000000000000000000000000000000000000000000000000000110000000000000000000000000000011000000100000000000000000000000000000000001010000100011110000101100000000001100110000100111000000001000000000000000000000000000000100000000000000000000000000000110000000000000000000000000000000101100001000000000
000001000000000000000000000000000000000000000000000000001011000000001000000000000000001111000000110110000000000000000000000000000000100000000010110000000000000000000000000001000000100000000110100001000000000000000001000001100100000000000000000000000110000000000000000000000000000000101000010000000000
000000000000000000000000000000110101011000000000000000001110000000011100000000000000001100010001100000100000000000000000000000000000000000000000000000111000000000000000010000000101110000001010010011000000000000000001010101100100000000000000000000001000000000000000000000000000000000110000000000000000
000000000000000000000000000001010101011100110000000000000100000000101010000000000000000000000111000100100000000000000000000000000000000000000000000000010000000000000010010001000100100000001100001010100000000000000001000101000100000000000000000000000000000000000000000000000000000000000000000000000001
000000000000000000000000000011100101001010010000000000000000000000101010000000000000000000000100111011000000000000000000000000000000000000000001000000000000110000000100010001100011000000000100001001110000000110000001010110000000011001110000000000000000000000000000000000000000000000000000000000000000
000000000000000000000000000100000011001000100000000000000000000000011100000000000000000000000001000100000000000000000011000000000000000000000010100000000001010010000001010001100000000000000000000000110000001101000000111000000001000001010000000000000000000000110000000000000000000000000000000000000000
000000000000000000000000001001000011000100000000000000000000110000001000000000000000000000000001000100000000000000000010100000000000000000000011000000000000010000010010010010010000000000100000001000001000001101100000000000000011111001100000000000000000000011100000000000000000000000000000000000000000
000000000000000000000000011001000000100110111100000000000000110000000000000000000000000000000000111000000000000000100000010000000000000011000000000000000000000000000001100100100000000011100000001100011000001001000000000000000011100000110000000000000000000010100100000000000000000000000000000000000000
000000000000000000000000100010000001000000110100000000000000110000000000000000000000000000000000000000000000000001100001010000000000000100000000001100000000000000100000101010000000000011000001001001000000001001000000000000000000000001010000000000001100000001001100000000000000000000000000000000000000
000000000000000000000001001011000001000000001010000000000000000000000000000000000000010100000000000000000000000100010000100000100000111100110000001100000000001010100000010010000000000000000001001010000000000100000000000000000000000001100000000000001100001010011000000000000000000000000000000000000000
000000000000000000000001100001000000000000000000100000000000000000000000000000101000010010000000000000000000001001000000000010100000111100001000000000000111111100000000001100000000110000000000011010000000000000000000000000000000000000100000000000000000000000000000001000000000000000000000000000000000
000000000000000000000010010011000000000000001111110000000000000000000000000010110000100010000000000000000000001010001100000010100001001100110000000000000100011000000000000000000000110000000000000010000000000000000000000000000000000010000000000000000000011100000000011100000000000000000000000001100000
000000000000000000000011011011010000000000000111100000000000000000000000000100001000101011000000000000000000001100000001110011000000111000000000000000000101011111000000000000000000000000000000001100000000000000000000000000000000000000000000000110000000000000000000100110000000000000000000000011010000
000000000000000000000000001000111000000011001100000000000000110000000000000100001000010010000000000000000000000010110000001010000000110000000000000000000110011110000000000000000000000000000000000000000000000000000000000000000000000000000000000110000000000000000000100010000000000000000000001101010000
000000000000000000000000110100001100000011010011000000000001001000000000000000001000001100000000000000000000000000111110000000100000000000011000000000001011010110000000000000001000000000000000000000000000000000000000000000000000000000000000000000000000000000000000011010000000000000000000000000000000
011000000000000000000000111101111000000001001110000000000001000000000000000010010000000000001000000000000000000000111101000000100000000000011000000000001010001100000000000000000100000000000000000000000000000000000000000000000000000000000000000000000000000011000000000110000000100000000000001001000100
100001000000000000000000100111110000000001000100000000000000101000000000000001100000000000010100000000000000000000000000010110010000000000000000000000001110001100000000000000011100000000000000000000000000000001010000000000010000001100000000000000011000001001000000000000000011010000000000000110111000
100001100000000000000000111000110000000000111000000000000000010000000000100000000000000000010010000000000000000000000000000000110001110000000000000000000000010000000001000000000000011100000000000000010000000010001000000000011100001100000000000000100100000110000000000000001000010000000000000000000000
010000010000000000000001011001100000000000000000000110000000000000000000100000000110000000001110000000000000000000000100000001001001010000000000000000000000000001100001000000000000000000000000000000101000000001110000000011101100000000000000000001101100000110000000000000011100100000000000000000000000
000011011000000000000001000001100000000011000000000000000000000000000001000000000100000000000011000000000000000000001010100000110010010000011100000000000000000001100001000000000000000000000000000000101000000000100000000000100000000000000000000000010000000110000000000001110001100000000000000000000000
000100110000000000011000100000000000000010100000000000110000000110000001110000000000000000010110000000010000000000000000111000000001100000011110000000000000000000000000000000000000000000000000000000011000000000000000000100001000000000000000000000000000001011011011000001110001100000000000000000000000
000111100000000010111000000000000000000001000000000000010100000110000001110001000000000000011100000001101100001100110000011000000000000000001111000000000000000000000000000011000000000000000100000001100000000000000000001101010000000000000000000000000000001011001011000001000001100000000000000000010000
000000000000000110000000000000000000000000000000000000001010000000000101000010100000000000001000000001101100001100011000011000000000000000000100100000000000000000000000000011000000000001101100000011000000000001110000000001010100000000000000000000000000000100101111100000001110100000000000000001101100
000000000000000100000000000000000000000000000000000000001010000000000010000100000000001100000000000000000000000000001000000000000000000000000111000010000000000000000000000000000000000000001000000000010000000000000000111001000100000000000110000000000000001000011001110000000110110000000000000001101100
000000000000000100010000000000000000000000000001100000000110000000000010000010001000001100000000000011011000000000001100000000000000000001011110000010000000000000000000000000000000000000101000000011111000000000000000110001000110000000001001000000000110011010001000000000000110110000000000000010101000
000000000000000100000000000000000000000000011100010000000000011000000000000000001000000000000000000011011000000000011000000000000000000001010000000010000000000000000000000000000000000000101000000011111110000000000010010001000100000000000110000000000110000000101100000000000001000000000000000001010000
000000000000000000000000000000000000000000100000000000000000011000000000000001110000000000000000000000100000111000011000000000000000000000000000000000010110000000000000000000000000000001001100010000001001000000000000010000100100000000000000000000000000000001000000000000000000000000000000000000000000
000000000000000001101100000000011000000000100100000000000000000000000000000000000000000000000110000000000000000000000000000000000000000010010000000000000000000000000000000000000000010001001110010000000011000000000000010001000100000000000000000000000000011101100000000000000000000000000000000010110000
000000000000000000010111000000010100000000011100100000000000000000000000000000000000000011000110000000000000000000000000000000000000000100110000000000010010000000000000000000000000010001010100010000000100000000010000110010000100000000000000000000000000001101001100000111000000000000000000000011110000
000000000000000000000110100000001100000000010000100000011100000000000000000000000000000011000000000000000000000000000000000000001110001111000000000000001100000000000000100000000000001110100011000000000000000000010100000010001000000000000000000000000000001001010000000000000000000001000000000000000000
000010000000000000000011100000001110100000001001000000000000000000000000000000000000000000000000000000000000000000000000000000000000000111101100000010000010000000000000100000001110000010100000000000000000000000000000000011100000001000000000000000000001000111000000000000000000000010100000000000000000
000101000000000000000001100000000011100000001010000000000000000000011100000000000000000000000000000000000000000000000000000000000000000001001000000010000010000000000000100000000111000000000000000000000110000000000000000000000000010100000000000000000001111010000000001000000000000100100000000000000000
000110000000000000000000000000000011100000000000000000000000000000100100000000000000000000000000000000000000000000000000000000000000000000101000000010000010000000000000000000000110111000000000000000010010000000000001000000000000001000000000000000000010101100000000010100000000000011000000000011110000
000000000000000000000000000000001110000000000000000001110000000000100010000000001000000000000000000000000000000000000000000000000000000000000000000000000000000000000000000000000011110100000000000000010010000000000010100000000000000000000000100000000001100000000000010100000000000000000000000100110000
000000000000000000000000000000001110000000000000000010010000000001101010000000001111000000000000000000000000000000000000000000000000000000000000000000111000000000000000000000000010100100000111100000011100000010000010100000011100000000000001100000000011111000000000001000000000000000000000001000000000
000000000000000000000000001000100100000000000000000011010000000001101100000000011000100000000000000000000000000000000000000000000000000000000000000000000000000000000000000000000000000000001000010000000000001111000001000000000000000000000010011000110000100000000000000000000000000000001110000110010000
000000000000000000000000000100110000000000000000000000001100000000111000000000000100000000000000000000000000000000001011000000000000000000000001111000000000000001100000000000000000001100010000001000000000011000000000000000000000000000000000001100110000000000000000000000000000000000001001000110101000
000000000000000000011100000110000000000010100000000000001100000001010000000000000100000000000000000000000000011100001110100000000010000000000011111100000000000001100000000000000000100010011000001100000000001000000000000000000000000000000000000110000000000000000000000110000000000000001000101010101100
000000000000000000000000110100000000000001100000000000010010000000000000000000000010000000000000000000110011011100001010010000000110000000000000000011000000000000000000000000000110101100011010000010000000011011000000000000000000000000000000010100000000000000000000000110000000000000000000101000110110
000000000000000000000000110000101100000001000000000000001100000001000000000100000000101100000000000010000000100010000110110100001010000000001011011011000000000000000000000000000110101000001010000001000001100111100000000000110000000010100000011000000000000000000000000000000000000000010001000010101110
000000000000000000000000001100000110000000000000000000000100000101000000001010000001000010000000010110100000001001111010100110011000000000010000110111000000000000000000000000001100000000000100010000000001101101100000000000110000000111100000000000000000000000000000000000000000000000000001001000010100
000000000000000000000000000000000110000000000000000000000011001001111000001010000000100010000000101000100000001001101110000011000100000100010000110000000001100000000000000000011000000000000000001001000001111100000000000000000000011000100000000000000000000000000000000000000000000000001101011000011000
000000000000000000000000000000111000110000000000000000000111100000111000000100000000010000010000101000100011111100000001110010000000011101100000111000010001100000000000000000001111000000000000000111000000000000000000000000000000001011000000000000000000000000000000000000000000000000000011000000000000
000000000000000011000000000000000000110000000000000000001110110000000000000000000000110110001100000000101100011000000000101100000000100000000110010110101111000000000000000000000111000000000000000101000000000000000000000000000000000100000000000000000000000000000000000000000000000000000000000000000000
000000000000000111010000000100000000000000000000000000000000000000000000000000000000010110001100000001100000000110000000011000000001000000001000110111010010000000000000000000000101000000000000000000000000001001000000000000000000000000000000000000000000000000000000000000000000000000000000000000000000
000000000000001100010000011010000000000000000000000000000100000000000000000000000000000100000000000000010000000110000000000000000000010100000000110010001110000000000000000000000010000000000000000000000000000101000000000000000000000000000000000000000000000000000000000000000000000000000000000000000000
000000010000001111100001000010000000000000000000000000000100000000000000000000000000000000011100000001100000000000000000000000000000011010100000100010000000000000000000000000000101000000000000000000000000000111000000000000000000000000100000000000000000000000000000100000000001100000000000000000000000
000000010000000001000011000100000000000000000000000000000100000010000000000000000000000000001100000000000000000000000000000000000000000001000000010100000000000000000111000000000101000000000000000000000000000000000000000000000000000001000000000000000000000000000100000000000010010000000000000000000000
000000010000000000001110010000000000000000000000000000000000001000100000000000000000000100110000000000000000000000000000000000000000000000000000001000000000000000000000000000000010000000000000000000000000000000000000000000000000000011100000000000000000000000011000010000000010010000000000000000000000
000000000000000010001100110001000000000000000000000000000000000001000000000000000000000001000000000000000000110000000000000000000000000000000000000000000000000000000000000000000000000000000000000000000000000000000000000000000000000000000000000000000000000000010000011000000010010110000000000000000000
000000000000000000000000110001000000000110000000000000000000000010000000000000000000000000000000000000000000110000000000000000000000000000000000000011000000000000000000000000000000000000000000000000011000000000000000000000000000000000100000000000000000000000010000010000000001100110000000000000000000
000110000000000000100101000001000000000110000000000000000000100000000000000000000000000000000000000000000000000000000000000000000000000000000000000101000000000000000000000000000000000000000000000000100100000000000000000000000000000001010000000000000000000000001101000000000000000000000000000000000000
000110000000000000011100000000000000000000000000000000000000100000000000000000000000000000000000000000000000000000000000000000000000000000000000000010000000000000000000000000000000000000000000000000011000000000000000000000000000000001100000000000000000000000000010111000000000000000000000000000000000
