300 300
000000000001100001100000000000000000000000000000000000000000000001100000000010100000000000000000000000000000000000000000000000000000000000000000000000000000000000000000000000000000000000000010000000000000000000000000001100000000011000000000000000000000000000000000000000000000000000000000000000000000
000000000011100011001000000000000000000000000000000000000000000001001000000100010000000000000000000000000110001100000000000000000000000000000000000000000000000000000000000000000000001100000010000000000000110000000000010010000000100100000000000000000000000000000000000000000000000000000111000000000000
000000000100000011001000000000000000000000000000000000000000000000000000001110111000000000000000000000001011011100000000000000000000000000000000000000000000100000000100000000000000001100000010000000000000110000000000010010000000011000000000000000000000000000000100000000110000000000000000000000000000
000000000101000000001000000000000000000000000000000000000000000001001000100000001000000000000000000000011100110000000000000000000000000000000011011000000000100000001010000000000000000000000000000000000000000000111000001100000000000000000000000000000000000000001100001100100011000000000000010100000000
000000000111000100000000000100000000000000000000000000000000000010000000110000000000000000000000000000010101100000000000000000000000000000000011010100000000100000001001000000000000000000000000000000000000000000000000000000000000000000000000000000000000000000010000001100010111000000000000010100000000
000000000000000100100000000110110000000000000000000000000000000100000001100011100000110000000000000000110001001010000000000000000000000000000011010110000000000000000110000000000000000000000000000000000000000000000000000000000000000000000000000111100000000000001101000000100011000000000000001000000000
000000000000000010000000000111110000000000000000000000000000000011000000000000000001001000000000000000010110100010000000110000000000000000000000100110000000000000000000000000000000000000000000000000000000001100000000000000000000000000000000000110010000000000000111000000101100000000000000000000000000
000000000000000000000000000000000000000000000000000000000000000001000000000000000001010000000000000001010110110001000000010000000000000000000000010110000000000000000000000000000011000000000000000000000000001100000000000000000000000000000000000000001111000000000000000000101000000000000000000000000000
000000000000000000000000000000000000000000000011100000000110000000000000000000000000100000000000000001010110001101000000000000000000000000000000001000000001000000000000000000000011000000000000000000000000000000000000000000001000000000000000000001011111100000000000000100000000000000000000000000000000
000000000000000000000000000000000000000000011100100000000101000000000000000000000000000001000000000010000100000100011000000000000000000000000000000000000001000000000000000000000000000000001100000000000000000000000011000000000100000000000000000000000100010000000000000011000011100000000000000000111000
000000001000000000000000000000000000000000111000100000000010000000001000000000000000000001000000000000000100000100001000000000000000000000000000000000000001000000000000011100000000000000001100000000000000000000000011000000000000000000000000000000001001100000000000000011100001100000000001100000000000
000111001100000000000000000000000000100001010001000000000000000000000100000000000000000000000000000000001000001110010000111000000000000000000000000000000000000000000000100010000000000000000000000000000000000000000000000000101000000000000000000000000111000000000000000000000010000000000000000000000000
000000000010000000000000000000000000011101100100111000000000000000011000000000000000000001100000000000110000001001000000110000000000000000000000000000000000000000000001000010000000000000000000000000000000000000000000000011000000000000000000000000000100000000000000000000000000000000000000000000000000
000000011000000100000000000000000000000101010000000000000000000001100000000000000000001000100000000000000000000111000000011110000000000100000000000000000100000000000001000010000000000000000000000000000000000000000000000100000000000010000000000000000000000000000000000000110000000000000000000000000000
001000011000000100000000000000000000010001110100101000000000001101110000000000000000001001000000000000000000000010000000111011000000001010000000000000001010000000010001100000000000000000000100000000000000000000000000000010000010000101000000000000000000000000000000000000000000100000000000000000000000
000000000000000100000000000000000000001100000010010000000000100001101100000000000000001001000000000000000000000000000000010010000000001100000000110110001010000000110000000000000001100000000100000000001100000000000000000010011010000101000000000000111000000000000000000000111000011000000000000000000000
000101000000000000000000000000000000001111110010000000000000100011110100000000000000000000001100001000000000000000000000011100000000000000000011010000000100000000101000011100000001100000000100000000010010000000000000000010010000000010000000000000000000000000000000000000000000110000000000000000000000
000010000000000000000000000000000000000010000001000000000001000111001100000000000000000000001100011000001000000000000000001000000000000000000011010010000000000000000000010000000000000000000000000000010100000000000000000000011000000001100000000010000010000000000000000000000000100000000000000000001100
000000000000000000011100000000000000000000100010000000000000111110011110000000000001010000010100001000001000000000000000000000000000000000000010011000000000000000001111111000000000000000000000000000001100000000000000000001001000000000100000000010000010000000000000000000000000000000000000000000010100
000000000100000000000000000000000000000000100010000000000000000000100110000000000000110000000000000000001000000011000000000000100000000000000001000000000000000001111110110000000000000000000000000000000010000000000000000001000000000000100000000010000010000000000000000000000000000000000000010000001000
000000001110000000000001000000000000011000001000000000011000000000110110000000000000100000000000000010000000000101000000000000100000000000000001001000000000000011111110110000000000000000000000000000000000000000000000000010100000000010000000000000000000000000000000000000000000000000000000101000000000
000000010011000000000001000000000000011000000000000000100100000000011000000000000000000000000000000101000000000010000000000000100000000000000000110000000000000111100010010000000000000000000000000000110000100000000000000010100000000101100000000000111000000000000000000000000000000000000000101000000000
000000010000000000000001000000000000000000000000000000100100000000000000000000000000000000000000001001000000000000001100000000000000000000000000000001000000000000000000100000000000000000000000000000100001100000000000001111100000111010010000000000000000000000000000000000000000000000000000010000000000
000000001000011000000000000000000010000000000000000000110100000000000000000000000000000000000000000110000000000000010100000000001110000000000000000001100000000000010100100000000000000000000000000000100000100000000000001001100000111001110000000000000000000000000000000000000000000000000000000000001000
000000000000010100011100000000001101100000000000000000100000000000000000000000000000000000000000000000000000000000001000000000000000000000000000110001000000000000001110000000000000000001000000000000010001000000000000011000000010100000110000000000000000000000000000000000000000000000000000000000001000
000000000100000000000000000000001101000000000000110001000000000000000100000000000000000000000000000000000000000000000000000000000000000000000001001000000000000000000100000000000000000010100000000000000011000001110000001001000001000000000000000000000000000000000000000000000000000000000000000000001000
000000000100000000000000000000001100000000000000011000100000100000000011000000000000000000000000000000000000000000000000000000000000000000000000101000000000000000000000000001000000000100000000000000000000000010001000000110000110000000000000000000000000000000000110000000000000000000000000000000000000
000000000000000000000000000000001000000000000000001000000011000000111011000000000000000000000000000000000000000000000000000000000000000000000000010000000000000000000000000111100000000010100000000000000000000001010000000000000000000010000000000000000000000000000110000000000000000000000000000000000000
000000000011011000000000000000001010000000000000001110000010001000101100000000000000000000000000000000000000000000000000000000000000000000000000000000000000000000000000001110010000000000000000000000000000000000100000000000000100100010000000000000000000000001000000000010000000000000000000000011000000
000000000000100000000000000000010010000000000000000000000000011100011000000000000000000000000000000000000000000000000000000000011000000000000000000000000000000000000000110111110000000000000000000000000000000000000000000000000000100001000000000000000000000001110000001100000000000000000000000100100000
000000000000000000000000000000001100000000000110000000000000100010010000000000000000000000000000000000000000000000000000000000011000000000000000000000000000000111000000000110100000000000000000000000000000000000000000000000010000100010000000000100000000000000110000000000000000000000000000000011000000
111111000000000000000000000000000000000000000100000000000000010010010000000001100000000000000000000000000000000000000000000000000000000000000000000000000000001001000000000111000000000000000000000000000000000000000000000000010000100010000000001010000000000000110000000000000000000000000000000000000000
101010100000000000000000000000000000000111000101000000000000000000000000111001100000000000000000000000000000000000000000000000000000000000000000000000000000010000000000000000000000000000000000000000000000000000000000000000010110000100000000001010000000000000000000000000000000000000000000000000000000
011010100000000000000000000000000000000100100010000000000000000001110000000000000000000000000000001000000000000000000000000000000000000000000000000000000000001001000000110110000000000000000000000000000000000000000000000000001000000000000000000100000000000000000000000000000000000000000000000000000000
000000100000000000000000000000000000000001100000000000000000000010101000000000000000000000000000110110001000000000000000000000001000000000000000000000000011100111000000100000000000000000000000000000000000000000000001100000000000000000000000000000000000001100000000000000000000000000000000000000000000
000001000000000000000000000000001100000000000000000000000000000011011000000000000000000000000000110110001000000000001000000000011100000000000000000000000100010000000000010110000000000000000000000000000000000000000001100000000000000000000000000000000000000100011000000000000000000000000000000000000000
000000000000000000000000000000001100001000000000000000000000000011111000000000000000000000000000000010001000000000001000000000010110000000000000000000000100010000000000001000000000000000000000000000000000000000000001000000000000000000000110000000000000000100011000000000000000000000100000000000000000
000000000000000000000000000000000000011100000011000000000000000010000000000000000000000000000000110110000000000001011000000000001010000000000000111000000100010000000000000000000000000000000000000000000000000000000001100000000000000000001001000000000000000010000000000000000100000001010000000000000100
000000000000000000000000000000100001001100000011000001000100011001000000000000000000000000000000010100000000000010010000000000011001000000000111000000000011100000000000000000000000000000000000000000000000000000000001001000000111000000001001000000000000000000000000000100000110000001100000000000000010
000010000000000000000000000001000100010000000000000001000011100001000000000000000000000000000000000010000000000010101100000001100001000000000000000100000000011100000000000000111000000110000000000011100000000000001110000000000001000000000110000000000000000000000000001111000010000000000000000000000011
000010000000000000000000000010000000001000000000000110101100001010000000001000000000000000000000011010000000000001011100000000000001000000000001101100000000100100000000000000111000000000000000000000000000000000001110000000000000011100000000000000000000000000000000011001000011000000000000000000001010
000010000000000000000000000001010000110000000000000011000000000100000000010100000000000000000000000000000110101110000000000000101010000000011110000000000000100100000000000010011000000000000000000000000001110000000000010000000000011001000000000000000000000000000000011010000111000000000000000000001100
000000000000000000000000000000000010110000000000010011000000001000000000011000000000000000000000001001001110000000000000000001100000000000000000000000000001001000000000000000000000000000000000000000000000000000000001100000000000001110000000000000000000000000000000100010000010100000000000000000110100
000000000000000000000000000000000001000000000000010010100000001000000000000000000000000000000000001000101000000001000000000000101000000100100000000100000001110011000000001100000000010000010001000000000001000100000000000000000000000100000000000000000000000000000000010010101000100000000000000000000110
000000000000000000000000000000000101000000000000010010101000000000000000000000000000000000000000000100101101101010000000000000101000000010111000001010000000110011000000001100100011010000100000100000000011000010000000000000000000000000000000000000000000000000000000101100101000000000000000000000000110
000000000000000000000000000000000100000000000000001000001000000000000000000000000000000000000000000101000100110100000000000000111000000111011000001100000000000110000000000111000011011000010001000000000010100010000000000000000000000000000000000000000000000000000000111011101001000000001000000000111101
000000000000000000000001000000000111000000000000000100100001000000000000000000000001100000000000000100000011000000000000000001000110000011010000000000000001110110000000000001100001000000000000000000000000101010000000000000000000000000000000000000000000000000001100111000000100000000010100000000000011
000000000000000000000010100000000000000000000000000001100011100000000000000000000010010010010000010100000000000000000000000000000110000010100000000000000001110100000000000000010000000010000000000000000001101100000000000000000000000000000000000000000000000111010110000000000000000000110110000000000100
000000000000000000000001000000000000000000000000000000000101010000000000000000000010100010000000010100000000000000000000000000100110001100000000000000001011001100000000000000000000000111110000000000000000010000000000000000000000000000000000000000000000000001110110000000000000000000010100000000010010
000000000000111000000000000000000000000000000000000000001110111000000000000000000001000010010000000000000000000000000000000000011000000100000000000000010000111000000000000000000000001010110000000000000000010000000000000000000000000000000000000000000000000001100110000000000100000000001000000000100110
000000000001001000000000000000000000000000000011000000000101010000000000000000000000000001100000000000000000000000000000000000000000001110000000000000001000010000000000000000000001100011110000000000000011111000000000000000000000000001000000000000000000000000010010000000011011000000000000000000010110
000000000010000100000000000000000000000000000011000000000011100000000000000000000000000000000000000000000000000000010000000000000000000001010000000000000001000000000000000000000001000010010010000000000110101000000000000000000000000010100000000000000000000000001100000000011011011000011000000000001010
000000000001010110000000000000000000000000000000000000000001000000000010000000000000000000000010000000000000000100001000000000000000000111011010000001000000000000000000000000000000110011100010000000001101100000000000000000000001000010100000000000000000000000000000000000100101001000100000000110000010
000000000000011110000000000000000001100000000000000000000000000000000101000000000000000000000101000000000000001001111000000000000000000001001011000110110000000000000000000000000000001110000100000000001100101000000000000000000010100010000000000000000000000000000000000000011000100000010010000100000001
000000000000000001000000000000000001100000000000000000000000000000000101000000000000000000000101000000000000001000000000011100000000000001111000100001000000000000000000000000000000000001111000000000001101101000000000000000000100010110000000000011100000000000000000110000000000110100011000000010000010
000000000000000111000000000000000000000000000000000000000000000000000010000000000000000000000010000000000000001010101000111100000000000000100001000000000000000000000000000000000000000000100000000000000110000000000000000000000000010001000000000000100000000000000000001000000000001100000011000011011000
000000000000000111000000000000000000000000000000000000000001100000000000000000000000000000000000000000000000000110100001100000000000000000000000000000000000000000000000000000000000000000000011000000000000000000000000000000000010010110000000110001100000000000000001010000000000000100000000000001001000
110000000000000000000000000000000000000000000000000000000001100000000000000000000000000000000000000000000000000001000001111100000000000000000000000000000000000000000000000000000000000000111000000000000000011011000000000000000001100110000000010000000000000000000101000001100000000000000000000000000110
110000000000000000000000000000000000000000000000000000000000000000001000000000000000000000000000000000000000000000000001100100000000000000000000000000000000000000000000000000000000000000000110000000000000001010000000000000000000000000000000000000000000000000000110000011000000000000001000010001000110
000000000000000000000000000000000000000000000011000000000000000000010100000000000000000000000000000000000000000000000000011000000000000000000000000000000110000000000000000000000000001000110110000000001110000100000000000000000000000111000000000000000000000000000000000011011000000000001000010001100000
000000001100000000000000000000000010000000000011000000000000000000010100000000000000000000000000000000000000000000000000010000000000000110000000000000000110000000000000000000000010000000001000000000001110000000000000000000000000000000000000000000000000000000000111000011011000000000000110011111000000
000000010010000000000000000000000101000000000000000000000000000000001000000000000000000000000000000000000000000000000000000000000000000110000000000000000000000000000000000000000100000100000001100000000100000000000000000000000000000000000000000000000000011100000011000001011000000000000000100000101100
000000001100000000000000000000000011000000000000000000000000000000000000000000000000000000000000000000000000000000000000000000000000000000000000000000000000000000000010000000000100000100000001100000000100000000000000000000000000000000000000000000000000000000000000000000100000000000000000010001110000
000000000000000000000000001010000000000000000000000000000000000110000000110000000000000011100000000000000000000000000001000000000000000000000000100000000000000000000101000000000111001100000000000000001110000000000000000000000011100000000000001100000000000000000000000000000000000010000110010111000000
000000000000000000000000011011000000000000000000000000000000001001000001001000000000000000000000000000000000110000000010000000000000000000110001010000000000000000000101000000000111011100000000000000001110000000000000000000000011100000000000001100000000000000000000000000000000000000000000000000010100
000000000000000110000000100010000000000000000000000000000010000110000000110000000000001000000000000000000000110001000010000000000000000001000011011000000000000000000010000000001000011100000000000000000000000000000000000000000100010000000000000000000000000000000000000000000000000000011000000000000000
000000000000000110000000010000000000000000000000000000000111100000000000000000000000001000000000000000000000000011100000000000000000000000000000111000000000000000000000000000010000000000000000000000000000000000100000000000000011010000000000000000000000000000000000000000000000000001110000000000100100
000000000000000000000000000100000000000000000000000000000111100000000000000000000000001000000000000000011100000110110000000000000000011110010000011100011000000000000000000000010011000000000000000000000010000010010000000000000011100001000000000000000000000000000001100000000000000001110000000000111000
000000000000000000000000011100000000000000000000000000000000000000011100000000000000000000000000000000000000000011001000000000000000010000000000100100100100110000000000000001100011110000000000000010000101000100010000000000000000000010100000000000000000000000000001000000000000000000000000000000000000
000000000000000000000000010010000000000000000000000000000000000000011100000000000000000000000000000000000000000100101100000000000000010111000001101100011000110000000000000010000100001000000000000100000000000010010000000000000000000010100000000000000000000000000100000000000000000000000000000000010000
000000000000000000000000000100000000000000000000000000000111100000010100000000000000000000000000000100000000111011101110000000000000010000000000101000000000000000000001100010001010001000000000001100000000000010100000000000000000000001000000000000000000000000001010011000000011000000110000000000101000
000000000000000000000000000000000000000000000000000000000011111111011000000010000000000000000001000010000000110011000000000000000000011100000000000000000000000000000010010010000100001000000000000101011000000000000000000000000000000000000000000000000000000000000101010100000011000000101100000000011000
000000000000000000000000000000000000000000000000000000000001011001010000000100100000000000000001000010000000111000000000000000000010000100010000000000000000000000000001100001100000110000000000000100011101000000000000000000000000000000000000000000000000000000001000111100000000000001101100000000000000
000000000000000000000000000000000000000000001100000000000000001001010000001000110000000000000001000100000000000011000000000000000000100000001001100000000000000000000111000000010001000000000000000100001110000000000000000000110000000000011000000000110000000000000111000000000000000001001011000000000000
000000000000000000000000000000000000000000001100000000000000000000010000000100011000000011100000010000000000000011000000000000001001100000001100000000000000000000000110000000010001000000000000100010100000000000000000000000110000000000000010000001001101000000000111000000000000000000010001111000000000
000000000000000000000000000000000000000000000000000000000000001100000000000000011000000000000000000000000000000000000000000000010010000000010011100000000000000000001010000000001110000011000000111001000000000000000000000000000000000000011010000000011010100000000000000000000000000001110100001000000000
000000000000000000000000000000000000000000000000000000010000000000001000000000000000000000000000000000000000000000000000000000001100000000000000000000000000000000000000000000000000000011000010011000000000000000000000000000000000000000000001000010000000100000000000000000000000000000000100000100000000
000000000000110000000000000000000000111000000000000000010000000001001000000000100000000011000000000000000000000000000000000000000000000000000000000000000000000000000000000000000000000000000111000100000000000000000000000000000000000001100001000010000011000000000011000000000000000000000100001000000000
000000000000110000000000000000000000000000000000000000010000000000000000000001010000000011000000000000111000000010000000110000000000111000000000000000000000000000000000000000000000000000001000101100000000000000000000000010000000000001100001000100000000000000000011001010000000000000000000001000000000
000000000000000011000000000000000000101000101000000000000000100000011000000001100011110000000000000000000000000101000000110000011000110000000000000011011100001110000000000000000000000000001101111000000000000000000000000111000000000010010000000110000000000000000000111010000000000001100000000000011000
000000000000000000010000000000000000001001000000000001000000100000000000000000000001001000000000000000000000000101000000000000000000110000000000000011000010010001000000000000000000000110000000110000000000000000000000001010100000000011001110000000000000000000010111001000000100000010000000000000011000
000000000000000010011000000000000000000000100100000001000000000000000000000000000010000000001001010000000000000010000000000011011000000000000000000100000001011000100000000000000000000000100000000000000000000000000000001010100000000011000000000000000000000000010000011101001010000001100000000000000000
000000000000000000000110000000000000101000010100000001000000000000000000000000000000011000001010100000000000000000000000000011000000000000000000000110100001100000010000000000000001100000010000000000000000000000000000110111011000000000000000000000000001110000010111110001000001000000000000000000000000
000000000000000001101101100000000000010011111000001000000000000000000000000000000000000000001010000000000000000000000000011011000000000000000000011001100001000010010000000000000000000000000010100000000000000000000001011010110100000000011000000000000001110000000000000010000000000000000000000000000000
000000000000000000110101100000000000101111110000001000000000000000000000000000000000000000000000000000000000000000000000101000000111100000000001000001100011000000011110000110000011001101000000100000010100000000000011010000010110000000011000000000000000000000000011100010000110100000000000000000000000
000000000000000000011000000000000000011000000000001000000000000000000000000000000000000100000001000000000000000000000001110111001010100000000001000001101100011000100110000110000010111000110000100000000010000000000001101000101100000000000000000000000000000000000010000000000001110000000000000000000000
000000000000000000000000000000000000001000100000000000000000000000000000000000110000001010000001100000000000000000000010100011001011000000000001000000100000010001000000000000001110000000000010000000010100000000000000111000111000000000000000000100000000000000000000000000000001110000000100000000000000
000000000000000000000000000000000000001000100011100011100000000000000000000000100100000100001100100000000000000000000010000011100100000000000000011000001000001110000000000000000000000000000000000000000000000000000000000000000000000000000000001010000000000000000000000000000001000000011000000000000000
000000000000000000000001000000000000000110000000000000000000000000000000000000110010000000000111000000000000000000000010110011000000000000000000000000000000000000000000000000000000000000000000000000000100100000000000000000000000000000000000001010000000000000001100000000000001000000111100010000000000
000000000000000000000010100000000000000000000000000000000000000000000000000000000000000000000010000000000000110000000001110110000000000000000000000100010000000000000000000000000000000000000010000000000000100000000000000000000000000000000000000100000000000000001100000000000000000001100010110000000000
000000000110000000000110000000000000000000000000011100000000000000000000000000000110000000000000000000000000110001111111000100000000000000000000000010010000000000000000000000000000000000000101000000000010000001100000000000000000000000000000000000000000000000000000000000111000000011011110000000000000
000000000101000000000100000000000000000000000000000010000000000000000000000000000000001000000000000000000000000010000011000000000000000000000000000011100000000000000000000000000000000000000011000000000000000001100000000000000000000000000011000000011000000000000000000000110000000001010000000000000110
000000000010000000000101000000000000000000000000001110000000000000000000000000000000001000000000000000000000000100000000000000000000000000000000000000000000001110000000000000000000000000001110000000000000011000000000000000000000000000000100100000100100000000000000000000100100000000010110000000001100
000000000000000000000101000000000000111111000000000000000001000000000000000000000000001000000000000000000000001100000001000001100000000000000000000000000000000000000000000000000000000000011100000000000000011000000000000000000000000000000011000000011000000000000000000000011000000000110011000001000101
000000000000000000000000000000000000000100010000000000011001100010000000000000000000000000000000000000000000001000011110000001100000000000000000000000001110000000000000000001000000000000010110000000110000000000000000000000000000000000000000000000000000000110000000000000000000000000000110010011100100
000011100000000000000000000000111000000010000000000000001101100010000000000000000000000000000000000000000000001000001000000000000000000000000000001100000000000000000000000110100010000000000010000000001000000000000000000000000000000000000000000100000000000110000000000000000000000000011101010000000000
000010001000000000000000000011101100000011000100000000000110000100000000000000000000000000000000000000000000000010000000000000000000000000000000010010000000000000000000001000100100000000000001100000000000000000000000000000000001000000000000001010000000000000000000000000000000000000000001000000000001
000000001000000000000011100011010001000110000000000000000011100000000000000000000000000000000000011000110000000000000000000000000000000000000000001100000000000000000000100001100001000000000010000000000000000000000000000000000010100000000000001010000000000000000000010000000000000000000001010011100000
001000001000000000000100101110001001101110010100000000000000000000000000000000000000000000000000100101001000000000000000000000000000000000000000000000000000000000000001000100101111001100000101000000000000000000000000000000000010100000000000000100000000000000000000010000000000000000000001001001000000
001000010000000000001000001100010001001100011000000000000000000010000001100000000000000000000000000000001000000000000000000000000000000000111000000000000000000000000001000010010101111100000111000000000000000000000000000000000001000000000000000000000000000000000000010000000000000000000010010000000000
000100100000000001111001001000101101000110011001000000000000000011110111000000000000000000000000010000001000001100000000000000000010000000111000000000000000000000000000011001100001110000001111100000000000000000000000000000000000000000000000000000000000000000000000000000000000000000000001100000000000
000000000011010001111001000111000111010000000110100000000000000011111011000011100000000000000000001000010000001100000000000000000101000001001000000000000000000000000000000000100000010000111100100001100000000000000000011000000000000000000000000000000000000000000111000111000000000011000001100000000000
000000000011001000000011000000000001110001010110100011000000000000011110000000000000000000000000000011000000000000000000000000000101000010111000000000000000000000000000000001100001100001110100100011100000000000000000011000000000000000000000000000000000000111000000000000000000000101000010000000000000
000000000000000000000000000000000000000111110001000100100000000000000000000000000000000000000000000000000000000000000000000000000010000110010000000000000000000000000000000001000101100001101001000011000110000000000000000000000000000000000000000000000000000000000000000000000000000010000000000000000000
000000000000110001010000000000000000000111010000000101000000100000000000000000000000000000000000000000000000000000000000000000000000000011010110000000000000000000000000000001011000000001001110000011001010000000000000000000000000000000000000000000000000000000000000000000000000000000000011000000000000
000001100000011010000000000001101100000000101000000010000011100000000000000000000000000000000000000000000000000000000000000000000000000000001000000000000000000000000000000000110000000010001100000000111100000000000000000000000000000000000000000000000000000000000001000100000000000000000011000000000000
000000001011001001010000000010000000000000011000000000000011100000000001010000000000000000000000000000000000000000000000000000000000000000000000000000000000000000000000000000000000000000000000000000110100000000000000000000000000000000000000000000000000000000000011100010000000011000001110110000000000
000000001101000011100000000110101000010000000000000000000000000000000000110000000000000000000000000000000000000000000000000000000000000000000000000000000000000000000000000000000000000000000000011000011000000000000000000000000000000000000000000000000000000000000101000001000000010100001100010000000000
000000001100000110000000000100111000100000000000000000000000000000001100100000000000000000000000000000000000000000000000000000000000000000000000000000000000000000000000000000000000000000000000011000000000001100000000000000000000000000000000000000000000000000001110010010000000001000001000011000000000
000000000000000110000000000111110101000010000000000000000000000000001100000000000000000000000000000000000000000000000000000000000000000000000000000000000000000000000000000000000000000000000000000000000000001100000000000000000000000000000000000000001000000000000110010110000000000000000000000100000000
000000000000111000000000000000000000000101000000000000000000000000000001100000000011100000000000000000000000000000000000000000000000000000000000000000000000000000000000000111000000000000000000000000000000000000000000000000000000000000000000000000001000001000000111100010000000000000000111000110000000
000000000000101000000000000000010000101001000000000000001100000110000000110000000000000000000000000000000000000000000000000000000000000000000000000001101100000000000000000100100000000000000000000000000000000000000000000000000000000000000110000000001000010100000010100000000000000000000111101100000000
000000000011010000000000000000010000100110000000000000010100110110000001100000000000000110000000000000000000000000000000000000000000000100000000000001101100000000000000000000011000000000000000000000000000000000000000000000000000000000000110000000000000010010000001110100000000000000000000011000000000
000000000011001000000011000000100000000000000000001000001000100010000001100000000000000101000000000000000000000000000000000000001000001001000000000000000000000000000000000010000000000000000000000000000001000000000000000000000000000000000000000000000000001100000000000000000000000000000001110000000000
000000000100101000000100100000011000000000000000010100000001001011100000000000001110000001000000000000000000010000000000000000111110000100100000000000000000000000000000000001001000000000000000000000000010100000000000000000000000000000000000000000000000000000000000000000000000000000100001000000000000
000000000011100110000011000000000000000000000000011000000000111000011000000000110000000111000000000000000000000000000000000001110110001101000000000000000000000000000000000001110000000000000000000000000010000000000000000000000000000000000000000000000000000000000000000000000000000000000001000110000000
000000000100101000000000000000000000000000000000000001100000001000111000000100010000000000000000000000000110000000000010000000111110011001000000000000000000000000000000011000000000000000000000000100100001000000000000000000000000000000000000000000000000000000000000000000000000000000100000001010000000
000000000110010000000000000000000000000000000000000001010000001000000100000101010110000000000000000000000000000000000011000000001000011001000000000000000000000000000000011000000000000000000000000100010000000000000000000000000000000000000000000000011100001100000000000000000000000000100100001000000000
000000000000110000000001100000000000000000000000000000100000001000011110000001010000100000000000001100000000000000000000100000000000000001000000000000000000000000000000000000000000000000000000000010100000000000000000100000000000000000000000000000000000010010000000000000000000000000011000001100000000
000000000010011000000010100000000000000000000000000000000000000000000000000000000001010000000000001100000000000000000011110000000000000000000000000000000000000000000000000000000000000000000000000001000000000000001100010000000000000011000000000000000000010100000000000000000000000000000000000000000000
001110000011011000000001000000000000000000000000000000000000000100000001000001000000000000000000000000000000000000000100100000000000000000000000000000000000000000000000000000000000000000000011100000000000000000001000010011000000000100100000010000000000001000000000000000000000000000000000000000000000
000000011000100000000000000001100000000000000000000000000000000010000001100011100001110000000000000000001100000001000011000000000000000011000000000000000000000000000000000000000100000000000010100000000000000000010000000011000000000010100000111000000000000000000000000000000000000000100000000000000000
000000111100000100000000000001100000000000000000000000000000000000000000011001000000000000000000000000001100000110110010000000000000000011000000000000000000000000000000000000001010000000000011100000000000000000000100000000000000000001000001000100000000000000000000000000000000000000001000000000000000
000001100110000100000000000000000000000000000000000000000000000000100010001110000000000000000000000000000110000001100000111100000000000011000000000000000000000011100000000000000000000000000000000000000000000000000000000000000000000000000010010110000000000000000000000000000000000001000010000000000000
000000111100000100001100000000000000000000000000000000000000000000011100000100000000000000000000000000000000000001000000001011000000000001000000000000000000000000000011000000001110000000000000000000000000000000010100010000000000000000000001010100000000000000000001100000000000000001011110000010001000
000000011000000000010010000000000000000000000000000000000000000000000000000000000111000000000000000000000000000000000000011000000000000001000000000000000000000000000011000000000000000000000000000000000000010000000000100000000000000000000001011101000000000000000000000000000000000010000100000101011100
001110000001110000001100000000000000000000000000000000000000000000000000000000011011000000000000000000000000000000000000000000000000000010100000000100000000000000000000000001110000000000000000000000000111101100011110100000000000000000000000111001000000000000010000000000000000000000000000001000010100
000000000000000000000000000000000000000011110100000000001000000000000000000000110011110000000000010111000000000000000000000000000000000001000000000100000000000000000000000000000000000000000000000000000110000011000001000000000000000000000100110110000000000000010111000000000000000000001100000101011100
000000000000000000000000000000000000000011110000000000011100000000000000000000110000111000000000111110100000000000000000000000000000000001000000000100000000000000000000000000000100000000110000000000000001101011111011000000000000000000000010001100111000000000000011000000000000000000001100000010001100
000000000000000000000000000000100000000101111100000000100100000000000000000000000000100100000000001110100000000110000000000000000000000000000000000000000000000000000000000000000100000000110000000000000000010001111110000000000000000000001001010000110000000000000000000000000000000000001100000000000100
000000000000000000000000000000100000001011000000000001111001010100000000000000000000011100000011100000000000001000110011100000000000000000000000000000000000000000000000000000000100000000000000000000000000000000000000000000000000000000010001010100110000000000000000000000000000000000000000010110000000
000000000000000000000000000001011000011010000000000001111001010100000000000000000000011100000011100010000000000111111100010000000000000000000000000000000000000000000000000000000000000000000000000000001110000000000000000000000000000000010001010100000000000000000000000000000000011100000000001110000000
000000000000010000000000000000000000000011000000001011110000000010000000000100000011100000110011101101000000000110000100010000000000000000000000000110000000000000000000000010000000000000000000000000010000000000000000000000000000000000011011001000000000000000000000000000000000100010000000000001000000
000000000000101000000000000000000000000010000110001010000000000000000000000100000001101000001000000101000000000110111100010000000000000000000000000101000000000000000000000011100000000000000000000000010000000000000000000000000000000000000000000000000000000000000000000000000000100010000000001100110000
000000000000010000000100000000000000000010011100000011010010000000000000000100000000111000000000000010000000000110100011100110000000000000011000000100000000000000000000000000000000000000000000000000001001000000000000000000000000000000000000000000000000010000000000000000000000110100000000001000010000
000000000000000000001010000000000000000010001111100001000000100000000000000000000000000000000000000000010000000100110000001010000011100000000100000000000000000000000000001000000000000000000000000000000100100000000000000000000000000000000000000000000111001000000000000000000000000100000000001001100000
000000000000000000000110000000001101100010100001100010000011000000000000000000000000000100100000111000011100000001110000001010000010100000011000000000000000000000000000010010000000000000000000000000001101000000000000000000000000000000000000000000000001110000000000000000000000001100000000000100000000
000000000000000000000000000000001101100010000000000010000010000000000000001000000000000100100000000000101110000001100000001100000100000000000100000011100000000000000000000000110000001100000000000101001000000111001100000000000000000000000000000000000000100000000000000011000000000110000000000000000000
000000000011000000000000000000000010000111000010000100000100000000000000010100000000000010000000000011000110110011000000000000000010100000000100000011011000000000000000001000001000011010000000000100101001110100110010000000000000000000001000000000000010000000000000000100100000000000000000000000000000
000000000100100000000000000000000000000011000101000111010100000000000000010110000000000000000000000011100000010001000000000000000010010000000100000011000100000000000000000100110011000100000001100100000111100101001010000000000000000000001000000000000010000000000000000010100000000000000000000000000000
000000000011000000000000000000000000000000000010001001100000000000000000000010000000000000000000000010000000010001000000000000000001100000000000000000000000000000000000000000000000000000000001100010100010110010111010000000000000000000001000000000000000000100000000000001000000000000000000000000000000
000000000000000000000000000000000000000000000110001010101000000000000011100011100000000000000000000000000010100000001100000010101000001000000000111000000000000000000000000000000001110000000000111001100001110010010000000000000000000000000000000000000000011000000000000000000000000000110000000000000000
000000000000000000000000000000000000000000000000001000001000011000000000010010000000000000000000000000000010101010000000000110111110000110000001000100110000000011000110000000000000011100000010110100000000000010000010000000000000011100000000000000000000011010000000000000000000000000110000000000000000
000000000000000000000000000000000000000000000000000011100000100100000011011000000000000000000000000000000000101000001101000010110110010100000010000010000000000011001001000000000000000000000101110100110000000010101100100000100000000000000000000000000000001100000000000000000000000000000000000000000000
000000000000000100000000000000000000000000000000000011100000010100000000110110000000000000000000000000000001001100000100100000001100110000000001101100000000000000001010000000000000010010000110110001001000000000000000100001010000000000000111000000000000000010000000000000000000010000000000000000000000
000000000000000100000000000000000000000000000000001000000000001000000000000010010000000000000000000000000001001000000011000001001000001000001000000000000000000000000100000000000000011100001011010101000000000000000011000010001000000000000111000000000000000000000000000000000000010000000000000000000000
000000000000001100000000000000000000100010000000010010000000000000000000001100001100000000000000000000000000101000100000000001000001110000001000000000000000000000000000000000000000000010001011101000010000000000000000000001011000000000000000100000000000000011000000000000000000010000000000000000000000
000000000000000000000000000000000001100001000000000001000000000000000000000010010000000000000000000000000000000000100000000001000111100000001000000000000000000000000000000000000000100010011010100011000100000000000000000000101110001010000000000000000000001001000000000000000000000000000000000000000000
000001000000100000000000000000000010000001000001100001000000000000000000110110000000000000000000000000010100000000000000000000001101000000000000000000000000000011000000000000000000010010000000000001110100000010000000000000000110010010000000000000000111001110000000000000000000000000000000000000000000
000010100001000111000000000000000010110001000001111100010000100000000011011000000110011100000000000000000010001100000000000000111101000000000000000000000000000100100000000000000000001000000010000000001100001111000000000000000011111011000000000000000111000000000000000000000000000000000000000010000000
000001100001011011000000000000000001101110000000000001010000100000000000010010001011100010000000000000010100000000000000000001000110000000000000000000000000000011000000000000010000000000000010000000000000001001000000000000110011010011000000000000001000000000000000000000000000000000000000000101000000
000000000100001010000000000000000000000000000000000010010000100000000011100011101001110110000000000000001100000011000000000000111100000000000000000001100000000000000000000000101000000000000000000010000111011010100000000000110010010001100000000000000000000001111100000000000000000000000000000100010000
000000011000000110000001110000000000000000000001000011000000000000000000000010000100000000000000000000000000000011000000000000010000000000000010000010010000000000000001000001000100000000000000000111101011010011000000000000000011110011000000000000111000000111000100000000000000000000000000000010000000
000000100100000000000000101000000000000000001001000011000000000000000000010110000000000000000000000000101000000001000000000000000000000000000110000010010000000000000001000001000100000000011000001100100000010100001100000000000000000000000000000000111001011101011100000000000000000000000000000010011000
000001000001100000000000011000000000000000010001000000000100000000000000010100000000000000000000000001000000001010000000000000000000000000000010000001100000000010000001000001000100000000011000011010000000011111101000000000000000000000000000000000010100011110000000000000000000000000000001100000000000
000001000101100000000000111000000000000000001100000000000010000000000000001000000000011000000000000000100000110100000000000011000000000000000000000000000000000101000000000000101000000000000000001011100000110001101011000000000000000000000000000000010100010000000000000000000000000000000010010000001000
000001000000000000000001100000000000000000000000000000001010000000000000000000000000000100000000000001000001111000000000000011000000000000000000000000000000000110001000000000010000000000000000000000000000010001000100000000000000000000000000011000001100000000000000000000000000000000000001100000000000
000000100100000000000001100000000000000000001000000000000100000000000000000000000000111000000000000001100000010000000000000000000000001100000000000000000000000000001000000000000000000000000000001001000001010000110000000000000000000000000000011000001100000000000000000000000000000000000000000000000000
000000001000000000000000000000000000000000011000000110000000000000000000000000000000000000000000000001001001000000000000000000000000001100000000000000000000000000001000000000000000000010000011000000010000100000000000000000000000000000010000000000000011000000000000000000000000000000000000000000011000
000000000000000000000000000000000000000001101000011110000000000000000000000000000000010000000000000000111000000000000000000000000000000000000000000000000000000000000000000000000000000001000011000111001010000000000000000000000000000000010000000000000011000000000000000000000000000000000000000001101000
000001100000000000000000000000000000000001000000010100000000000000000000000000000001000100000000111000000000000000000000101000000000000000000000000000000000000011100011100000000000110011100000000010111011000000000000000001000000000000010000000000000000000000000000000000000000000000000000000110100000
000001100000000000000000000000000000000001000101000010001000000000000000000000000010110100000000000000000000000000000000101101110000000000000000000000000000000000000000000000000000110011000000000001110101000000000000000000110000000000000000000000000000000000000000000000000000000000000000000100110000
000000000000000000000000000000000000000000111100110010000110000000000000000000000110110000000000000000000000000000001100010010011000000000000000000000010000000000000000000000000000000011000000100010001101000000010100000000000000000111000111000000000000000000000000000000000000000000000000000011100000
000000000000001100000000000000000000000000000001000000000101000000000000000000010000000000000000000000000100000000001100000011111000000000000000000000111100000000011000000000000000000000000001010001100110000000010001110000000000000000000000000111000000000010000000000000000000000000000000000001000000
000000000000000000000000000000000000010000000001100100100100000000000000000000010010000000000000000000000010000000000000000011000000000000000000000001000110000000011110000000000000000000000010010000000000000000100000011100000000000000010000000000000000000101000000000000010000000000000000000000000000
000000000000001100000000000000000100010000000010000010000011000000000000000000100001000000000000000000000010000000000000000011100000000000000000001101110001000000100001000000000000000000000001100000000000000001110000000100000000000000010000010000010000000010000000011000001000000000000000000000000000
000000000000000000000000000000001010010000000011000001000100000000010000000000010110000000000000000000000000000000000011000011000000110000000000110011011110000000001100000000000000010000000000000000000000000001000110100000000000000000010000010000010000000000000000101100101000000000000000000000000000
000000000000000000000000000000010000000000000000000000000000000001001000000000011100000001000000000000000000000000000101000011000010010000000000110001000100000010010100101100000000101000000000000000000000000000110010000000000000000000000000010000010000000000000001110001001000000000000000000000000000
000000000000000000000001000000001001000100000000000000000000000001110000000000010000000110000000000000000000000000000010000000100010100000000000001110000000000001001100110010000000101000000000000000000000001100011000000000000000000000000000000000000000000000000000100001001000000000000000000000000000
000010000000000000000001000000000111100010000000000000000000000000010000001001000000000111000000000000000000000000000000011011100000000100000000000101000000000000000101101100000000010000000000000000000000010010000000100000000000000000000000000111000000000000000000110000101000000000000000000011000000
000111000000000000000001000000000000000010000000001010000000000001010000010101010000001000000000000000000000000000000000010011000000000100000000000011000000000000000010000000000000000000000000000000000000001111100001010000010010000000000000000000000000000000100000101100000000000000000000000100000000
001001100000000000000000000000000000001001000000001010000000000000001000100100010000011011000000000000000000000000000000011100000000000100000000000100100000000000000000000000000000000000000000000000000000000001000100100000001001000000000000000000000000000001010000100110010000000000000000010101100000
011111000000000000011100011100000000000110110000000100000000000000100100011000000000001011000000000000000000000000000000000000000000000000000000001101110000000001000000000000000000000000000000000000000001100001000011000000001000000100000000000000000000001010110000110001000000000000000000010101100000
011010100000000000000000000000000000000110110000000000000000000000001000000000000000000100000000000111000000000000000000000000000000000000000000001000110000000011000000000000000000000000000000000000000001010000100010000000000100110011000000001000000000001010000000001111000100000000000000011100000000
011001100000000000000001000000000000000001000000000000000000000000001100000000000000000000000000000000000000000000000000000000000000000000000000001001100100000001011110000000000000000000000000000000000000100000001000000000000000010010000000001000000010001000000000000001001000000000000000000000000000
000000100000000000000001000000000000000000000000000000000000000000001100000000000000000000000000000000000000000000000011000000000111000001000000011100010100000001100010000000000000000000000000000000000000000000000000000000000011100100000000000100000111000001000000000000000000000000000000000000000000
000000100000000000000001000000000000000000000000000000000000011101110110000000000000000000000000011100000000000001000011000000000100100010100000000000011100000011000010000000000000000000000000000010000000000000000000000000000000000000000000100000001100101000000000000000000000000000000000000000000000
000111111000000000000000000000000000000000000000000000000000100010010000000000000000000000000100001100000000000001000000000000000000000010100000000000000000000011100000000000000000000000000000000010000000110000000000000000000000000000000000110000000100000010000000000000000000000000000000000000000000
000000001000000000000000000000000000000000000000000000000000000000011000000000001110000000000011000110000000000001000000000000000001100001000000000000000000001101001000000000000000000001110000000010000000110000000000000000000000000000000011010000000011010110000000000000000000000000000000000000000000
000111111000000000000000000000000000000000000000000000000000001000010000000000110000000000000001001110000000000000000000000000000000000000000000000000000000000101100000000000000000000000000110000000000000000000000000000000000000000000000001101000000000001000000000110000000000000000000000000000000000
000000000000000010000000000000000000000000110000000000000000011010010000000000001110000000000000100010000000000000000000000000001000010000000000000000000000000000110000000100000000001110101110000000000000000000110000000000000000000000011010010000011100000011000000010100000000000000000000000000000000
000000000000000011000000000000000000000000110000000000000000000001010000000000000000000000000000001100000000000000000000000000111000111000000000000000000000100000000000001010000000000011000001000000000000000000101000000000000000000000000000011000101100000010010000000000000000000000000000000000000000
000000000000110000100000000100000000000000110000000000000000000000100001100000000000000000011000000000000000000000000000000000100001101000000000000000000000010011000000011000000000000000101110000000000000000000100100000000000000000000000010000001110000000010010000100001000000000000001100000000000000
000000000000110000100000000100000000000000100000000000000000000000000001100000000000000000001100000000000000000000000000000000000010000010000000000000000000100111000000100011000000001010010110000000000000000000010100000000000000000000000000110001100000000000000000000000000000000000001100000010000000
000000000000110000011000100000000000000001010000000000000000000000000000000000000000000000000000000000000000001000000000000000011110001100000000000000000000000100000000111000000000000100000000000000001100000000000000000000000000000000000000101000000001100000000001000100100000000000000000000010000000
000000000000000000110011001000000000110000111000000000000000000000000000000000000000000000000000000000000000100100000000000000001000101010000000000000000000000000000000011000000000000000000000000000001100000000000110000000000000000000000000011000000011000000000001000001000000000000000000000010000000
000000000000000000001111000101110001110000001100000000000000000000000000000000000000000000000000011000000001000100000000000000001000000000000000000000000000010000000000000100000000000000000000000000000000000000000000000000000000000000000000000000000111000000000001001001000000000000000000000000000000
000000000000000000011000011100000001010001111000000000000000001100000000000000000000000000000000011000000000000000000100000000000100000110000000000000000000110000000000001010000000000000000000000000000000000000000000000000000000000000000000000000001010000000000001101110000000000000000000000000000000
000000000000000000001100010100000000000011110000000000000000001100000000000000000000000000000000000000010100001000001111110000000010011000000000000000000000100100000000000001000000000000000000000000000000000000000000000000000000000000000000000000000100000000000001101100000000000000000000000000000000
000000000000000000001110110110000000000101100000000000000000000000000000000000000000000000000000000011000100001100011000001011000000000010000000000000000000010010000000000000110000000111000000000000000000000000000000000000000000000000000000000100000000000000000000011100000000000000000000000000000000
001000000000000100000110110100010101000110000000000000000000000000000000000000000110000000000000000100000111001011111000001110100001000110000000000000000000001100000000000001010000000100000000000000000000000000111000000000000000000000000000000110000000000000000000000000000000000000000000111000000000
010000000000010010000000000000110011000100000000000000000011000000000000000000000101000000000000000011000100100000011001100011000001000110000000000000000000000000000000000000100000000110100000000000000000000000101000000000000000000000000000000011000000000000000000000000000000000000000000000000000100
000100000000100000111000000000100011000000000000000000000011000000000000000000000101000000000000000011000001101100001000010000000001000100000000000000000000000000000000000001000000000001100000000000000000000000110000100100000000000000000001100100000000000000000000000000000000000000000000001000000100
000100000000000110111000000000100001000000000000000000000000000000000000000000000000000000000000000000110011010101010000000000000000110000000000000000000000000000000000001100000000000000000000000000000000000001000000100010000000000000000001100000000000000000000000111000111000001110000000000000000100
001000000000000010001000000000010010000000000000000000000000000000000000000000000001000000000000000000000010010101000000000000000000000000000000100110000000000000000000000100000000000000000000000000000000000011000000000010000000000000000000000000000000001110000000000000000000010010000000100010000000
001000000000000000100001110000000110000000000000000000000000000000000000000000011001000000000000000000000010000110000000000000000000000000000001011110011000000000000000000000000000000000000000000000000000000011000000000000000000000000000000000000000000010010011100000010000000011011000000100111000000
100000000010000000110000000000000000000000000000000000000000000000000000000000000000100011000000000000000010001100000000000000000000000000000001001000111000000000000000000000000000000000000000000000000000000000000001101100000000000000000000000010000000000010010000000010000000000010100000001000110000
110000000100100000010000000000000000000001100000000000000000000000000000000001010101000011000000000000000100000000000000000000000000000000000000111000011000000000000000000000000000000000000000000000010000000000000000010000000000000000000000001100100000100010010100000010000000000010100000000010000010
101000000010001000000000000000000000000001100010000000000000000000000000000001000000000000000000000000000011100000000000000000000110000000000000000000000000000000000000000000000000000011100000000001101100000000000000000000010000000000000000000101010011000010000000000000000000000111000000000000010001
011100000010100100000000000000000000000011000011010110000000000000000000000000000000000000000000000000000011000000000000000000000110000000000111000000000000000000000000000000000000000110110000000001101100001100000000000001001000000000011000000010111011010000000000000000000000011010001000000011001001
011000010111100010000000001100000000000001110001010110000000000000000000000000000000000000000000000000000000000000000000000000000000000000000001000000000000000000010001110000000000000000000000000011101000001100000000000011000000000000010100000000001111110100100000000100000000011100010100000001000101
000000101011000000000000010100000000000001110011000000000000000000000000000000000000001110000000000000000000000000000000000000000000000000011000000010000000000000010000110000000000000100100000000111011100000000000000000000001000000000000110000000000001111010110000010010000000000000110100000000101101
000000101101100000000000001000000000000000111011000010000000000000000000000000000000001011000000000000000000000000000000000000001000000100010001100010001011000001110000001000000000000010100000000110001100000000000000000001010000000000001100101000000001011000010000010001000000000000100001100000001110
000000010010001000000000000000000000000000000001001110000011000000000000000000000000000011000000000000000000000000000000000000010100001010010000100010001001000001110001101000000000000101000000000100000100000000000000000000000000000000000000010000000000010000000000110001000000000000011000000000000000
110000000010001000000000000000000000000000000000100110000000100000000000000000000000000000000000000000000000000000000000000000001000001010001000100010100000000001101001110000000000110110000000000011000100000000000000000000000001000000000000001010000001000000000000000010000000000000000001011000000000
110000001101100000000000000000000000000000000000010000000100000000000000000000000000000000010000000000000000000001100000000000000000000010000111000100000000000000011000000000000000110001000000000001011110000000000000000000000001000000000000011011000001010000000000000100000000000000000011010000000000
000000001010000010100000000000000000000000011001101000001000001000000000000000000000000000101000000000000000011001100000000000000000001100000000001000000000000000000000000000000000000010000000000000000011000000000000100000000000000010100000000001000000110000000000000000000000000000000010001000000000
000000010010000000100000000000011000000000011010110000000000001000000000000000000000000000101000000000110000011000000000000000001000001100000000000100000000000000000000000011100000011100000000000000000000000000011001111100000000000100001000100000100000000000000000000000000000000000000010101100000000
000000001100001100010000000000011000000000110111100000000000000000000000000000000000000000010000000001110110000000000000000000010100001100000000000101000000000000000110000000000000011000000000000000000000000010011101000010000000000010001000100001000000000000000000000000000000000000000010001010000000
000000000000010001011000000000000000000000111000000000000111011000000000001100000000000000000000000001000010000000000000000000010100001100000000000110000000000000000110000000000000000000000000000000011000001100000110111010000000000000000100111010000000000000000011100000000000000000000010100010000000
000000000000000000000100000000000000000000010000000000000010010000000000000010000000000000000000000001001100000000000101000110001000010110000000000110100000000000000000000000000000000000000000000000110000001101001001100010011100000000001000000000000000000000000000100000000000000000000001101010000000
000000000000000001000000000000000000000000001000000000000001110000000000000000000000000000000000000000100000000000000100100101000000010101000000000011000000000000000000000000000000000000000000000000101000000010001001100100010000000011011000000000000000000000000001000000000000000000000000011100000000
000000000000000000111000000000000000000000000000000000000001100000000000000000000000000000000000000000000000000000001000100010000000000011100000000000000000000000000000000000000001110000000000000000011101100110000000010100100100000011000000000000000000000001100000000000000000000000000000000000100000
000000000000000000100000000000000000000000000000000000000000010000000000000000000000000000000000000000000000110000001000100000000000000011000000000000000000000000000000000000000000000000000000000000000001110000001000001000001110000000000000000001001100000010010000000000000000000000000000000001001000
000000101000000000000000000000000000000000000000000011000000100000000000000000000000000000000000000000000000101000001001000000000000000010000000000000000000000000000000000000000000000000000000000000000010001001110010000000010010000000000000000001000010000011011000000000000000000000000000000001111100
000001000000000001101100000000000000000000000000000010100000100000000000000000000000000000000000000000000000100100000100001110000000010100000000000000000000000000000000000000000000000000000000001100000000101100000010000000011011000000000000001000000010000000100000000000000100000000000000000000110010
000000000100000011111010000000000000000000000000000000100000000000000000000000000000000000000000000000000000011000000000000000000000010000000000000000000000000000000000000000000000000000001110010100000010101100000010000000011000100000000000010100000001000000000000000000001010000000010100000000011011
000000101000000100000010000000000000000000000000000001110100000000000000000000000000000000000000000000000000000000000000100000000000000000000000000000000000001000000000000000000000000000000000001000000001111100010100000000000011100000000000001100100001100000000000000000010010000000010000000000000111
000000000000000000011100000000000000000000000000000100011000110000000000000000000100000000000000000001000000000000000000100000000000000000000000000000000000001000000000000000000000000000000000000000000000111111001010011100000001000000000000000000011111000110001100000000001010000000000001000000000001
000000000001100000011000000000000000000000000000000101110000001000000000000000000110001110000000000010001000000000000001000000000000000000011000000110000000001000000000000000110000000000000000000000000000000111011111101100000000000000000000000000000000000110001100000000000011011000000000101110000100
001100000011100000000000001110000000000000000000001000111100001000000000000000001001001010000000000001000001100000000000010000000000000000100100000110000000000000000000000000110000000000000000000000000000100000011000011000111000000000000000100000000000000000000100010000000001111100000100010001100101
001100000100001000000000011001000000000000000000000110000000110000000000000000000100001000010000000001000110000000001100011100000000000000011000000000000000000000010000000000000000000000000000000000000000100000011111100000110000000000011111110000000000000000000111011000000001001000000000000001000001
000000001111001100000000000000100000000000000000000000000000000000000000000000000000000011011000000000100000000000011011000110000000000000000000000000000000000000010000000000000000000000000000000000000000010001000010000000000000000000100000011000000000000000000110000100000011111100000100000110000000
000000001001001111000000010000100000000000000000000000000000000000000000000000000100000011010000000000000000000000000000100110000000000000000000000000000000000000010000000000000000000000000000000000000000001110000000000000000000000001000001000100000000000000001001001000011000011000000000000000000011
000000000000000100100000000000100011100000000000000000000000000000000000000000000000000000000000000000000000000000000000000100000000000000000000000000000000000000000000000000000000000000000000000000000000000000000000000011000000000001001010001110000000000000001010110000100000001000001100100001000010
000000000000000001000000001000100010010000000000000000000110000000000000000000000000000000000000000000000000000000000000001000110000000000000000000000000000000000000111000000000000000000000000000000000000000000000000001100100000000000000000000010000000000000001010110000101111110000010110000001000000
000000000010000000000000000101000110001000000000000000001100000000000000000000000000000000000000000000000000000000000001010000100100000000000000000000001110000000000000000000000000000000000000000000000000001100000000001101100000000000000001011011000000000000010001010000010000100001001001100000011000
000000001100000000000000000000011101001000000000000000000101100000000000000000000000000000000100000000000000000000000000110110000100000000000000000000111000000000110000000000000000000000000000000000000001000010000000000100000000000000000011010110000000000000101000101000000000000000100000000100011000
000000000101000000000000000000101001001000000000000000000000000000000000000000000000000000001010000000000001110000000000001100000100000000000000000000110100000001000000000000000000000000000000000000000011000100000001111100000000000000000010010000000000000000100100101000000000000000010000000100011010
100000000010001100000000000000100000110000000000000000000010000000011000000000000011000000000100000000000000111000000010000101101000000000000000000001000100000000000000000000000000000001000000001000000100000100000001001000000000000000000001110000000000000000011000111000000000000000000000000001100000
110000000000001100000000100000101000000000000000000000000000010000011100000000000011000000000000000000000000000000000010000001110000000000000000000111000001000000000000000000000000000010100000010100000100010000000001110000110000000000000000100000000000110000000000000000000000000000000000000000111010
000000000000000000000000100000010000000000000000000000001100010000000100000000000000000000000000000000000000000000000101000000000000000000000011000010010011100000000000000000000000000010100000100011000100000000000000000000111000000000000000000000000000101000000000000000000000000000000000000000001110
000000000000000000000000000000000000000000000000000000010000100000000000000000000000000000000000000000000000000000000010000000000000000000000011000001111110100000000000000000000000000001000000100010100000100000000000000000000111100000000000000000000000011000000000000000000000000000000000000000000110
000000000000000000010000000000000110000000000000000000001000000000000000100000000000000000000000000000000000000000000010000000000000000000000000000000110000000000000000000000000000000000000000111010100000010000000000000000000011000000000000000000000000000000000000000000000000000001000000000111001000
000000000000000000101000000000001100000000010000000000001011110011100010101000000000000000000000011110000000000000000000011000000000000000000000000000000000000000000000000000000000000000000000010010000000100000000000000000000011000001100000000000000000000000000000000000000000000010100001011111000000
000000000000000000101000000000000010000001101100000000000110110011001010010000000000000000000000010001000000000000000001011000000000000000000000000000011100000000000000000000000000000000000000001010001110100000000000000000001010000000000000000000000000000000000000000000000000000010010001000001000011
000000000000000000010000000000000000000001001000000000000011100000100010100100000000000001010000000001000000000000000000010000000000000000000000000000101100000000000000000001000000000000000000000010100000000000000000000000001000000000000010000000000000000000000000000000000000000001100010001000100001
000000000000000000000000000000000000000001000000000000000001000000000000010111100000000001001000000001000000000000000011100000000000000000000000000000100000001000000000000100000000000000000011000000000000000000000000000000001000000000100011000000000000000000000000000000000000000000000001001000000011
000000000000000000000000000000000000000000111000000000000000000000000000110100110000000000001100011010000000000000000010100110000000000000000000000000100000001000000000000100001000000000000011000000000000000000000000000000000000000011000010110000000000000000000000000000000000000000000001001010001100
000000011100000000000000000000000000000000000000000000000000011000101000110010001000000000011000010001000000000000000001101100000000000000000000000000110110001000000000001100001000000000000000000000000000000000000000011000010100000011000110001000000000000000000000000000000000000000000000110000000000
000000000000000000000000000000000000000000000000000000010101001000011000000001100000000000000100000110000000000000000001100100000000000100000000000000010100000000000000100111110000000000000000000000000000000000000000000100011000011000000100010000000000000000000000000000000000000000000000000010100000
000000000001000000000000000000001110000000000000000000011010001000001000000001100000000000000000000000000000000000000000111000000000111110000000000000001000000000000000000111100000000000000000000000000000000000000000101100000000000010000010000000000110000000000000000000000000000000000000000001000000
000000000001000100000000000000010111000000000000000000100000010000000000001010100100000001100000000000000000000000000000010000000001110001000000000000000000000000000000001100000000000000000000000000000000000000000000101100000000000000000000000000000110000000000000000000000000000000000000000000000000
000000000001000100000010000000010000100000000000000011000000010000000000010000100100000001100000001000000000000000000000000000000001011010000000000000000000000000000001000000000000000000000000000000000000000000000000000110000000000010100000001000000110000000000000000000000000000000000000111000000000
000000000000000100000010000000001111000000000000000011000000100000000000010000010110000001000000010100000000000000000000000000000001100000000000010000001100000000011001100000001001000000000000000000000000000000000011110101100000000110000000010100001110000000000000000000000000000000000000100100000000
000000000000000000000010000000000111000000000000000101110010010000000000001000010110000000000000010100000000000000000000000000000001100000000000010101110110000000011010100100000000000000000101000010000000000000000100100001110000000111000000100010000000000000000000000000000000000000000000100010000011
000001000000000000000000000011000000000000000000000110011100100000000000000000010010000110000000001000000000000000000000000000000000010000000000011101111000000000011010101100000000100000000111100010000000000000000111000000011110110010010000010100100000100000000000000000000000000000010000000010000011
000001000000000000000000000111000000000000000000000011000001000000000000000000001100000111000000000000000000000000000000000000000000010000000000011010011000000000000010100100000100100000000000100011000000000000000110101011010110100001110000001000100000100000000000000000000000000000111000010010000000
000001000000000000000000000110100111000000000000000001100010000000000000000000000000000011011000000000100000000000000000000000000001100000000000001000010000000000000111101000000101100000000101100000000000000000000110101001001100100000100000000000100000100000000000000000000000000000111100001100000000
000000000000000000000000000000000100100000010000000000110010000000000000000000000000000001000000000000110000000000000000000000000000000000000000000011100000001100000000000000000011100000000101000001110000000000000010010110111111000000000000000000000000000000000000000000000000000001100110000000000000
000000000000000000000000000001111101000000010000000000100010000000000000000000000000000000010000000001011000000000000000000000000000000000000000000011100000010100000000000000001011000000001000001000110000000000000011010000001110000000000000000000001110000000000000000000000000000000111100000000000000
000000000000000000000000000001111001100000101000000000011100000000000000000000000000000000000110000001010000000000000000000000000000000001000001000000000000000100000000000000011000000000001000000001000000000000000001001100000100000000110000000000000000000000000000000000000000000000111000000000000000
000000000000000000000000000001000111010000111110000000010010000000000000000000000000000000001010000001100000000000000011000000000000000011100010100000111000000000000010000001001100000000010111100001001000000001100000101000000000000000011000000000000000000000000000000000000000000000000000000000000000
000000000000000000000000000000111101101001000010000000001000000000000000000000000000000000000000000000000000000000000010100000000000000010100011000000000000000000000101000001010000000000011001100000111100000001100000010000000000000000000000000000000000000000000000000000000000000000000000000000000000
000000000000000000000000000000001000001101000000000000000000101000000000000000100000000000000000111000000000000000010001010000000000000000000000000000000000000000000000100001110000000000001110000000000100000010010000000000000000000000000000000000000000000000000100001100000000000000000000000000000000
000000000000000000000001100000000000011001000010010000000000010000000000000001100001100000000000000000000000001111111000100001010000000000000000001100000001000000000110110001000000000000000100000000000000000000000000000000000000000000101000000000001100000000000111001100000000000000000000000000000000
000000000000000000000000001000000000110001000100011000000000000000000000000011100011001100000000000000000000111001001100010001010000000011101100001100000111000000000001010011000000000000000000000000000000000000000000000000000000000000010000000000001100000000000100000000000000000000000000000001000000
000000000000000000000001111010000000100000110000010100000000000000000000000000000010001100000000000000000001010100101110010000100001010001100000000000001110000000000000100011000000110000000000000000000000000000000000000000000000000000000000000000000000000000000010010000000000000000000000000010100000
000000000000000000000001000110000000000000010010001110000000000000000000000000000000001010000000000000000010000000001110001001000010010000110100000000010001000000000000000000000000110000000000000000000000000000000000000000000000000000000000000000000000000000000000001110000000000000000000000010100000
000000000000000000000011100100000010000011000111000000000000000000000000000000000000000110000000000000000001001000001011001011100100010000001000000000100100000000000000000000000000000000000000000000000000000000000000000000000000000000000000000110000000000000000000001110000000000000000000000001000000
000000000000000000000010000110000110000101010011101000000000000000000000000000000000000101000000000000000000110000101001000000010110000000000000000001001100000000000000000000000000000000000000000000000000000000000000000000000000000000000000000110000000000000000000000100000000000000000000000000000000
000000000000000000000001000110001001000110011000010000000011001100000000000000000001000000000000000000000000001111110000000000101000000000011000000001000000000000000000000000000000000000000000000000000000000000100000000000000000000000000000000000010000000000000000001000000000100000000000000000000000
000000000000000000000001001000001010000000001011110000000011111100000000000000001100000000000000000000000000000011100000010001000000000000011000000001000000000000000000000000000000000000000000000000000000000001110000000001100000000000000000000000101100000000000000000000000001100000000000000000000000
000000111000000000000000010000000110000000000010000000000011001100000000000000001000000000000000000000000000000000000011000110000000001100000000000000000000000000000000000000000010000000000000000000000000000011111000000001100000001100000000000000100010000000000000010100000010010000000000000000000000
010000110000000000000000000000000000000000000000000000000000000000000000000000001100000000000000000000111000000000001000010010010000010010000000000000000000000000000001000000000001011100000000000000000000000000000000000110000000001100000000000000011010011100000000001100000110000000000000000000000000
100100110000000000000000000000000000000000000000000000110000000000000000110000001000000000000001000000000000000000101000010001001000111111000000000000000000000001100001000000000111000000000000000001101000000000000000000100001010000000000000000000001000000100000000000000000111000100000000000000000000
000100110000000000000000000000000000000110000000000001001000000000000000110000000100000000000010100000101000000000100000001000001000010010000011100000000000000001100001000000000000000000000000000001110000000000000000000000100100000000000000000000000110010000000000000000001101101010000000000001010000
100011010000000000000000000000000000000110000000000001010001000110000000111110000000000000110000000000101000000000110000110000011000001100000100100000000000000000000000000000000000000000000000000110001000000111111100000000000000000000000000000000000110000000000000000000110000001000000000000001010000
011000111000000000000000000000000000000000000000000010010010100110000000000110000000000001110001100000110100001100000000100000000000000000001011000000000000000000000000000011000000000000000000000100101100000111011100000110000001000000000000000000000000011000000000000001100100001000000000000000100000
000110110000000000000000000000000000000000000000000001100010100000000010000010000000000001100000000001010010001100000110000000000000000000011011000000000000000000000000000011000000000000100000001000101000000110101100000010011000000000000000000000000000011000000000000000101110010000000000000000000000
000011000000000000000000000000000000000000000000000000000000000000000101011100000000001111100000000100000010000000000000000000000000000000011001110010000000000000000000000000000000000011011000000100010000000001110000000000100011000000000110000000000000000100000000000000100100000000000000000000000000
000001000000000110011100000000000000000001010000000000000000000000001100011010010000001100100100000100101000000000000000000000000000000000001010110010000000000000000000000000000000000011011001000011100000000000100000100000000000000000001001000000000000010000000000000000011000000000000000000001000000
000000000000000111100100000000000000000011010000000000000000000000000110000110010000000000010110000010110000000000000000000000000000000000001001000010000000000000000000000000000000000010010011110001000011100000000000010000000000000000000110000000000000011100000000000000000000000000000000000010100000
000000000000000001100010000000111000000101110000000000000000000000000100000010000000000000000000000001010000111000000000000000000000000000001000000000001100000000000000000000000000000001100110001000000100100000000000001000000000000000000000000000000000010100000000000000000011000000000000000001000000
000000000000000000101101100001101100001110010000000000000000000000011100000000000000000000001000000001010000000000000000000000000000000000011100000000001100000000000000000000000000001000000110001100000011100000000000011000000000000000000000000000000000011000001000000000000011000000000000000001010000
000000000000000000001101000001001100000101111000000000011000000000010100000000000000000011000110000000000000000000000000000000000000000000001100000000000000000000000000000000000000010110000000001000000000000000000000001100000000000000000000000000000000000100000110000111000000000000000000000001010000
000000000000000000000001010000110000000011001100000000101000000000010010000000000000000011000000000001110000000000000000000000001110011100001100000000000000000000000000100000000000100110000101011000000000000000000000001101100000000000000000000000000000011000000000000000000000000001000000000100001000
000010000000000000000001001000000000000001001111010000100000000000001110000000000000000000000000000000000000000000000000000000000000000000001000000011110000000000000000100000000001000000000011010000000110000000000000000101100000001000000000000000000000000000000000000000000000000010110000001011010000
000101000000000000000000110000001000000000000000000000101000000000001110000000000011000000000000000000000000000000000000000000000000000000000000000010001001100000000000100000000001000110000011000000000101000000000000000011000000010100000000000000000000000000000000001000000000000100000000001000000000
000110000000000000000000000000111100000000000000000000001000000000111000000000001011000000000000000000000000000000000000000000000000000000000000000000101110100000000000000000000010000010000000000000011000001110000001000000000000001000000001111000000000000000000000010100000000000010000110000100100000
000000000000000000000000000000100110000000000000000000000000000000110000000000001010110000000000000000000000000000000000000000000000000000000000000000100001000000000000000000000001000000000000000000000100001111000010100000000000000000000010010110000000000000000000010100000000000000000011000110001100
000000000000000000000000000100110000000000000000000010000000000000000000000000010101110000000000000000000000000000010000000000000000000000000000000100110001000000000000000000000000110010000000000000010000000000100010100000011100000000000100011110000000000000000000001000000000000001001111110001011100
000000000000000000000000001000000000000000000000000100000000000000000000000000110100110000000000000000000000000000101000000000000011000000000110001010010100000000000000000000000000110011000000000000000000001111000001000000000000000000000010111100000000000000000000000000000000000000100100011000010000
000000000000000000000000010000100000000000000000000100000111000000000000000000100000000000000000000000000000000000000000000000000100100000000101001010000000000001100000000000000000111000000100000100110000000000000000000000000000000000000001101100000000000000000000000000000000000000010010001100100001
000000000000000000011001110000100000000000000000000010000010000000000000000000110000000000000000000000000000001100000000000000110100010000000001001010000000000001100000000000000000000000001010000000111000011000000000000000000000000000000000100000000000000000000000000110000000000000010010000111010001
000000000000000000000111011000010000000000000000000001100011000000000000000000001100010000000000000000000000010010000001010110000110110000000011000000000000000000000000000000000100000000001010000000010000010000000000000000000000000000000000101000000000000000000000000110000000000000000110000010001110
000000000000000000000011011011100000000000101000000000000100000000000000000100000110100000000000000000001000110001000000000110010000100000000011000000001000000000000000000000010110010100000100000101100000000000000000000000110000000010000000100000000000000000000000000000000000000000001101100000000000
000000000000000000000000101000000001100000011000000000001000000000000000001010000001000000000000000000001001110110000000011000001111000000000000100000001000000000000000000000100100111000000000000001100010000000000000000000110000000101000000010010000000000000000000000000000000000000001101000000000000
000000000000000000000000111101100000000000010000000000000001000000000000001010000000000001011000000000100001100000000000000000000010000000000000000000010000100000000000000000110100101000000000000110110101000000000000000000000000010001000000010100000000000000000000000000000000000000001001011000000000
000000000000000000000000110100011110000000000000000000000010100000000000000100000000000011011100000000111000000000000000001000000000000000000001100001011100010000000000000000110000100000000000000000010100100000000000000000000000000010000000000000000000000000000000000000000000000000000000101000000000
000000000000000000000000110001000100000000000000000000000000010000000000000000000000000001010110000000111000000000000000100011100000000000000001100001111010000000000000000000001000110000000000000010011011100000000000000000000000100000000000000000000000000000000000000000000000000000001011111000000000
000000000000000000000000010110000000000000000000000000000100000000000000000000000000000000100011000000000000000001100000111001000000000000000000000011100010100000000000000000000000101000000000000011100000000110000000000000000000010100000000000000000000000000000000000000000000000000000100000000000000
000000000000000000000000001100111000000000000000000000010100000000000000000000000000000000010110000000011010000100010000011010000000000000000000111001011101100000000000000000011101101000000000000000000000000110100000000000000000001100000000000000000000000000000000000000000000000000000000000000000000
000000010000000000110000001000000000000000000000000000010001000000000000000000000000000000100100000000011100000011100000000000000000000000000000111011111101100000000000000000000000000000000000000000000000000011000000000000000000000000000000000000000000000000000000000000000000000000000000000000000000
000000010000000001100001001000000000000000000000000000001110000000000000000000000000000001000100000000000000000001000000000000000000000000000000000000010101000000000111000000000010010000000000000000000000000101000000000000000000000000000000000000000000000000000000000000000001000000000000000000000000
000000010000000011000011011100000000000000000000000000000000000000000000000000000000000011110000000000000000000000000000000000000000000000000000000000000010000000000000000000000000000000000000000000000000000000000000000000000000000001110000000000000000000011100000000000000010110000000000000000000000
000000000000000100000001000100000000000000000000000000000000000000000000000000000000000000000000000000000000110000000000000000000000000000000000000000000000000000000000000000000011000000000000000000000000000000000000000000000000000000000000000000000000000011100000000000000001100000000000000000000000
000000000000000011000000000000000000000110000000000000000000000000000000000000000000000000000000000000000000110000000000000000000000000000000000001101100000000000000000000000000000000000000000000000011000000000000000000000000000000000000000000000000000000000000000000000000000000010000000000000000000
000110000000000011011010100000000000000110000000000000000000000000000000000000000000000000000000000000000000000000000000000000000000000000000000001000100000000000000000000000000000000000000000000000100100000000000000000000000000000000000000000000000000000000000000011000000000100100000000000000000000
000110000000000000000111100000000000000000000000000000000000000000000000000000000000000000000000000000000000000000000000000000000000000000000000000111000000000000000000000000000000000000000000000000011000000000000000000000000000000000000000000000000000000000000000011000000000100100000000000000000000
