300 300
000000000000000000010000000000000000000000000000000000000000000001100000000000001000000000000000000000000000000000000000000000000000000000000000000000000000000000000000000000000000000000000000000000000000000000000000001100000000011000000000000000000000000000000000000000010000000000000010000000000000
000000001101111001101000000000000000000000000000000000000000000001100000000000011100000000000000000000000000000000000000000000000000000000000001011100000000000000000000000000000000001100000111000000000000110000000000010010000000100100000000000000000000000000000100000000110000000000000010000000000000
000000001000000001000100000000000000000000000000000000000000000000000000000001100010000000000000000000000010000000000000000000000000000000000011100100000000000000000100000000000000001100000000000000000000110000010000010010000000011000000000000001000000000000001110000110000000000000000010000000000000
000000000001000000011000000000000000000000000000000000000000000000000001000110101100000000000000000000000001100000000000000000000000000000000100010100000001110000001010000000000000000000000000000000000000000000010000001100000000000000000000000011100000000000000001110100000000000000000000000000000000
000000000111010111000000000000000000000000000000000000000000000010000010110000001000000000000000000000000000010001000000000000000000000000001100101000000000000000001001000000000000000000000000000000000000000000010000000000000000000000000000000000001110000000101100000110000010000000000000000000000000
000000000111100111000000000000000000000000000000000000000000000101000010000000010000110000000000000000000010010010100000000000000000000000001100100000000000000000000110000000000000000000000000000000000000000000000000000000000000000000000000000011001111000001100001110001100011000000000000000000000000
000000000011000000000000000000000000000000000000000000000000000100100001100001100001001000000000000000000010010001110000110000000000000000000100000101000000000000000000000000000000000000000000000000000000001100000000000000000000000000000000000000100000100000100001000001100011000000000000000000000000
000000000000000000000000000000000000000000000000000000000000000011000000111110000001010000000000000000000000110000110000110000000000000000000011110011100000000000000000000000000011000000000000000000000000001100000000000000000000000000000000000100010010010000011101000000000010100000000000000000000000
000000000000000000000000000001100000000000000000000000000110000000000000000000000000100000000000000000000001110101101000000000000000000000000001000011100000000000000000011100000011000000000000000000000000000000000000000000000000000000000000000001011001111100001110000000000111000000000000000000010000
000010001000000000000000000000000000000011000000000000000101000000000000000000000000000000000000000000000011000100101100000000000000000000000000000000000011100000000000100010000000000000001100000000000000000000000011000000000000000000000000000000000110100100000100000011110000000000000000000000010000
000011010000000000000000000000000000000100000010000000000010000000000000000000000000000001000000000000000111000101000010000000000000000000000000000000000000000000000001101101000000000000001100000000000000000000000011000001010000000000000000000000000110000100000000000100010000000000000000000000010000
000101111000000000000000000000000000000001100011000110000000000000111000000000000000000010100000000001001001000000000100000000000000000000000000000000000000000000011110001101000000000000000000000000000000000000000000000000000000000000000000000000000001000000000000000010010000000000000000000000000000
000010000000000000000000000000000000001000000001000110000000000000011100000000000000000100010000000001001001110000010000000000000000000000000000000000000000000000111001000100100000000000000000000000000000000000000000000010000100000011100000000000000000010000000000000001000000000000000000000000000000
000011010000000000000000000000000000000111000000000100000000001000010010000000000000000100010000000000101000101100110000000000000000000100000000000000000100000011010010000110100000000000000000000000000000000000000000000100000010000000000000000000000000000000000000000000000000000000000000000000000000
000001010000001110000000000000000000001011000000101000000000001000001010000000000000000010010000000000000000011111100000000011000000001010000000000000001010000011100110000011000000000000000000000000000100000000000000001001001100000100010000000000011000000000000000000000000000000000000000000000000000
000000000000000000000000000000000000000111000000101000000000001000011100000000000000000010100000011100000000001111000000000001000000001100000000001100001010000000000000000000000001100000001110000000011000000000000000001001101000000010100000000000100100000000000000000000000000010000000000000000000000
000000001110000000000000000000000000000111000000111000000010111010110000000000000000000000000000100010000000000000000000001000000000000000000000010010000100000011100000000000000001100000000000000000011000000000000000000101100000000001000000000000011100000000000000000000000000101000000000000000000000
000000010010000000001000000000000000000000000000000000000000111110110000000000000000000000000000100000000000000000000000001100000000000000000000010010000000000001010000000000000000000000000000000000011000000000000000000010000000000000000000000000000100000000000000000000000000110000000000000000001100
000000010001000000001000000000000000000000000000000000010000100000000000000000000000000000000000110001011100000000000000000000000000000000000000001100000000000010010000000000000000000000000000000000000000000000000000000000000000000000000000000111000111000000000000000000000000000000000000000000010100
000000100000000000001000000000000000000000011011000000100010000000000100000000000000001000000000010001000000000011000000000000000000000000000001100000000000000010000000000000000000000000000000000000000000000000000000000001110000000000010000000000000000000000000000000000000000000000000000010000001000
000001101110000000000000000000000000000000001010000000100010000000100010000000000000000100000000001001000000000101000000000001110000000000000000000000000000000100010000010000000000000000000000000011000011100000000000000000000000000001101000000000010000000000000000000000000000000000000000101000000000
000000100000000000000011100000000000000000000100000001111010000001000010000000000000011100000000001101000000000010000000000000000000000000000000000011100000000100010000101000000000000000000000000101000010010000000000000010001100111111100100000000010000000000000000000000000000000000000000101000000000
000000110001110000000000000000000000011000000000000011001010000000100000000000000000000000000000001001000000000000001100000000000100000000000000001001010000000010010000101000000000000000000000000100100000010001110000011000000100011100000000000000010000000000000000000000000000000000000000010000000000
000000010001100000001000000000000000101000000000000101100110000000010110000000000000000000000000000110000000000000010100000000000100000000000000110000010000000011001000010000000000000000000000000110110100110010001000011101011100001110000100000000000000000000000000000000000000000000000000000000000000
000000000000100000001000000000000001110000000000000011101100000000000110000000000000000000000000000000000000000000001000000000000100000000000001011001110000000001011110000000000000000011000000000001110111000100000100010001101101000011000100000000000000000000000000000000000000000000000000000000011100
000000000000000000001000000000000101000000000000000100011100000000000000000000000000000000000000000000000000000000000000000000000000000000000001010000100000000000110001000000000000000100100000000000000000001000100010000111000101100010001000000000000000000000000000000000000000000000000000000000000000
000000000000000000000000000000001101100000000000011000001100001000000000000000000000000000000000000000000000000000000000000000000000000000000001100000000000000011111110000000000000000101000000000000000000001001010010001010001001000001110000000000000000000000000110000000000000000000000000000000000000
000000000001100000000000000001011001000000000000001000000000011100000000000000000000000000000000000000000000000000000000000000000000000000000000000000000000000101000100000000000000000010000000000000000000001000100010000100010010000011000000000000000000000000000110000000000000000000000000000000000000
000000000010010000000000000001000000000000000000000000000000100000000000000000000000000000000000000000000000000000000000000000000000000000000000000000000000001000100000000000000000000000000000000000000000000100000100000000001100000111000000000000000000000000000000000000000000000000000000000011000000
000000000001010000000000000000000000000000001100000000000001000011100000000000000000000000000000000000000000000000000000000000011000000000000000000000000000001000100000000000000000000000000000000000000000000010001000000000000000000001000000000000000000000000000000000000000000000000000000000100100000
001100000000100000000000000000000000000110010010000000000000100000000000000000000000000000000000011100000000000000000000000000101000000000000000000000000000001101100000000000000000000000000000000000000000000001110000000000000000001110000000000100000000000000000000000000000000000000000000000011000000
110101000000000000000000000000000000001001110010000000000000001010111000010001100000000000000000010010000000000000000000000001110000000000000000000000000000000000000000110000000000000000000000000000000000000000000000000000000000000000000000001010000000000000000000000000000000000000000000000000000000
000000000000000000000000000000000000001001111100000000000000000001101000010001100000000000000000100000000000000000000000000000000000000000000000000000000000000001000001001110000000000000000000000000000000000000000000000000110000000110000000001010000000000000000000000000000000000000000000000000000000
100001000000000000000000000000000000000000001000000000000000000000000000010000000000000000000000010001010000000000000000000000110111000000000000000000000000000010100001001000000000000000000000000000000000000000000000000000110000000010000000000100000000000000000000000000000000000000000000000000000000
011100000000000000000000000000000000010000010000000000000000000000000000000000000000000000000001111101111000000000000000000000110100000000000000000000000000000110110001100000000000000000000000000000000000000000000000000000000000000000000000000000000000000000000000000000000000000000000000000000000000
000000000000000000000000000000001100000000010000000000000000000000001100000000000000000000000001101011101000000000000000000000011100000000000000000000001000001000100001110000000000000000000000000000000000000000000000000000000000000000000000000000000000000000011000000000000000000000000000000000000000
000000000000000000000000000000001100011000000000000000000000000000001100000000000000000000000001110110110000000000010000000000111000100000000000000000010101101111000000000000010000000000000000000000000000000000000000000000000110000000000110000000000000000000011000000000000000000000100000000000000000
000000000000000000000000000000000000000000000011000000000000110010000000000000000000000000000000010000100000000001100000000000010000100000000000000000001100000000000000000000111000000000000000000000000000000000000001000000001010000000001001000000000000000000000000000000000110000001010000000000000000
000000000000000000000000000001000000000000000011000000000000110010000000000000000000000000000001100000100000000001010000000000101011000000000000000000000110000100000000000001001100000000000000000001000000000000000000000000001010000000001001000000000000000000000000000010001001000001100000000000000000
000000000000000000000000000011100000000100000000000011000000000000000000000000000000000000000010000001000000000000111010000000011100000000000000001000000000010100000000000011000110000000000000000001000000000000000000000000001100000000000110000000000000000000000000000011001000000000000000000000000000
000111000000000000000000000110110000001010000000000101000000001100000000001000000000000000000010001110000000000000011100000000001100000000000000001000000001111000000000000110110100000000000000000001000000000000000000000000000000000000000000000000000000000000000000000001101000000000000000000000000000
000000000000000000000000000011100000010010000000000101100000000000000000010100000000000000000010001100001000000100000100000000000000000000000000010100000001111000000000000001110001110000000000000000000000000000000001100000000000000010000000000000000000000000000000100000001000100000000000000000000110
000000000000000000000000000001000000001100000000011101100000000000000000011000000000000000000000000000010100011011000000000000001000000000000000000000000000011100000000000000000001001000000000000000000000110000001101000000000000000110000000000000000000000000000011001000001000100000001000000000001010
000000000000000000000000000000001100000000000000101001000000000000000000000000000000000000000001001000000000000000000000000000001000000000000000111111000000001110000000000000000001000000000000000000000100001011000000000000000000001001000000000000000000000000000010111111000000100000011100000000001000
000000000000000000000000000000010000000000000000101101100000000000000000000000000000000000000000110000000100010001000000000000001000000000100000010010001110001100000000000000000000101000000000000000000100000010110000000000000000001010000000000000000000000000000001111011100001000000101100000000101000
000000000000010000000000000000100000000000000000011100000000000000000000000000000000100000000000000000000000000110000000000000000000000001110000001100000110011100000000000000000001100000000000000000000100000010110000000000000000000110000000000000000000000000000000000000000000000000110000000000101000
000000000000110000000001000000010100000000000000000000000011100000000000000000000001111000000000000000000000010100000000000011011000000100010000000000000111011100000000000000000000000000000000000000000001000010110000000000000000000000000000000000000000000000001000110001000000000000000011000000000000
000000000000111000000010100000001000000000000000000000000000000000000000000000000010111110100000000000010100011000000000000001000000000001000000000000000100000000000000000000000000000000000000000000000000010001000000000000000000000000000000000000000000000000000110111001000010000000000011000000000000
000000000000000110000001000000000000000000000000000001110000001000000000000000000011000000110000000000000000000000000000000001101110001101000000000000000011000000000000000000000000000000000000000000000000111011000000000000000000000000000000000000000000000010100001111010000010000000000000000000000000
000000000001000100000000000000000000000000000000000001000100001000000000000000000001111111010000000000000000000000000000000001001001110100000000000000000000000000000000000000000000000000000000000000000000100000000000000000000000000000000000000000000000000001010111010010000100000000000000000000000000
000000000010111101000000000000000000000000000011000000110110001000000000000000000000111111100000000000000000000000000000000000110110000100000000000000000000000000000000000000000001100001110000000000000111000000000000000000000000000000000000000000000000000011000100000000000000000000000000000000000000
000000000000000001100000000000000000000000000011000000001010000000000000000000000000000000000000000000000000000000000000000000111100010010110000000000011100000000000000000000000001100001111000000000001010100000000000000000000011111000000000000000000000000001111000000010001000000000000000000000000000
000000000001001001110000000000000000000000000000000000000011100000000010000000000000000000000010000000000000001000000100000000001000001100001010100000011100000000000000000000000000000000100010000000011100000000000000000000000100101011000000000011100000000000010000000010001011100000000000000000000000
000000000000110001110000000000000001100000000000000000000000000000000101000000000000000000000101000000000001000100001010000000000000000000000000001100011100000000000000000000000000000000001000000000000000001000000000000000000011101011000000000011110000000000000000000001100001111110100010000000000000
000000000000000001110000000000000001100000000000000000000000000000000101000000000000000000000101000000000001000110000000000000000000000000101010110000000000000000000000000000000000000000000000000000000001000000000000000000000000010011000000001010011000000000000000000000010001000000110011000000011100
000000000000000000110000000000000000000000000000000000000000000000000010000000000000000000000010000000000001010000100010011100000000000000010000000001000000000000000000000000000000000000000000000000000000000000000000000000000000011100000000001111010000000000000000000000000000000000010001000000000001
000000000000000001100000000000000000000000000000000000000001100000000000000000000000000000000000000000000000000001000100010010000000000000000000000001000000000000000000000000000000000000000000000000000001000110000000000000000011001010000000100011100000000000000111000000000000100000011110000010110000
110000000000000000000000000000000000000000000000000000000001100000000000000000000000000000000000000000000000000000001000110001000000000000000000000001000000000000000000000000000000000000110110000000000000000001100000000000000011000110000000101001000000000000000000000011111000011110000100000110000000
110000000000000000000000000000000000000000000000000000000000000000001000000000000000000000000000000000000000000010110001100001000000000000000000000000000000000000000000000000000000000001010100000000000000100000100000000000000000001111000000000000000000000000000000100100100100000110000000001001000101
000000000000000000000000000000000000000000000011000000000000000000010100000000000000000000000000000000000000000010000011100101000000000000000000000000000110000000000000000000000000000011010110000000000000100000100000000000000000110001100000000000000000000000000111100000011100000000000000011100000010
000000001100000000000000000000000010000000000011000000000000000000010100000000000000000000000000000000000000000000000001101100000000000110000000000000000110000000000000000000000100000001010100000000000000010001000000000000000011000011000000000000000000001000000001110100000000000000000001111000110000
000000010010000000000000000000000101000000000000000000000000000000001000000000000000000000000000000000000000000000000000101000000000000110000000110000000000000000000000000000001010000001110101000000000000001110000000000000000100000110000000000000000000001000000001101110000000000000000001100000001000
000000001100000000000000000111000011000000000000000000000000000000000000000000000000000001000000000000000000000000000000000000000000000000000001001000000000000000000010000000001001000000000111000000000000000000000000000000000100000000000000000000000000001000000001000000000000000000000000001001011000
000000000000000000000000011010100000000000000000000000000000000110000000110000000000000001000000000000000000000000000000000000000000000000000001000000000000000000000101000000000100000000000000000000000000000000000000000000011000001100000000001100000000000000000000000000000000000000011000000110000000
000000000000000000000000101000000000000000000000000000000111001001000001001000000000000001000000000000000000000000000000000000000000000000000000111000000000000000000101000000001001000000000000000000000000000000000000000000100001000010000000001100000000000000000000000000000000000000100100000000000000
000000000000000110000000111010010000000000000000000000000100100110001000110000000000000000000000000000000000011000000000000000000000000111000000000000000000000000000010000000001000000000000000000000000000000000000000000000100010100000000000000000000000000000000000000000000000000000101000000011000000
000000000000000110000001001010110000000000000000000000000000100000110110000000000000011100000000000000001000011000010000000000000000000101000000000000001000000000000000000000000000000000000000000000000000000000000000000000100001000000000000000000000000000000000000000000000000000000010000000011000000
000000000000000000000001010111100000000000000000000000001000100000110000000000000000000000000000000000001000000000110000000000000000001001000011100000100100000000000000000000000010000000000000000000000000000000000000000000011000000000000000000000000000000000000000000000000000000000000000000001000000
000000000000000000000000000001100000000000000000000000011011000101100001000000000000000000000000000000001000000001101100000000000000001010000011010001111000110000000000000010000100100000000000000000000000000000000000000000000100010000100000000000000000000000000000000000000000000000000000000001110000
000000000000000000000000100001000000000000000000000000001000001101011010000000000000000000000000000000000000001101011100000000000000001110000000111100000000110000000000000110000000010000000000000000000000000000000000000000000100010110100000000000000000000000010100000000000000000001100000000001010000
000000000000000000000000011110000000000000000000000000001010001010110000000000000000000000000000000000000111001010001100000000000000000000000000100010000000000000000000000100100000010000000000000000000000000000000000000000000011100001000000000000000000000000100100000000000011000010010000000001001100
000000000000000000000000000000000000000000000000000000000110000001010000000000000000000000000001000110000100100000000000000000000000110000000000010100000000000000000000000011000000000000000000000000000000000000000000000000000000000000000000000000111000000000010100001010000011000001110000000000001100
000000000000000000000000000000000000000000000000000000000000000001101000000000000100000000000010001010000100000110000000000000000000110000001100001000000000000000010000000000000000000000000000011000000000000000000000000000000000000000000000000000100100000000000000010010000000000010011000011000011100
000000000000000000000000000000000000000000001100000000000000000000101000001110000100000000000001111100000010000000000000000000000000000000010010000000000000000000100010000000000100000000000001001000000000000000000000000000110000000000000000000001000000000000000000001010000000000000000100011000000000
000000000000000000000000000000000000000000001100000000000000000000010000000100000000000011100000111000000000010000000000000000000000000000001010000000000000000000010010000000001010000000000011001000000000000000000000000000110000000000000000000001100011010000000010111000000000000011100001000100000000
000000000000000000000000000000000000110000000000000000000000000000000000000011000000000100010000000000000000000000000000000000000011100000000100000000000000000000010010000000001010000001011111000000000000000000000000000000000000000001000110000001101010001000000111110000000000000000000000001000000000
000000000000000000000000000000000001001000000000000000000000000000000000000000011000001000001000000000000000000000000000000000000010100000000000000000100000000000000000000000000100000001011000110000000000000000000000000000000000000110000000000000010000010000000100001000000000000000100000001000000000
000000000000110000000000000000000001010000000000000000111000000000000000000010000000000100010000000000010000000000000000000000000010000000000000000001100000000000000000000000000000000000000111111000000000000000000000000000000000001000001100000000001000000000000111111000000000000000100000110000000000
000000000000110001100000000000000000100000000000000000000000000000000000000100100011100011100000000000010000000010000000110000000000000000000000000010001000000101000000000000000000000000000011011000000000000000000000000111000000010001001100000000000001000000000111110000000000000000010111000000000000
000000000000000011011000000000000000000000000000000000000000000000000000000010100010011000000011000000010000000101000000110000100000000000000000000000111000000010000000000000000000000000000000000000000000000000000000000010000000010000000000000000000000000000000000000000000000000000000010000000011000
000000000000000110101000000000000000000000000000000000000000000000000000000011000011001000000110000000000000000101000000000001010000000000000000000000110000000000000000000000000000000000000001000000000000000000000000000000000000000111110000000000000000000000000000000000101000000000000000000000011000
000000000000001100000000000000000000000000000000000011100000000000000000000000000000111000001000000000000000000010000000000010000010000000000000000000000000010000000000000000000000000000000001000000000000000000000000000000000000000000111010000000000000100000000000000111100001000000000000000000000000
000000000000000000001100110000000000000000000000000000000000000000000000000000000000000000011101100000000000000000000000000001011111000000000000000000000100001011000000000000000001000000000010000000000000000000001101111111111101100000000010000000000001010000000000000110100001000000000000000000000000
000000000000000000011111010000000000111110000000000000000000000000000000000000000000000000001000000000000000000000000001100010000100010000000000000000011011100001000000000000000011100000000001010000000000000000001101101010101101100000000000000000000001010000000000000000010101000000000000000000000000
000000000000000000001000100000000000000110000000011100000000000000000000000000000000000000011000110000000000000000000001100111100000001000000000111000010000000010000000000110000101110000000010001000000000000000010000100000001000010000000000000000000000100000000000000000010000000000000000000000000000
000000000000000000001000100000000000000001000000000000000000000000000000000000000000000100000000000000000000000000000001000110010000001000000000011000010110110001010000000110001000100000000001010000000000000000001000101101101000100000000000000000000000000000000000000000000000000000000000000000000000
000000000000000000001000000000000000000011000000110001100000000000000000000000100000001010000000100000000000000000000000000110110001001000000000100000000000111111110000000000011101000000000000100000000000000000000011001000100110000000000000000100000000000000000000000000000000000000000000000000000000
000000000000000000001100000000000000000010000000110001100000000000000000000001010000000100010000100000000000000000000000000000000000110000000000000000000000110100110000000000000000000000000000000000000000000000000011011000110110000000000000001010000000000000000000000000000000000000000000000000000000
000000000000000000000000000000000000000000000001000000000000000000000000000001010110000000001010110000000000000000000010000101000000000000000000000001000000011011100000000000000000000000000000000000000000000000000000000000000000000000000000001010000000000000001100000000000000000000000000000000000000
000000000000000000000000000000000000000000000001110100000000000000000000000000101000000000000110110000000000000000000111000101000000000000000000001011100000010000000000000000000000000000000000000000000000000000000000000000000000000000000000000100000000000000001100000000000000001110001000000000000000
000000000110000000000000000000000000000000000001100000000000000000000000000000000000000000000100100000000000000000000000000000100000000000000000001100010000001010000000000000000000000000000001100000000000000001100000000000000000000000000000000000000000000000000000000001001000011000001110000000000000
000000000101000000000000000000000000000000000000000000000000000000000000000000000000000000000100100000000000000000000000000001000000000000000000001110100000001010000000000000000000000000000001100000000000000001100000000000000000000000000011000000011000000000000000000001111000011000011101100000110010
000000000010000000000000000000000000110000000000001100000000000000000000000000000000011100000111000000000000000000000000000011100000000000000000000000101000001010000000000000000000000000000001100000000000011000000000000000000000000000000100100000100100000000000000000001001000000000100001100001100010
000000000000000000000000000000000000110000000000000010000000000000000000000000000000000000000000000000000000000000000000000000000000000000000000000000000110000100000000000000000000000000000010000000000000011000000000000000000000000000000011000000011000000000000000000000000000000110101100010010001100
000010000000000000000000000000000000000000000000001100000000000000000000000000000000000000000000000000000000000000000000000000000000000000000000000000100110000000000000000000000000000000000110000000000000000000000000000000000000000000000000000000000000000110000000000000000000000001111010110011100000
000110000000000000000000000000111000000000000000000000000000000000000000000000000000000000000000000000000000000000000000000000000000000000000000011100000000000000000000000000000000000000000000000000000000000000000000000000000000000000000000000100000000000110000000000000000000000000000010000000000000
000000000000000000001100100000101000000000011000000000000001100000000000000000000000000000000000001011110000000000000000000000000000000000000000010010000000000000000000000000000000000000001111100000000000000000000000000000000001000000000000001010000000000000000000000000000000000000001110101000000000
000000000000000000010001100001110000000011001001000000000001100000000000000000000000000000000000010000101100000000000000000000000000000000111000001100000000000000000000000000000000000000000100100000000000000000000000000000000010100000000000001010000000000000000000000000000000000000010111000000000000
000000000000000000000001001001100000000000000001000000000000000010000000000000000000000000000000010000001010000000000000000000000000000000010000000000000000000000000001100000001100000000000011000000000000000000000000000000000010100000000000000100000000000000000000111000000000000000111011010000000000
000000000000000000001010000001100000000000000000100000000000000101000000000000000000000000000000001100100010000000000000000000000000000000010000000000000000000000000001100000000010000000000000000000000000000000000000000000000001000000000000000000000000000000000000000000000000000000011000010100000000
000000000001000000000010000101000001110000000111000000000000001000100000000001000000000000000000000001101010001100000000000000000010000000000000000000000000000000000000000001000010000000000000001000000000000000000000000000000000000000000000000000000000000000000000000010000000000000001010110100000000
000000000001000000001011011011000000110000000011000000000000000101000000000001000000000000000000000000011100001100000000000000000101000100000000000000000000000000000000000000100001000000000000110110000000000000000000011000000000000000000000000000000000000010000010100010000000000011000000101100000000
000000000001000000000111011011000000010000000000000011000000000010000000000001000000000000000000000000000000000000000000000000000101001110111000000000000000000000000000000000100001100001000000001000000011000000000000011000000000000000000000000000000000000010000100000010000000000101000000000000000000
000000000000000001100000000111000000010100000000000100100000000000000000000000000000000000000000000000000000000000000000000000000010011010011000000000000000000000000000000010011000100011000100000000000010110000000000000000000000000000000000000000000000000010000100100000000000000010000000000000000000
000000000100000010010000000000001000001100000000000101000000000000000000000000000000000000000000000000000000000000000000000000000000011011011000000000000000000000000000000101110000100100100010000000000110110000000000000000000000000000000000000000000000000000000100100000000000000000000110000000000000
000000001100000010010000000001001000001100000000000010000000000000000000110000000000000000000000000000000000000000000000000000000000001111010000000000000000000000000000000000011101000010000010000000000010110000000000000000000000000000000000000000000000000000000010100000000000000000000110000000000000
000000111000000010100000000001000100000000011000000000000000000000000001001000000000000000000000000000000000000000000000000000000000000011100000000000000000000000000000000011100010000000000100000000000011000000000000000000000000000000000000000000000000000000000010010000000000011000000000010000000000
000000110000001000000000111000000000000000011000000000000000000000000001001000000000000000000000000000000000000000000000000000000000000000000000000000000000000000000000000000000000000000000000011000001000000000000000000000000000000000000000000000000000000000000000001000000000010100000000100011000000
000000100000000010000000100000110000001110000000000000000000000000000000110000000000000000000000000000000000000000000000000000000000000000000000000000000000000000000000000100000000000000000000011000001000001100000000000000000000000000000000000000000000000000000001000100000000001000000000000100100000
000000011100000110000000110111100000010001000000000000000000000000000000000000000000000000000000000000000000000000000000000000000000000000000000000000000000000000000000001011000000000000000000000000000000001100000000000000000000000000000000000000000000000000000001100010000000000000000110000100010000
000000001010000100000000011000100000011011000000000000000000000000000000000000000100000000000000000000000000000000000000000000000000000000000000000000000000000000000000001001000000000000000000000000000000000000000000000000000000000000000000000000011100001000000000010010000000000000000111110110110000
000000000010010010000000001000100000000000000000000000000001100000000000000000000110000000000000000000000000000000000000000000000000000000000000000001101100000000000000001000000000000000000000000000000000000000000000000000000000000000000110000000000000010100000000010000000000000000000000001011100000
000000001100010110000000000100010000000000000000000000000001011000000000000000000011000100110000000000000000000000000000000000000000000000000000000001101100000000000000000101000000000000000000000000000000000000000000000000000000000000000110000000000000010010000000000000000000000000000000000110000000
000000010000000100000011000000000000000000000000001000000010000111011000000000000010000010111000000000000000000000000000000000000000100000000000000000000000000000000000000110011000000000000000000000000000000000000000000000000000000000000000000000000000001100000001001100000000000000000000000000000000
000000011000000000000100100001010000000000000000010100000001101011111000000001100011000000001100000000000000000000000000000001000001010000000000000000000000000000000000000111101000000000000000000000000000000000000000000000000000000000000000000000000000000000000000000000000000000000000000000100000000
000000010000000000000011000000100000000000000000011000000001100011000100000011000000111111101000000000000000000000000000000001000011011111000000000000000000000000000000000100000100000000000000000001000000000000000000000000000000000000000000000000000000000000000001110000000000000000000000011010000000
000000001000011000000000000000000000000000000000000001100000000010000110000001111100000011110000000000000000000000000000000001000000101000000000000000000000000000000000000111111000000000000000000011100000000000000000000000000000000000000000000000001000000000000000000000000000000000000001000001000000
000000001011000010000000000000000000000000000000000001010000010010100100000000101101100001000000000000000000000000000000000000000000000000100000000000000000000000000000000010011000000000000000000000000000000000000000000000000000000000000000000000001000001100000000000000000000000000011000000000000000
000000000000001110000001100000000000000000000000000000100000000100011011100000100011011000000000001100000000000001100000000000000000001010000000000000000000000000000000000001100000000000000011100000000000000000000000000000000000000000000000111000001000010010000000000000000000000000011001000110000000
000110000000010010000010100000000000000000000000000000000000000000001001110000000100011000000000001100000000000011010000000000000000000100000000000000000000000000000000000000000000000000000000000011100000000000011000000000000000000011000001111000000000010100000000000000000000000000000000011000000000
001001011001011000000001000000000000000000000000000000000000000000000000110001000100000000000000000000000000000100010000100000000000000000000000000000000000000000000000000000000000000000001000000101000000000000100100000011000000000100100010000100000000001000000000000000000000000000000000000000000000
011010001000101000000000000001100000000000000000000000000000000000011100011001000011011000000000000000000000001001000001010000000000000001000000000000000000000000000000000000000011000000001000001100000000000000100100000011000000000010100110101100000000000000000000000000000000000000001010000000000000
010001100000110000000000000001100000000000000000000000000000000000011111110001101111001000000000000000000000000100000000100000000000000100000000000000000000000001000000000000011011000000001000001000000000000000011000000000000000000001000010101000000000000000000000000000000000000000000000000000000000
011010001100000000000000000000000000000000000000000000000000000000000000111100010110110000000000000000000000000100010000000000000000001001000000000000000000000001000000000000000001000000000000000000000011100000000000110000000000000000000010001000000000000000000000000000000000000111000011000000000000
010000110101100000001100000000000000000000000000000000000000000000100010011100100000000000000000000000000000000001010000000000000000000110000000000000000000000001000011000001101110000000000011100000000110100000000000110000000000000000000000001000000000000000000000000000000000000100000101000000100000
011010100101100000010010000000000000000000000000000000000000000000101100011000000000000000000000000000000000000000100000000000000000000111000000000000000000000000000011000001000010000000000000000000000111000000000000000000000000000000000010001011000000000000000000000000000000000100100000110001000000
001001000010010000001100000000000000000000000000000000000000000000011100011010000000000000000000000110000000000000000000001100000000000001000000000000000000000000000000000001000000000000000000000000000000000000000000000000000000000000000100100000100000000000001100000000000000000011100000000000101000
000110000001100000000000000000000000000000000000000000011000000000000000000100000000010000000000000000000000000000000000001100000000000001110000001110000000000000000000000000000100000000000000000000001111100000000001110000000000000000000010000001100000000000010010000000000000000000000000000000010000
000000000000000000000000000000000000001100000000000000100100000000000000000000000000101000000000101001000000000000000000000000000000000010010000000000000000000000000000000000000010000000110000000000001111111100000001010000000000000000000000010011100000000000110110000000000000000000000100000000000000
000000000000000000000000000000100000010010000000000000010000000000000000000000000000001100000001101111000000000000000000000000000000000001100000000000000000000000000000000000000110000000110000000000000010001100000001110000000000000000001011000101000000000000010100000000000000000000000100000000000000
000000000000000000000000000001010000100010000000000000000110000000000000000000000010001000000000110000000000000110100000000000000000000001000000001000000000000000000000000000000000000000000000000000000011000000000000000000000000000000100011001001000000000000001000000000000000011000000000000000011000
000000000000000000000000000001010000000000000000000000000000000000000000000000000100010000000000000000000000000000010000000000000000000000000000011000000000000000000000000000000000000000000000000000011111000000000000000000000000000000100000000000000000000000000000000000000010000100000000000000011000
000000000000010000000000000000100000000101000000000011100000000000000000000000001001100000000000000000000000010000001000000000000000000000000000010100000000000000000000000011000000000000000000000000011010000000000000000000000000000001000010000110000000000000000000000000000100000000000000000000110100
000000000000101000000000000000000000000110000000000011010000000000000000001110001001000000000000000000000000000000010000000000000000000000000000000000000000000000000000000100100000000000000000000000111000000000000000000000000000000000110110011000000000000000000000000000001000000100000001110000010100
000000000000010000000100000000000000011110000000000100010000000000000000000000000110000000000000000000000000000001100000000000000011000000000000000000000000000000000000000011000000001000000000000000000000000000000000000000000000000000110000011000000000000000000000000000000110101000000001000000101000
000000000000000000001010000000001000000010000000000101100000000000000000000000000000000000000000000000000000000000100000000001100101000000000000000000000000000000000000000000000000011100000000000000000000000000000000000000000000000000000000000000000000000000000000000000000010001000000001110000010000
000000000000000000000110000000011000001111000000001101100000000000000000000000000000000010000000000000101000100000100000110001100010000000000000000000000000000000000000000000000000100100000000000000001110000000000010000000000000000000000000000000000001110000000000000000000000110000000000000000000000
000000000000000000000000000000110000001100100000101110011000000000000000000111000000000101100000000100100000000000100000000000000000010000000000000000011100000000000000000000000000100100000000000000100110000000000011000000000000000000000000000000000010001000000000000011000000100000000000000000000000
000000000011000000000000000000011000000011000011101100000100000000000000000101000000000101000000001000000011100000100000100000000001101000000000000000010100000000000000000000000000011100000000010110110110000000111110100000000000000000000000000000000000000000000000000100100000000000000000000000000000
000000000100100000000000000000001101000000000011001011101000000000000000000101000000000010000000000000001000000000100000011010000100001100000000000000100100000000000000000000000000010100000000010000000100001011001110100000000000000000011100000000000001110000000000000010100000000000000000000000000000
000000000011000000000000000000000111000000000110000110100000000000000000010000000000000000000000000100000000000000000000001011000100010110000000000000011000000000000000000000000000011000000000000000100000010000010111000000000000000000000000000000000000000000000000000001000000000000000000000000000000
000000000000000000000000000000000010000000000011000100110000000000000001010000100000000000000000000010100000000001000001111110001000011100000000000000000000000000000000000000000000010000000000001101100000100000100010000000110000001000000000000000000000001000000000000000000000000000110000000000000000
000000000000000000000000000000000000000000000001000001000000011000000011001100100000000000000000000000000000000010000010010100000011110000000000000000000000000011000110000000000001101100001000000110000000010001000000000001001000001000000000000000000000001000000000000000000000000000110000000000000000
000000000000000000000000000000000000000000000000000100000000100100000110011000100000000000000000000000000000001100000000011110000000101100000000000000000000000011001001000000000011100100010110000010000000000000000000000001000000001000000010000000000000000001000000000000000000000000000000000000000000
000000000000000000000000000000000000000000000000001100000000010100000000011100000000000000000000000000000010000010000000001000000010000110000000000000000000000000001010000000000011010100110110000001000000000000000000000101000000000000000101000000000000001000100000000000000000000000000000000000000000
000000000000000000000000000000000000000000000000010100000000001000000000001000010000000000000000000000000000000000000101000101000000010110000000000000000000000000000100000000000000110000000000000010000000000000000000000111000000000000000100100000000000001000100000000000000000111000000000000000000000
000000000000000000000000000000000001000000000000010000000000000000000000000000010000000000000000000000000000101000000110000111000101110110011100000000000000000000000000000000000000000000000000000000000000000000000000000101010000000000000011000000000011001011000000000000000000000000000000000000000000
000000000000000000000000000000000110000000000000011111000000000000000000001000100000011000000000000000000000101000000000000000000000000100000000000000000000000000000000000000010000011000000000000000000000000000000000000011110001001000000000000000000101011000000000000000000000000000000000000000000000
000001000000000000000000000000000110000000000000010110000000000000000000011110000111111011000000000000000000011110000000000000000100001000000000000000000000000011000000000000111000000000000000000000000011000001100000000000110010001000000000000000001001110100000000000000000000000000000000000000000000
000001000000000000000000000000000110000000000001100000000000000000000110011010000001100011000000000000000000001111000000000010001110000000000000000000000000000100100000000001010100000000000000000010000001010001100000000000110001001010000000000000000010000100000000000000000000000000000000001100000000
000001000000000000000001100000000000000100000000001100100001110000000011001100000001111000100000000000000000001000100000000010000000000000000000000000000000000011000000000001000100000000000000000110000001100001100000000000010111000001000000000000000000001101100010000000000000000000000000010100000000
000000000000000000000010110000000000000100000000011111010000000000000001010000010000011011000000000000000000001101100000000010000000000000000111000001100000000000000000000110000011000000000000000100000000000000100000000000000010000000000000000000100100000010100011100000000000000000000000110000000000
000000000000000000000010111000000000000100000000001101100000000000000000010100001000000011000000000000000000000000000000000000000000000000001000100010010000000000000000001000010000100000000000000010000000000000110000000000011100100010010000000000000000010001100000100000000000000000000000110100000000
000110000110000000000011001100000000000000000011100011000000000000000000000000010000000000000000000000000000000000000000000000000000000000001000100010010000000000000011111100101001110000011111100000000000010001100000000000000001100000010000000000000000000001100011100000000000000000000000000100000000
001100001001000000000000100100000000000000000000000000000000000000000000000000000000000000000000000001100000000000000000000011100000000000001000100001100000000010000000001000010000100000011110000000000000000000001011000000000001100000110000000000001010000001010000000000000000000000000001000100000000
000010000101000000000000001000000000000000000000000000000000000000000000000111000000000000000000000010010001000000000000000000000000000000000111000000000000000101000000000110000011000000000001000000001000011000001111100000000000000000000000000000000100000000010000000000000000000000000010001000000000
000000000010000000000000000000000000000000000000000000000000000000000000000000000000000000000000000001111110110000000000000011000000000000000000000000000000000110000000000001000100000000000000000000011000001000010100100000000000000000000000011000000000000000000000000000000000000000000001100000000000
000000000000000000000000000000000000000010000000000000000000000000000000000000000000001110000000000000000010000000000000000000000000001100000000000000000000000000011100000001010100000000000001000110111000001100111001000000000000000000000000011000000000000000000000000000000000000000000000000000011000
000000000000000000000000000000000000000101000110101000000000000000000000000000000000000000000000000001000011000000000000000000000000001100000000000000000000000000000000000000111000000000000010111100100000100100000000000000000000000000000000000000000100000000000000000000000000000000000000000111000100
000000000000000000000000000000000000001000000110100000000000000000000000000000000000000000000000010010000000000000000000000000000000000000000000000000000000000001000001000000010000011000000010000001001000011000000000000000000000000000111000000000000011000000000000000000000000000000000000001110010100
000001100000000000000000000000000000011000010000000001000110000000000000000000000000000000000000010001000100000000000000000000000000000000000000000000010000000001000001000000000000101110000000100000001000011000000000000000000000000000000000000000000000000000000000000000000000000000000000001110011000
000001100000000000000000000000000000001111010001110001001001000000000000000000001010000000000000010001001000000000000000000100000000000000000000000011111000000001000001000000000000101101000000000010000100010000101000001000000000000010000010000000000000000000000000000000000000000000000000001110000000
000000000000000000000000000000000000000111100001001110000110000000000000000000010000000000000000000000111000000000001100000100000000000000000000000011110110000000000000000000000000110011000001110000000000110001001000011000000000000010000010000010000000000000000000000000000000000000000000001110011000
000000000000000000000000000000000000000000000001101000000000000000000000000000000000000000000000000000000000000000001100000100000000000000000000001011110000100000000000000000000000001010000001011100000010110001001001101000000000000010000010000010000000000010000000000000000000000000000000001100111000
000000000000000000000000000000000100000000000001100000000000000000000000000000100010000000000000000000000000000000000000000000000000000000000000110000110100010000000100000000000000000000000010000010000000000000000010100000000000000000000000000010000000000101000000000110000000000000000000000100011000
000000000000000000000000000000000110011000000000010000000110000000000000000000010001000000000000000000000000000000000000000000000000000000000000011001010000010000111110000000000000000000000001110000001010000001000010001000000000000000111000000000000000000010000000000000000000000000000000000100100000
000111000000000000000000000000000110100000000000000000000110000000000000000000001101000000000000000000000000000000000011000000000000110000000000000100010100010000111001000000000000010000000000100000000100000001000000001000000000000000000000111000111000000000000000110000000000000000000000000011100000
001001000000000000000000000000000000000000000000000000000000000000000000000000000111001100000000000000000000000000000101000000000000110000000000000000101100100000000000000000000000101000000000000000000000000001000000000000000000000000000000000000000000000000000001110000000000000000000000000110000000
001000100000000000000000000000100000000000000000000000000000000110000000000000000000001101000000000000000000000000000010000000010000000000000000111100000000000000000000000000000000101000000000000000000000000000101000000000000000000000000000000010000000000000000010100001000000000000000000000100000000
011010100000000000000011100000000000000110100000000000000000000110000001100011000000010000100000000000000000000000000000011000010000000000000000000111000000000000000000000000000000010000000000000000000000011000100000000000000100000000000000000010000000000000000010010010110000000000000000010000000000
011011000000000000000000000000000000001000110000000000000000000011000100000011100000011101100000000000000000000000000000011100010000001110000000011011000000000000001000000000000000000000000000000000000000101000001100000000001010000000000000000010000000100000000001110110000000000000000000010000110000
001110000000000000001000001000000000001001001000000000000000000001110100100000000000010001000000000000000000000000000000010110000000000000000000000011000000000000000000000000000000000000000000000000000001010000000001000000000011000000000000000000000010001000110001110110110000000000000000100100011000
000000000000000000001000001000000000000000100100000000000000000000000010110000000000001011000000000010000000000000000000001000000010000000000000000011000000000000000010000000000000000000000000000000000000100000000000000000011011000000000000000000000000000001001000000011000000000000000001001000110000
000000000000000000001000001000000000000000011000000000000000000001000011000000000000010001000000000001000000000000000000000000001111000000000000000000000100000000000011000000000000000000000000000000000000000000000000000000011010000000000000000000000100001000110000000101000000000000000000000010000000
000110110000000000000000000000000000000000000000000000000000000001010001000000000000010001000000000100100000000000000000000000001100100000000000000000011111000000000100100000000000000000000000000000000000000000000000000000000100000000000000000000000101001000000000000110000000000000000000000100000000
000010000000000000000011100000000000000000000000000000000000000000101001000000000000001010000000001000100000000000000011000000000001110001000000001000111011000000000011000000000000000000000000000000000000000000000000000000000000000000000000111000011000011100000000000010000000000000000000011100000000
000000001000000000000000000000000000000000000000000000000000000001000010000000000000000100000010101000100000000000000011000000001000010010100000010100010011000000000000000000000000000000000000000000000000000000000000000000000000000000000000000000100000001010000000000000000000000000000000000000000000
000000000000000000000000000000000000000000000000000000000000001100101100000000000000000000000011111000100000000011100000000000000000000110100000001000001110001100000000000000000000000000000000000111000000110000000000000000000000000000000000000001110100001000000000000000000000000000000000000000000000
000010010000000000000000000000000000000000000000000000000000000001100100000000001000000000000010100100100000000000000000000000000000001001000000000000000100001110000000000000000000000000000000000000000000110000000000000000000000000000000000000000110000001000000000010000000000000000000000000000000000
000011000000000000000000000000000000000000000000000000000000001000000000000000110110000000000000000011000000000000000000000000010000000000000000000000000000001100011000000000000000000000000000000000000000000011101000000000000000000000000000000000000110100100000000101000000000000000000000000000000000
000000000000000011000000000000000000000000111000000000000000000000001100000000001000000000000110000000000000000000000000000000100110111000000000000000000000000000000000010000000000000000001011100000000000000100001000000000000000000000000000010000000000011000000000101000000000000000000000000000000000
000000000000000011000000000000000000000000101000000000000000000001110000000000000000000000001011110000000000000000000000000000100000001000000000000000000000000000000000101000000000000001111110010000000000000100100000000000000000000000000001100000000000000000000000010000000000000000000000000000000000
000000000000110000000000000000000000000000111000000000000000000000000001100000000000000000010000111000000000000000000000000000000100111000000000000000000000000000000000100100000000000001000110100000000000000101000000000000000000000000000000000000000000000000000000000011000000000000001100000000000000
000000000001001000000000000011100000100000000000000000000000000000000001100000000000000000010110111000000000000000000000000000000000111000000000000000000000001100000000110000000000000000011111000000000000000000000000000000000000000000000000001000000000000000000000000111100000000000001100000000000000
000000000000110000000000000100100001110000000000000000000000000000000000000000000000000000001000000000000000000000000000000000111100111000000000000000000000000010000000111000000000000000011100000000001100000000000000000000000000000000000000000000000000000000000110001000010000000000000000000111000000
000000000000000000010000000000100010000000000010000000000000000000000000000000000000000000000000000000000000000000000000000000101000000000000000000000000000010010000000110000000000000000111100000000001100000000001100000000000000000000000000011100000000000000001111110010110000000000000000000000000000
000000000000000000010000001000100110000100000001000000000000000000000000000000000000000000000000011000000000000000000000000000000000000010000000000000000001110010000001100000110000000000110000000000000000000000000000000000000000000000000000000000000000000000010001000010000000000000000000000000000000
000000000000000000010000001000100011100010000100000000000000001100000000000000000000000000000000011000000000000000011100000000001101100111000000000000000011011010000000110001110000000010100000000000000000000000000000000000000000000000000000000000000000000000001110000000000000000000000000000000000000
000000000000000000000000000000100001000000000010000000000000001100000000000000000000000000000000000000000110000000010100000000000100001000000000000000000001100100000000000000000000000111000000000000000000000000010000000000000000000000000000000000000000000000000100100000000000000000000000000000000000
000000000000000000000000000000100000001100000000000000000000000000000000000000000100000000000000000001000010000000000001000000000100000100000000000000000000000000000000000000000000001010100000000000000000000000111000000000000000000000000000000110000000000000000000101100000000000000000000000000000000
000000000000000000000000000100100000010000000000000000000000000000000000000000001010000000000000000010000000000111110000110000000100001000000000000000000000000000000000000000000000100001000000000000000000000001111000000000000000000000000000000101000000000100000001101100000000001110000000000000000000
000000000000000000100000000000000000000000000000000000000011000000000000000000000000000000000000000100000011000000011000010000000100001000000000000000000000000000000000000000000000100010100000000000000000000011000000000000000000000000000000000010000000001110000000101000000000010000000000000000000000
000000000000001111100000000001000000000000000000000000000011000000000000000000000000000000000000000100001000100010000010110000000010010000000000000000000000000000000000000000000000010000100000000000000000000011000000001000000000000000000001100000000000011010000000000000010000000001000000000000001110
000000000000001111100000000000000000000000000000000000000000000000000000000000000010000000000000000010010000000100001100000000000001000000000000000000010000000000000000000000000000001000000000000000000000000011001000011100000000000000000001100000000000011100000000111000010000100001000000000110000000
000000000000001100000000100000000110000000000000000000000000000000000000000000001001100000000000000000111101000001011000000000000000000000000000000000111000000000000000000000000000000100000000000000000000000001001000100110000000000000000000000000000000000000000000010000010001100001000000001010000000
000000000000000000000000100000000110000000000000000000000000000000000000000000100000110000000000000000000110001000100000000000000000000000000000000000101100000000000000000000000000000011100000000000010000000001010000110000000000000000000000000000000000000000010000000000000000110110000000000100000000
000000000000000000000000100000000000000000000000000000000000000000000000000001000000110011000000000000100000000111000000000000000000000000000000001110001100000000000000000000000000000011010000000000111000000000000001110000000000000000000000001000000110000000010000000111000000000000000000000010000100
000000000001000000000000000000000000000000000000000000000000000000000000000001010111000011000000000000100010000100000000000000000000000000000100001100011100000000000000000000000000000000110000000001101100000000000001100000000000000000000100110111011001000000101000000000000000000000010000000001011110
000000000001100000000000000000000000000000000000001001000000000000000000000000100000000011000000000000000000000000000000000000000110000000000100001110011000000000000000100000000000001100000000000000111000000000000000000011100000000000001110100110111110000011101000000000000000000001111000000001011000
000000000000110000000000000000000000000000000000001000100000000000000000000000000000000110000000000000001100000000000000000000000110000000001100000000001100000000000001011000000000010010000000000000010000001100000000000000000000000000011001100011011000000011101000000000000000000011000100000010011000
110110000000000000000000001100000000000000000001100000010000000000000000000000000000001000000000000000000010000000000000000000000000000000010110000000001110000000000001000000000000001000000000000000000000001100000000000010000000000000000010000010000000000001111000011000000000000100011000000000011100
110110000000000000000000010100000000000000000000111100010000000000000000000000000000010001000000000000000000000000000000000000000000000000010110010000001100000000100000011010000000011000100000000000000000000000000000000101000000000000010010110100000000000000011000100100000000000011110000000000001100
001000000000000000000000001000000000000000000001000101000000000000000000000000000000100000000000000000000000000000000000000000001000000000000100010000011010000110110000000000000000000100010000000000000000000000000000000111000000000000001011011110000000000000000001100010000000000001000000110000000000
010000001100000000000000000000000000000000000101100110000011000000000000000000000000010001000000000000000000000000000000000000010100000100100011000000100000000100100000000010000000110110011000000000000000000000000000000000000000000000000000000010000000011100000000100000000000000000000001110000000000
110000001010000000000000000000000000000000000110000010000011000000000000000000000000001111000000000000000000000000000000000000001000001011100110000001100000000000000000000000000000010010110000000000011000000000000001000000000000000000001110000110000000011000000000011100000000000000000010010000000000
110000000001000000000000000000000000000000011100010010000011000000000000000000000000000000010000000000000000000001100000000000000000010001100010000000110000000000000000000000000000010111100000000000010100000000000001000000000000000000001100000100000000011000000000000000000000000000000001100000000000
000000001101000000100000000000000000000000010000000110000111000000000000000000000000000000101000000000000000011001100000000000000000001000000000000000010000000010100000000001000000000000000000000000110100000000000111000000000000000000001100001000000000000000000000000000000000000000000000000000000000
000000010001000011110000000000011000000000010000000000000111101000000000000000000000000000101000000000000000011000000000000000001000001010000100000000000000000000000000000001000000000000000000000001100000000000101100000000001000000111001010000000000000000000000000110000000000000000000000000101000000
000000011011000011001000000000011000000000000000000000001101111100000000000000000000000000010000000000000000000000000000000000010100001001000000011100000000000000000000000001000000000000000000000010100000000001000010111011101000000000001010000000000000000000000000011000000000000000000000000010110000
000000001010000100100110000000000000000000000000000000000110000010000000000000000000000000000000000000000000000000000000000000010100001000000000000010000000000000000000000000000000000000000000000010000000000001001101000111101000000000000110000000000000000000000000100000000000000000000001100010000000
000000000100000011000001000000000000000000000000000000000111110100000000000000000000000000000000000110110000000000000000000000001000000000000000010000000000000000000000000000000000000000000000000011000000000000110000000100100000000000000000000000000000000000000000000000000000000000000001100001010000
000000000000000000001000000000000000000000000000000000000011010000000000000000000000000000000000000100010001110000000000110000000000000000110000000001000000000000000000000000000000100000000000000010000000000000000000000111001110000011000000000000000010000001110000000000000000000000000000101110000000
000000000000000010010101000000000000000000000000000000000000100000000000000000000000000000000000000011100010001000000001010011000000010000100000000010000000000000000000000000000000100000000000000010001100000000000000010000011101100011000000000000000101000111110000000000000000000000000000001000110000
000000000000000010001100000000000000000000000000000000000000000000000000000000000000000000000000000000000100000100000000001111000000000000001000000000000000000000000000000000000000100000000000000001001000000000100000001111001100000000000000000000000101000110000000000000000100000000000000000000000000
000000000000000010011010000000000000000000000000000010000011011000000000000000000000000000000000000000000100000000000000110011000000001101010000000000000000000000000000000000000000000000000000000000110000000001010001001100011110100000000000000000011000000000000000000000001011000000000000000001000010
000000000000000110010101000000000000000000000000000100000001010000000000000000000000000000000000000000000101100010000000010010000000000001000000000000000000000000000000000000000000000000000100001100000000000001010110110000100100100000000000001000100100000000000000000000000011000000000000000001000001
000000000000001100111110100000000000000000000000000000000000100000000000000000000000000000000000000000000000100000000000000100000000000000000000000000000000000000000000000000000000000000000100010100000000000000010110101001000111000000000000010100011000000010000000000000000011000000000000000000110011
000000000000000101111110100000000000000000000000000000000000000000000000000000000000000000000000000000000000010100000000000000000000000000000000000000000000000000000000000000000000000000000100001000000000000000001000000011000111010000000000001100001000000010000000000000000000010000000000000000000001
000000000000000101011101100000000000000000000000000110000000000000000000000000000000000000010000000000000000000000000000000000000000000000000000000000000000011100000000000000000000000000000000000000000000000000000000100011111001011000000000000000000000000100000000000000000001110000000000000000000100
000000000000000000000000000001000000000000000000010100000000011000000000000000000000000000011000000000000000000000000000000000000000000000011000000110000000000000000000000000110000000000000000000000000000000000000001000010000110010000000000000000000000001000000000000000000000000000000000000000000110
001100001000000000000000000001000001000000000000001000000000011000000000000000000000000011001000000000000000000000000000000000000000000000100100000110000000000000000000000000110000000000000000000000000000000001000001010000000011100000000000110000000000000000000000001100000000000000000000010000000000
001100010011100000000000111000000001000000000000000000000000000000000000000000000000010100000000000000000000000000000010000000000000000000011000000000000000000000000000000000000000000000000000000000000000000000010001010000000001000000100000110000000000000000000000001100000000000000000000001000000000
000000000011010000000000111000000001100000000000000000000100000000000000000000000000010000011000000000000000000000000111101000000000000000000000000000000000000000111000000000000000000000000000000000000000000001111000100001000000000001010000000000000000000000000000000000000001100000000011111000000110
000000011110010000000000010000000000010000000000000000001110000000000000000000000000011010110000000000000000000000000011010100000000000000000000000000000000000000000000000000000000000000000000000000000000000001010000000011100000000001100001000000000000000000101000000000000001000000000000100000000110
000000000000000000000000000000000001010000000000000000010011000000000000000000000000000100000000000000000000000000000000000100000000000000000000000000000000000000000010000000000000000000000000000000000001100000110000000100010000000000000010100000000000000000100100000001010000001000000010000000000000
000000000000000000000000000000000100001100000000000000011100000000000000000000000000000000000000000000000000000000000000010000000000000000000000000000000000000000000010000000000000000000000000000000000000100001110000000111010000000000000010100000000000000000001000000001001000011000000011100001100000
000000000000000000000000000000000110011100000000000000000000000000000000000000000000000000000000000000000000000000000000000000000000000000000000000000000111000000000010000000000000000000000000000000000010000000000000000011100000000000000001000111000000000001110000000001101000000000001110000001100000
000000000000000000000000000000000010110000000000000000000000000000000000000000000000000000000100000000000000100000000000000000000000000000000000000000101000000000000000000000000000000000000000000000000000100001000000000000000000000000000000001000100000000000000000000000000000000000000100000000000000
000000000000000000000000000011000100000000000000000000000000000000000000000000000000000000001010000000000001001000000000000000000000000000000000000000101001000000000000000000000000000000000000000000001110000010001000000000000000000000000000100000100000000000000000000000000000000000000000000000000000
110000000000001100000000000100111100000000000000000000001110000000000000000000000011000000000100000000000001001000001000011000010000000000000000000000010000000000000000000000000000000001000000110000011010000010001000000000000010000000000000110011000000000000000100011000000000000000000000000000000000
110000000000001100000000000111011101000000000000000000110100000000000000000000000011000000000000000000000000010000011000000100101000000000000000000001010000100000000000000000000000000010100000110000110011000000001010000000000000100000000000101000000000110000000011101100000000000000000000000000000000
000000000000000000000000000010001001000000000000000000111000000000000000000000000000000000000000000000000000000000100100011000101000000000000011000000001100000000000000000000000000000010100000110000011011000000000000000000000001100000000001001000000000101000000101101100000000000000000000000000010000
000000000000000000000000000001110000000000111000000001010000000000000100000000000000000000000000000000000000000000011000011000010000000000000011000010000000000000000000000000000000000001000000000000001000000000000000000000000000000000000000110000000000011000000000010000000000000000000000000000010000
000000000000000000010000000000110000000000000100000011100000000000000100011000000000000000000000011000000000000000000000111000000000000000000000000001110000000000000000000000000000000000000001100000000001000000000000000000000000000000000001000000000000000000000000000000000000000001000000000000000000
000000000000000000101000000000000000000110101100000001110000000000000000111000000000000000000000010100000000000000000000000000000000000000000000000000100000000000000000000000000000000000000000100000001000000000000000000000000000000000000011100000000000000000000000000000000000000010100000000000000000
000000000000000000101000000000000000000100100000000000101100000000000100000000000000000000100000010110000000000000000010010000000000000000000000000000000000000000000000000000000000000000000000000110001101000000000000000000000000000000000000000000000000000000000000000000000000000010010000000000000000
000000000000000000010000000000000000001001000000000000011000000000000001000011000000000001100000010010000000000000000010011100000000000000000000000000000000000000000000000000000000000000000000001110000101100000000000000000000000000000000000010000000000000000000000000000000000000001100000010000000000
000000000000000000000000000000000000001101100000000000000000000000010110000100100000000011100000000010000000000000001100001110000000000000000000000000000000000000000000000000000000000000000011000110000011000000000000000000000000000000000001000000000000000000000000000000000000000000000000001100000000
000000001000000000000000000000000000000000000000000000000000000000100010101000000000000000000000011010000000000000001000100001000000000000000000000000011010011100000000000000100000000000000011000000000000000000000000000000011000000000000000000000000000000000000000000000000000000000000010001011000000
000000001000000000000000000000000000000000000000000000000000000000000001110000001000000000000000010010000000000000001110100010000000000000000000000000001000000000000000000001000000000000000000000000000000000000000000000000100100000000000000000100000000000000000000000000000000000000000010010000000000
000000001000000000000000000000011111000000000000000000000000000000000001000000000100000000000000001100000000000000000000010100000001000011000000000000000000000000000000000000100000000000000000000000000000000000000000000000011000000001100001001100000000000000000000000000000000000000000010100011000000
000000000000000000000000000000110110100000000000000000100000000000100001010010101000000000000000000000000000000000000000000000000011100001100000000000011001000000000000000000000000000000000000000000000000000000000000000000000000000000000001101000000000000000000000000000000000000000000011100110000000
000000000011100000000000000000010000100000000000000000111000000000011100000110001000000000000000000000000000000000000001111000000111000011000000000000011100000000010010000000000000000000000000000000000000000000000000000000000000000000000000011100001001000000000000000000000000000000000010000000000000
000000000000001110000000000000011111100000000000000001101100000000000000010100001000000111000000001000000000000000000001000100000000000010000000000000000000000000100010000000000000000000000010111100000000000000000000000110000000000000000000000101101110010000000000000000000000000000000010011001000000
000000000000000000000111000000001001000000000000000010101100000000000000011000011100001100100000010100000000000000000000100100000000001100000000000011000000000001000000001000000000000000000010111110000000000000000000001010000000000001000000000010000000001000000000000000000000000000000011101101000000
000000000000000000000000000000001111000000000000000011000100000000000000000000110110000000010000010100000000000000000000111000000000011100000000000001110000000011000111111000000000000000000100100001100000000000001100010000000000000000000011100110010000000000000000000000000000000000001011111000100011
000000000000000000000000000000000101100000000000000000000100000000000000000001100000011000010000001000000000000000000000000000000000001100000000111001001000000001101100001010000000000000000001010111100000000000011000010010000000000000000000000010010000000000000000000000000000000000001110010001000011
000011100000000000000000000000001100000000000000000111000000000000000000000000110111000000010000000000110000000000000000000000000001001100000001100011000100000000000011011101100000000000000000011111010000000000000000001010000000000000000000000000111111110000000000000000000000000000000011001001000000
000000000000000000000000000000000000010000100000000100000000000000000000000000000010001000000000000000000100000000000000000000000000010111000000100000010000000011000000001001100000100000000000001000110000000000000100111100000000000000000000000000000000100000000000000000000000000000000110000100000000
000000000000000000000000000000000011010001100000000110100000000000000000000000000000001000100000000011000011000000000000000000000000000001000000011111010000000101000000011100000000000000000000001101110000000000000100001100001110000000110000000000000100000000000000000000000000000000000000000000000000
000000000000000000000000000000000001001010010000000000100010000000000000000000000000000111000000000110000001000000000011000000000000000010100000001100010000000000000000110000010000000000010100000100110000000000001100000000010100000001111100000000000100000000000000000000000000000000000000000000000000
000000000000000000000000000000000000100011101000000000010010000000000000000000000000000000000110000000011001000000000100100000000000000001000001000001010000000000000111000000110000000000010010001100000100000000000100000010010001000011100000000000000100000000000000000000000000000000000000000000000000
000000000000000000000000000000000000000001010110000000111100000000000000000000000000100000000110000111011010000001101101100000000000000001000010100001110000000000000011000011000000000000010111111000010011000001100011111010010001000001100100000000000000000000000000000000000000000000000000000000000000
000000000000000000000000000000000000000010110100000000000000000000000000000000000010010000000000000010000000000111100100011000000000000000000011000000000000000000011010110010000000000000001000010000011010000010010001111100001010000000111000000000000000000000000000000000000000000000000000000000000000
000000000000000000000000000000000000110110001000011000000000000000000000000001100000001000000000000000000000000000101000011000000000001100010000000000000000000000010000000000000000000000000000000001110100000001100000000000000100000000000000000000000000000000000000000000000000000000000000000000000000
000000000000000000000000000000000001000000000000100100000000000000000000000010010100001000000000000000000000000001001100000000000000001000001000001100000000000000001100000000000000000000001000100000000000000000000000000000000000000000000000000000001100000000000000110000000000000000000000000000000000
000000000000000000000000001000000001000100000000100100000000000000000000000010100000010000000000000000000000000000000111110000011000010011010000001100000000000000001010000000000000000000001101000000000000000000000000000000000000000000000000000000001100000000000010000000000000000000000000000001000000
000000000000000000000000000110000001000101110010111000000000000000000000000001000000000000000000000000000000000011000000001000011000000100001000000000001110000000000000000000000000110000000000000000000000000000000000000000000000000000000000000000000000000000001100000000000000000000000000000010100000
000000000000000000000000010110000000001001100111010000000000000000000000000000000001010000000000000000000000000001000100000101000100000000000110000000000110000000000000000000000000110000000000000000000000000000000000000000000000000000000000000000000000000000000000000000000000000000000000000010100000
000000000000000000000111011010000001001001010111100000000000000000000000000000000000100000000000000000000110000000000010000011100111000101110010000000000000000000000000000000000000000000000000000000000000000000000000000000000000000000000000000000011000000000000000000000000000000000000000000001000000
000000000000000000001101011100011000001100000000000000000000000000000000000000000000000000000000000000000101111000000001111110000100000010000110000000000000000000000000000000000000000000000000000000000000000000000000000000000000000000000000000111100010000000000000000000000000100000000000000000000000
000000000000000000000000000110011001101100000000000000000000000000000000000000000000000000000000000000000000110110000000000100010000000000000000000000000000000000000000000000000000000000000000000000000000000000000000000000000000000000000000000010000010000000000000000000000010001000000000000000000000
000000000000000000000000001010011000000000010000000000000000000000000000000000110000000000000000000000111000010010000000000000101110000000000000000000000000000000000000000000000000000000000000000000000000000110001100000001100000000000000000000011010001000000000000000000000100001000000000000000000000
000000000000000000000000000100000000000000011000000000000000000000000000000001001000000000000000000001000100001110000000000000010101100000000000000000000000000000000000000000000000011000000000000000000000001100000110000010010000001100000000000000000111000110000000001100001000010000000000000000000000
000001110000000000000000000000001001100000001110000001111000000000000000000001001000000000000000000010010100000000010000000000010001100000000000000000000000000000000000000000000000101000000000000000000000000101010100000001100000001100000000000000000111000000000000001100010001000000000000000000000000
000001110000000000000000000000000111000000000010000110110100000000000000100000001000000000000000000011100010000011010000000001000100100001100000000000000000000001100011100000000000110000000000000000000000000010001000000000000000000000000000000000000100000100000000000001000000000000000000000000000000
000000000000000000000000000000000010000110000000001000000100000000000011011100000000000000000000000000000000000100110000000011011110000000000100000000000000000001100000000000000000000000000000000111001100000010101000000000000000000000000000000000000000010100000000000001000110000000000000000000000000
000000000000000000000000000000000000000110000000001001000000000110000011101110010000000000000000000000000010000000110000000001110011000000000110000000000000000000000000000000000000000001100000000000000100001011011010000001110000000000000000000000000111000010000000000010001100000000000000000000000000
000000000000000000000000000000000000000000000000001000000100000110000101000000100000000000000000000000000000000110110001100000111110000000001100000000000000000000000000000011000000000011100000001000001000010010001001000001010000000000000000000000000100000100000000000111000000000000000000000000000000
000000110000000000000000000000000000000000000000000110110100000000000110000000000000000000000000000000000000000000000001100000001000000000001000000000000000000000000000000011000000000100000000000110000000000000100001000010010000000000000000000000000100001000000000000010100000000000000000000000000000
000011100000000000001010000000000000000000000000000001111000000000000110000110000000000000110000000000000000000000000001100000000000000000010000001110000000000000000000000000000000001100000000000000000000100001111110000001100000000000000110000000000010100000000000000001000011000000000000000001100000
000011000000000000001001000000000000000000010000000000000000000000000001011100000000000000110000000000000000000000000000000000000000000000100000101010000000000000000000000000000000001000000000000001101110100001011000000000000000000000001001000000000000010000000000000000000000000000000000000100100000
000000000000000000010010000110000000000000101000000000000000000000000001100010000000000000000000000000000001110000000000000000000000000000100000100110000000000000000000000000000000011011000000000101100000000001110000000000000000000000000110000000000001010000000000000000000011000000000000001100010000
000000000000000000000100000101000000001000100100000000010000000000000001100000100000000000000000000100000000110000000000000000000000000000010000000000000000000000000000000000000000011011000000000100100000000110000000000000000000000000000000000000000001010000000000000000000011000000000000000001010000
000000000000000000101000000101000000001000011000000001101100000000000000000100100000000000000000000000000000010000000000000000000000000000000000000000000000000000000000000000000000000101000000110010001010101000000000000000000000000000000000000000000000000000000000000010000011000000000000000001011000
000000000000000000011111000000000000001000000000000001101100000000001100010011000000000011000000000100011100000000000000000000000100001000000000000000000000000000000000000000000000000000000001111010011001000000000000000000000000000000000000000000000000000000000000000010000000000000000000000000000000
000000000000000000011111100010000100000000000000000000000000000000010100000000000000000011000000000010100100000000000000000000000100001000001100000000000000000000000000000000000000000000000001000110011011000000000000000101000000000000000000000000000000000000000000000010000000000000000000000000000000
000010000000000000000100010001000100000000000110000011011000000000011001000000000011000000000000000010001000000000000000000000000100001000001100000001111111000000000001110000000001101100000100000100010010000000000000001001000000001000000000000000000000000000000000000000000000000000000000000000000000
000101000000000000000001010001011000000000000110000011011000000000000111000000000011000000000000000001110000000000000000000000000000000000000000000001000000110000000000000000000001100010000111000000001100001000000000000101000000010100000000000000000000000000000000001000000000000000000000001110000000
000110000000000000000001100001000000000000000000000000100000000000000000000000000000100000000000000000000000000000000000000000000000000000000000000011010001011100000000000000000001100010000111000000000000011111100001000000000000001000001111000000000000000000000000010100000000000000001101000001111100
000000000000000000000000000001010010000000000000000000000010000000000000000001100001100000000000000000000000000000000000000000000000000000000000000110010111001000000000000000000011000000000000000000001100000011100010100000001000000000010000000000000000000000000000010100000000000000011101000000000000
000000000000000000000000000001001111000000000000000000000111000000000000000001100000000000000000000000000000000000000000000000000000000000000010000110000000110000000000000000000111100010000000000000010000000000010010100000001000000000100000100000000000000000000000001000000000000000100001100011011000
000000000000000000000000000000111010000000000000000000001000100000000000000000111100100000000000000000000000000000000000000001000000000000001100010010011100000000000000000000000110100101000000000000000000000000000001000000001000000000011000000000000000000000000000000000000000000000010001100010011000
000000000000000000000000000000101000000000000000000000001101100000000000000000001000000000000000000000000000010000000000000001000010000000001100000111000000000001100000000000000000010101100100000000001010000001100000000000000000000000001010010000000000000000000000000000000000000000000010100001110000
000000000000000000000000000000001000000000000000000011000111000000000000000000001110000000000000000000000000010000000000001110000111100000001111101010000000000001100000000000000000000000001010000000000110000011000000000000000000000000000110011100000000000000000000000110000000000000000001000000110000
000000000000000000000000000000010000000000000000000011000110000000000000000000000000000000000000000000000000101000000000000100000101100000000111011100111000000000000000000000000111111000001010000000001000001011000000000000000000000000000110000100000000000000000000000110000000000000000000000001100100
000000000000000000000000000100000000000000000000000000000110110000000000000111000000000000000000000000010000101000000001000000011000000000000010110000100100000000000000000000000111110000000100000000010000100100000000000000110000000000000011000100000000000000000000000000000000000000000000001111110100
000000000000000000000000001000000100000000000100000000001000110000000000001001000000000000011100000000101000100000000011000110111000000000000000000001000100000000000000000000000110001000000000000000001110000000000000000000110000000000000001000000000000000000000000000000000000000000000001111101100100
000000000000000000000000001010000010000000000010000000000110001000000000001011000000000100000011000000101100000000000001010100011000000000000000000001111000000000000000000000101010001000000000000000000100000000000000000000000000000000000000011000000000000000000000000000000000000000000000100101000000
000000000000000000000000101000000100000000001110000000000110110000000000000100000000000010000001100000001100001100000000111000011000000000000000000000100000000000000000000001101010110000000000000000000000010000000000000000000000000000000000000000000000000000000000000000000000000000000100000000000000
000000000000000000000001101010000000000000000000000000000000110000000000000000000000000010000101010000000000000000000000000000010000000000000000000000000000000000000000000000100000001000000000000101101001000010000000000000000000000000000000000000000000000000000000000000000000000000000100100100000000
000000000000000000000001101011000000000000000000000000000000000000000000000000000000000000110100011000000100000000100000000000110000000000000000000000001110000000000000000000111101100000000000000110101011101101000000000000000000001100000000000000000000000000000000000000000000000000001101001100000000
000000000000000000111001101010100000000000000000000000000000000000000000000000000000000000010001010000100100000011011000000000000000000000000000011000000001000000000000000000100001000000000000000000010000001001000000000000000000001100000000000000000000000000000000000000000000000000000000000000000000
000000000000000011111000100010110000000000000000000000000000000000000000000000000000000000001101100000110000000011011000000000000000000000000000001000001101100000000010000000011011000000000000000000000000001110000000000000000000000000000000000000000000000000000000000000000001110000000011000000000000
000000111000000011000100100000000000000000000000000000011011000000000000000000000000000110000000000000000000000001110000000000000000000000000000111000000100100000000010000000000000000000000000000000000000000000000000000000000000000000100000000000000000000001000000000000000000000000000001000000000000
000000000000000000101110100000000000000000000000000000010001000000000000000000000000001001000000000000000000000000000000000000000000000000000000110000000011000000000010000000000000000000000000000000000000000000000000000000000000000000100000000000000000000010100000000000000110000000000001000000000000
000000000000001000010101101000000000000000000000000000001110000000000000000000000000000110000000000000000000110000000000000000000000000000000000110001000000000000000000000000000000000000000000000000000000000000000000000000000000000000100000000000000000000010100000000000000100001000000000000000000000
000000000000001000011111110000000000000110000000000000001110000000000000000000000000000000000000000000000000110000000000000000000000000000000000000100000000000000000000000000000000000000000000000000011000000000000000000000000000000000000000000000000000000001000000000000000100000000000000000000000000
000110000000000000100010000000000000000110000000000000000000000000000000000000000000000000000000000000000000000000000000000000000000000000000000001000100000000000000000000000000000000000000000000000100100000000000000000000000000000000000000000000000000000000000000011000000010010000000000000000000000
000110000000000000000000000000000000000000000000000000000000000000000000000000000000000000000000000000000000000000000000000000000000000000000000000111000000000000000000000000000000000000000000000000011000000000000000000000000000000000000000000000000000000000000000011000000000100000000000000000000000
