300 300
000000000000001000000000000000000000000000000000000000000000000001100000000000000011000000000000000000000000000000000000000000000000000000000000010011000000000000000000000000000000000000000010000000000000000000000000001100000000011000000000000000000000000000000001111110100000000000000000000000000000
000000000000001100011100000000000000000000000000000000000000000001100000000000000010100000000000000000000010000000000000000000000000000000000001011000100000000000000000000000000000001100000010000000000000110000000000010010000000100100000000000010000000000000011010000000100000000000000111000000000000
000000000000000100000000000000000000000000000000000000000000000000000000000000000000100000000000000000000100000000000000000000000000000000000001000100100000100000000100000000000000001100000010000000000000110000000000010010000000011000000000000111000000000000101000000110000000000000000000000000000000
000000000000000000000000000000000000000000000000000000000000000000000101110010100011100000000000000000000101000000000000000000000000000000000000000100100000100000001010000000000000000000000000000000000000000000111000001100000000000000000000000000000000000001001110000000000100000000000000000000000000
000000000000000000000000000000000000000000000000000000000000000010001110011100001100100000000000000000000011110000000000000000000000000000000011000100000000100000001001000000000000000000000000000000000000000000000000000000000000000000000000000000001000000000000001101100001001000000000000000000000000
000000000000000000000000000000000000000000000000000000000000000101001010011110111110011000000000000000000000011100000000000000000000000000000100010001000000000000000110000000000000000000000000000000000000000000000000000000000000000000000000000001111000000011001001101100010001000000000000000000000000
000000000000000000000000000000000000000000000000000000000000000100101100000001001100111000000000000000000000000100000000110000000000000000000000011000000000000000000000011100000000000000000000000000000000001100000000000000000000000000000000000011111000000100000000000100001010000000000000000000000000
000000000000000000000000000000000000000000000000000000000000000011000000000000000011110000000000000000000100001100000000110000000000000000000011100010000000000000000000011110000011000000000000000000000000001100000000000000000000000000000000000010000000000101011100000001000000000000000000000000000000
000000000000000000000000000000000000000000000000000000000110000000000000000000000001100001100000000000011000001000000000000000000000000000000000000100000001000000000000100110000011000000000000000000000000000000000000000000000000000000000000000011111100000000000010000001110000000000000000000000000000
000000000000000000000000000000000000000000000000000000000101000000000000000000000000000000010000000000011010010000001000000000000000000000000000000000000001000000000000000000000000000000001100000000000000000000000011000000000000000000000000000000101100000000110010000000000100000000000000000000111000
000100000000000000000000000000000000000000000000001000000010000000000000000000000000000000100000000000001000000000111000000000000000000000000000000000000001000000000000000001000000000000001100000000000000000000000011000000000000000000000000000000000000000000011100000000100010000000000000000000000000
000110000000000000000000000000000000000000000100010100000000000000000000000000000000000000100100000000011100010001101110000000000000000000000000000000000000000000000000000010100000000000000000000000000000000000000000000000000000000000000000000000000000000000000000000000010110000000000000000000000000
001010000000000000000000000000000000000000000101010100000000001000000000000000000000000000000000000000010000000001000110000000000000000000000000000000000000000000000000000000010000000000000000000000000000000000000000000000000000000000000000000000000000000000000000000000001000000000000000000000000000
000100000000000100000000000000000000000000000100001100000000010000000000000000000000000000001100000000111010100000100010000000000000000100000000000000000100000000000000000100010000000000000000000000000000000000000000000001001100000000000000000000001100000000000000000000000000000000000000000000000000
000110000100000100000000000000000000110000000001000000000000001011000000000000000000000000000001101000011011100000011100000011000000001010000000011100001010000110000011001000100000000000000100000000001000000000000000000110111000000000000000000000010100000000000000000000000000000000000000000000000000
000000000111111100000000000000000000001011000000000110000000000100100000000000000000000000000001000110000000000000000000000011000000001100000000010110001010001110000000000101100001100000000100000000010100000000000000001011110000000001000000000000000000000000000000000000000000010000000000000000000000
000000001111110000000000000000000000110000100010100010000000000000000000000000000000000000000000010000000000000000000000001100000000000000000000110111000100000000000000000110000001100000000100000000001000000000000000000111000000000001000000000000101000000000000000000000000000101000000000000000000000
000000000001001000000000000000000000001001000011110100000000000001100000000000000000000000000000010001001000000000000000001100000000000000000000100101100000000101110000000000000000000000000000000000000000000000000000000011000000000111000000000000101000000000000000000000000000110000000000000000001100
000000000000110000011100000000000000001000110100001000000001000000000000000000000000000000000000110110001000000000000000000000000000000000000001101101100000000111110000000000000000000000000000000000000001100000000000000000000000101100000000000000101000000000000000000000000000000000000000000000010100
000000000111100000000000000000000000000110100001000000000000100000000000000000000000000000000000000000001000000011000000000000100000000000000000101010100000000100001000000000000000000000000000000000000000001000000000000010000001100110000000000000101000000000000000000000000000000000000000010000001000
000000000010000000000001000000000000000001000000100000000001100000000000000000000000000000000000000000000000000101000000000000100000000000000000000001000000000110000000110000000000000000000000011101100101100100100000000010000000100100011000000000100100000000000000000000000000000000000000101000000000
000000001000000000000001000000000000000000100000000000000010000000000000000000000000000100000000000001000000000010000000000000100000000000000000000000000000000000001000101000000000000000000000111101111100011000111000000011010000011100010100000000110100000000000000000000000000000000000000101000000000
000010110000100000000001000000000000000000010001000000000101000000000011000000000000000011000000000010100000000000001100000000000000000000000000000000000000000000001000101000000000000000000001100100000000000001111100000000011000000100001000000000011000000000000000000000000000000000000000010000000000
000000111100100000000000000000000000000000001110000000000101000000001101000000000000000110000000000011000000000000010100000000001110000000000000110000011000000000000000000000000000000000000000100010100100000000000110000000010000000000000000000000000000000000000000000000000000000000000000000000001000
000001110010000000011100000000000000001100000000000000000010000000010001000000000000000000000000000000000000000000001000000000000000000000001100110000100100000100000000100000000000000011000000011010100010000000001100000000011000011100000000000000000000000000000000000000000000000000000000000000001000
000000000000000000000000000000000001101100000000000000000000000000010011000000000000000000000000000000000000000000000000000000000000000000001000000000101000000100000001100000000000000100100000000011000010000000000110000000001101100000111100000000000000000000000000000000000000000000000000000000001000
000000000000000000000000000000100001101000000000000000000000000000001110000000000000000000000000001000000000000000000000000000000000000000001110000000010000000000000001100000000000000101000000000000000010000000000000011000001100100000000100000000000000000000000110000000000000000000000000000000000000
000000000001100000000000000001010000100100001000000000000000000000000100000000000000000000000000010100000000000000000000000000000000000000000000000000000000111000001110000000000000000010000000000000001100000000000001000000010100011110000000000000000000000000000110000000000000000000000000000000000000
000000000010010000000000000001010000000100010100000000000001100001100000000000000000000000000000110110000000000000000000000000000000000000000000000000000000110100001110000000000000000000000000000000000000000000000011101000011100000010000000000000000000000000000000000000000000000000000000000011000000
000110000001010000000000000000100000000010110110000000000001100000110000000000000000000000000000110100000000000000000000000000000000000000000000000000000001010100000000000000000000000000000000000000000000000000000110110000001100000001110000000000000000000000000000000000000000000000000000000100100000
001100000000100000000000000000000000011000110100000000000000000010110000000000000000000000000000111000000000000000000000000010000000000000000000000000000001101100000001000000000000000000000000000000000000000001110000000000000000000000110000000100000000000000000000000000000000000000000000000011000000
001100000000000000000000000000000000000000100100000000000000000010110000000001100000000000000001100000000000000000000000000101000000000000000000000000000000110110000011000000000000000000000000000000000000000001110000000000000000000100000000001010000000000000000000000000000000000000000000000000000000
000101000000000000000000000000000000000000100100000000000000000000110000111001100000000000000001100000011000000000000000000010000000000000000000000000000000001000001110001100000000000000000000000000000000000000000000000000110000011001000000001010000000000000000000000000000000000000000000000000000000
000011000000000000000000000000000000000000010100000000000000000001100000000000000000000000000010001100010100000000000000000000000000000000000000000000000000000000001110001110111000000000000000000000000000000000000000000000110000010000000000000100000000000000000000000000000000000000000000000000000000
000011000000000000000000000000000000000000001100000000000000000000000000000000000000000000000010011111010100000000000000000000000000000000000000000000000000000010000010000000111000000000000000000000000000000000000000000000011011001010000000000000000000000000000000000000000000000000000000000000000000
000100000000000000000000000001011000000000000000000000000000000000001100000000000000000000000001101011000000000000000000000000000100000000000000000000000000000010001010100000000100000000000000000000000000000000000000000000011000000000000000000000000000000000011000000000000000000000000000000000000000
000000000000000000000000000000000000000000000000000000000000000000001100000000000000000000000000000000000000000000100000000000000000000000000000000000001100111100001001100000001100000000000000000000000000000000000000000000000010110000000110000000000000000000011000000000000110000000100000000000000000
000000000000000000000000000001001000000000000011000000000000000000000000000000000000000000000000000100100000000001010000000000001100000000000000000000001001111001000000000000001000000000000000000000000000000000000000000001101000110000001001000000000000000000000000000000011010000001010000000000000000
000000000000000000000000000000110000000000000011000100000000011100000000000000000000000000000110000000100000000000100000000000000001000000000000000000001110010001000000000000000000000000000000000000000000000000000000000001100010110000001001000000000000000000000000000000001000000001100000000000000000
000010000000000000000000001000000000000100000000001110000000010100000000000000000000000000001110000011000000000000000000000000000001000000000000000000000100100010000000001100000000000000000000000011100000000000000000000001101000000000000110000000000000000000000000000001001100000000000000000000000000
000010000000000000000000001000000000001010000000000001000000011100000000001000000000000000011000000000000000000000000000000000000001000000000000000000000100000010000000000000000110000000000000000000000000000000000011000000000011000000000000000000000000000000000000000110011000000000001000000000001100
000010000000000000000000001000000000010010000000000001100000000000000000010100000000000000001000000110001000000000000000000000000000000000000000000000000010001000000000001100100111110000000000000000000000000000000110100000011000000000000000000000000000000000000000001010011010000000011000000000011010
000000000000000000000000000000000000001100000000100011000000000000000000011000000000000000000000000010001000000000000000000000001110000000000000011101001111000000000000000101001110001000000000000000000011000000000110110000000000011000000000000000000000000000000011001010001010000000110010000000110110
000000000000000000000000000000000000000000000000000010000000000000000000000000000000000000000000010010001000000000000000000000000110000000000000011101000100000000000000000011100000100100000000000000000111100000001101100000000000011000000000000000000000000000000011000001100100000000000110000001110110
000000000000000000000000000000001100000000000000011100000000000000000000000000000000000000000000100100000000001000000000000000000001000000000000011100000000111000000000000001000000110110000000000000001000010010100010000000000000011000000000000000000000000000000000000010000000000000110110000000100100
000000000000000000000000000001111110000000000000001000000000000000000000000000000000000000010000011000000000011100000000000111000001000011000000000000011100110100000000000000000000100100000000000000000111100100100000000000000000000000000000000000000000000000000000000001100000000000100111000000011000
000000000000000000000001000001111100000000000000000011101010000000000000000000000000000000101100000000000000011100000000000110000000000010011000000000001100000100000000000000000000110000000000000000000011100010110000000000000000001001100000000000000000000000000000000000000000000000000101000000000000
000000000000011100000010100000000000000000000000000000000101100000000000000000000000000000100010000000000000110110000000000100000000000001111000000000000110001100000000000000000000000000000000000000000000000001100000000000000000011111000000000000000000000001100000000000000000000000101101000000000000
000000000000000010000001000000000000000000000000000000110100001000000000000000000000000000000010000000000000011100000000000010110000000001100000000000001100011000000000000000000000000000000000000000000000000000000000000000000000011010000000000000000000000011000000000000000000000000000000000000000000
000000000000000001000000000000000000000000000000000000100100101100000000000000000000001100000110000000000000011100000000000010000100100000000000000000011000010000000000000000000000000000000000000000001100100000000000000000000011010000000000000000000000000000000000000000000000000000000000000000000000
000000000000001000000000000000000000000000000011000001010100001000000000000000000000110100000000000000000000000000000000000000000000100000010000000000000000000000000000000000000001100000100000000000000101000000000000000000000111100000000000000000000000000000000111000000000000000000000000000000000000
000000000000000100100000000000000000000000000011000001110111110000000000000000000000100000111000000000000000000000000000001000011000100000101000000001000001000000000000000000000001100000000100000000000100000000000000000000001110000000000000000000000000000000000011000111100000000010000000000000000000
000000000000000001000000000000000000000000000000000000000100010000000010000000000000111000000010000000000000000000000100011100001000000001000110000110100001000000000000000000000000000000100010000000110000100000000000000000011111111100000000000000001100000000000000000001111101111101101000000000000000
000000000000000000000000000000000001100000000000000000000001100000000101000000000000000000000101000000000000110000000100011110000111000001000110011000010001000000000000000000000000000000001110000000000001000000000000000000111010000000110000000000011011000000000000000000001110011110011001110001000000
000000000000000000100000000000000001100000000000000000000001000000000101000000000000000000000101000000000001110001111100000011000000000001000110011000000000000000000000000000000000000000000100000000000010000000000000000000011001011000011000000001100001000000000000001011110000001010000010001111100000
000000000000000001010000000000000000000000000000000000000000000000000010000000000000000000000010000000000000110011010000000010100000000000101000000100000000000000000000000000000000000000000000000000011100000010100000000000001111100000011000000011110001000000000000001011100000010000000010001110010000
000000000000000001010000000000000000000000000000000000000001100000000000000000000000000000000000000000000000000010011000100010110000000000111000000011100000000000000000000000000000000000000000000000000000000000010000000000000101000000110000000010000110000000000110001100001011001000000011000000000000
110000000000000000100000000000000000000000000000000000000001100000000000000000000000000000000000000000000000000010110000100100110000000000000000000001000000000000000000000000000000000000111000000000000000000100001000000000000000000001000000000000000000000000001001000000001100010000000101111000000000
110000000000000000000000000000000000000000000000000000000000000000001000000000000000000000000000000000000000000110110000001110110000000000000000000000000000000000000000000000000100000000101000000000000000000010010000000000000000000000010000000000000000000000000101000000001000000000000011010100000000
000000000000000000000000000000000000000000000011000000000000000000010100000000000000000000000000000000000000000011000000001110110000000000000000111000000110000000000000000000001100000011010000000000000000001000110000000000000000000000010000000000000000000000000010000010000101000000000010011100000000
000000001100000000000000000000000010000000000011000000000000000000110110000000000000000000000000000000000000000000000000010110100000000110000001001000000110000000000000000000011100000000000100000000000000110000000000000000000000000000100000000000000000000000000000001101000110000000000001100101110000
000000010010000000000000001100000101000000000000000000000000000000100100000000000000000000000000000000000000000000000000010111000000001010000001001000000000000000000000000000100000000000000000000000000000010000000000000000000000000011000000000000000000011100000000011011011100000000000001101000001000
000000001100000000000000001100000011000000000000000000000111000001000100000000000000000000000000000000000000000000000000001110000000011100000000000000000000000000000010000000110000000000010000000000000000000000000000000000000000000010000000000000000000000000000000100011011100000000000000011010100000
000000000000000000000000000000000000000000000000000000000100100011110000000000000000000011100000000000000000000000000000000000000000011000000100100000000000000000000101000000000000000000100100000000000000001010000000000000000000000011100000001100000000000000000000011110000000000000011000000111000000
000000000000000000000001000000000000000000000000000000000000010010000000000000000000000000000000000000000000000000000000000000000000011111100100100000000000000000000101000000000000000000010100000000000000000100000000000000110000000011000000001100000000000000000000001000000000000000100100000010000000
000000000000000110000010100000000000000000000000000000000010100000000000011000000000001000000000000000000000000000000000000000000000110011000001100000000000000000000010000000000000000000000000000000000000000100000000000001001011100110000000000000000000000000000000000000000000000000101000000000000000
000000000000000110000010010000000000000000000000000000001011000000011000011000000000001000000000000000000000000000000000000000000000111000100000000000000000000000000000000000000000000000000000000000000000000000000000000000111000100110000000000000000000000000000000000000000000000000010000000000000000
000000000000000000000001110000000000000000000000000000011010000100101000000000000000001000000000000000000000000000000000000000000000000110110000010000011000000000000000000000000000000000000000000000000000000000000000000000000100000010000000000000000000000000011100000000000000000000000000000000000000
000000000000000000000000100000000000000000000000000000010001000110110000000000000000000000000000000000000101000000000000000000000000010000010000100000100100110000000000000000000000000000000000000000000000000000000000000000000001100010100000000000110000000000000000000000000000000000000000000010000000
000000000000000000000000000000000000000000000000000000100000000110000000000000000000000000000000000000000101000000001100000000000000000000100000000000011000110000000000000100000000000000000000000000000000000000000000000000000001000100010000000000101000000001000001001110000000000000000000000000000100
000000000000000000000000000000000000000000000000000000010001000100000000001110000000000001000000000000000000000011110100000000000000001011000000000100000000000000000000011000000000000000000000111000000000000000000000000000000010011100000000000000100000000001000101110000000011000000000000000100001011
000000000000000000000000000000000000000000000000000000001110001100001100010001000000000011100000000110010010000111011000000000000000001100000000001010000000000000001000001100000000000000000000000000000000000000000000000000000011110000100000000000011010000001011001110010000011000011000001100010000011
000000000000000000000000000000000000000000000000000000000000001100000110000000100000000011010000000110000000000110000000000000000000010000001100001000000000000000010100000000000000000000000000000000000000000000000000000000000001110010000000000000001000100000000000001100000000000110000000110100000110
000000000000000000000000000000000000000000001100000000000000000110001000100000000000000000011000000000010100000000000000000000000010000000010010000100000000000000100010000000000100000000000001000000000000000000000000000000110000000000000000000000010000110000000000001000000000000001011001110011000000
000000000000000000000000000000000000000000001100000000000000000011000000000000000000001100110000000000001000000000000000000000000111100000001010000000000000000000100010000000001010000000100010010000000000000000000000000000110000001100000000000000001001110000000000100100000000000000011110110011000000
000000000000000000000000000000000000110000000000000000000000000011000000010101100000001100000000000000000000000000000000000000001011110000000100000000000000000000100010000000001010000000100100010000000000000000000000000011100000011110000000000000000000011000000000100010000000000000000111100000000000
000000000000000000000000000000000001001000000000000000010000000000000000001001000000000000000000000000000000000000000000000000001100110000000000000000000000000000010100000000000100000001000000010000000000000000000000000101000000011011000000000000001110110000000000100100000000000000101010010000000000
000000000000000000100000000000000001010000000000000000010000000000000000000101000100000000000000000000000000000000000000000000011100000000000000000000001100000000001000000000000000000000110000000000000000000000000000001000100001100000000000000000001001110000000000000000000000000001000001101000000000
000000000000000000110000000000000000100000000000000000010000000000000000000101101010001000000000000000111000000010000000110001001010000000000000000011011011000000000000000000000000000000101000000000000000000000000000001101100001100001000000000000000111000000000000000000000000000000100111001000000000
000000000000000010001000000000000000011000000000000000000000000000000000000000011000010100000000000000000000000101000000110000011101000000000000000100100110010000000000000000000000000000000000000000000000000000000000011010110010000001001000000000000000000000000000000011110000000000011100011000011000
000000000000001110110000100000000000010100000000000001000000000000000000000000001000110010000000000000000000000101000000000011011010000000000000000011000100001000000000000000000000000000000000000000000000000000001000110000011010100010001000000000000000000000000000000011111100000000000000000000011000
000000000000001010100000110000000000100010000000000001000000000000000000000000000100000100000000000000000000000010000000000110001100000000000000000000000100000100000000000000000000000000000010000000000000000000011000100111001010100010000100000000000000100000000000000000101000000000000000000000000000
000000000000010010000001001000000001101010000000000001000000000000000000000000000001111100000000000000000000000000000000001010000000000000000000000000000100001000000000000000000011100000000000000000000000000000100000001000100001001010001000000000000001010000000000000011010000000000000000000000000000
000000000000001100000000110000000001001110000000000000000000000000000000000000000000001100000000000000000000000000000000100010000000011100000000000000000100000100000000000000000110111000000000000000000000000000011000100000001000100001001000000000000001010000000000000011010000000000000000000000000000
000000000000000000000000100000000001000110100000110000000000000000000000000000010000001100000000000000000000000000000011000011000001101010000000000000000000100000000000000011000000000100000000000000000000000000001110000000000011100000000000000000000000100000000000000000010110000000000000000000000000
000000000000000000111000000000000000110100111001001000000000000000000000000000111000001100000000000000000000000000000001000001111010100010000000000000000000000000000000000000000000100100000011110000000000000000000001000101000100000000000000000000000000000000000000000000000000000000000000000000000000
000000000000000000000100000000000000001000010000001100000000000000000000000001111100001010000111100000000000000000000001111010000110001010000000000000000000000000000000000010000001111000000000001100000000000000000010010000010010000000000000000100000000000000000000000000000000000000000000000000000000
000000000000000000100100000000000000000000100010001101000000000000000000000011000110000100001001100000000000000000000111000111001110101100000000000010000000001110000000000000100010000000000010011000000000000000000001110000011100000000000000001010000000000000000000000000000000000000000000000000000000
000000000000000000011000000000000000000000000001000000000000000000000000000111000111000000010000100000000000000000001000010001110001110000000000000010110000010111000000000000010100000000000010000000000000000000000001010000010100000000000000001010000000000000001100000000000000001100000000000000000000
000000000000000000000000000000000000000000000001011000000000000000000000000011000110000000001010000000000000000000001000001000000000000000000000000010001000000010100000000000011100000000000000010000000000000000000000110000011000000000000000000100000000000000001100000000000000011010000000000000000000
000000000110000000000000000000000000000000000000001000000000000000000000000001111100000000000000000000000000000000001000000100000000000000000000000011101100000001010000000000000000000000000010010000000000000001100000000000000000000000000000000000000000000000000000000000000000011010000000010000000000
000000000101000000000000000000000000000000000001110000000000000000000000000000111000001000000000000000000000000000000110111100000000000000000000000011100010110001010000000000000000000000000001100000000000000001100000000000000000000000000011000000011000000000000000000000000000111110100110101100000000
000000000010000000000000000000000000110000000000110000000000000000000000000000010000001000000001100000000000000000000000000110000000000000000000001110111111000000100000000000000000000000000111000000000000011000000000000000000000000000000100100000100100000000000000000000000000000110000111111000001100
000000000000000000000000000000000000110000000000000000000000000000000000000000000000001000001110100000000000000000000000000101000000000000000000010000010010000001000000000000000000000000001110000000000000011000000000000000000000000000000011000000011000000000000000000000000000000010000000010000001100
000110000000000000000000000000000000000000000000000000000000000000000000000000000000000000001001100011000000000000000000000011000000000000000001111000000001010001000000000000000000000000011001000000000000000000000000000000000000000000000000000000000000000110000000000000000000000100000100110100000000
000110000000000000000000000000000000000000000000000000000000000000000000000000000000000000000111001000100000000000000000000000000000000000010001001101010111001110000000000000000000000000110000100000000000000000000000000000000000000000000000000100000000000110000000000000000000000110000100000100000000
000000000000000000000000111000000000000000011000100000000000100010000000000000000000000000000010000000110000000000000000000000000000000000111000100001101110000000000000000000000000000000000000000000000000000000000000000000000001000000000000001010000000000000000000000000000000000000000000000000000000
000000000000000000000000000100000000000000000000110000000000010010000000000000000000000000000000010000100110000000000000000000000000000001101100100110000000000000000000000000000001000000000000001000000000000000000000000000000010100000000000001010000000000000000000010000000000000000000001100000000000
000000000000000000000010000110000000000000010110011000000001110010000000000000000000000000000000010000000110110000000000000000000000000000111000011100000000000000000001100000000010100000000010001000000000000000000000000000000010100000000000000100000000000000000000010000000000000000110001100000000000
000000000000000000000100001111000000000000001100001000000001110000000000000000000000000000000000000000000010110000000000000000000000000000010000000000000000000000000001100000000001100000000010010000000001000000000000000000000001000000000000000000000000000000000000010000000000000000000000000000000000
000000000011000000000010010000000000110000000111101000000000110000111000000000000000000000000000001000100001001000000000000000000000000000000000000000000000000000000000000000110000000000000011100000000010100000000000000000000000000000000000000000000000000000000000000000000000000000000000000000000000
000000000101000001000001000100000000110000000010010000000000000000000000000011100000000000000000000011100001110000000000000000000001110000001000000000000000000000000000000000110000000100000011100011100100010000000000011000000000000000000000000000000000000000000011100111000000000000000110010000000000
000000000101000111100000111000000000100000000011100011000000000010000000000000000000000000000000000000000000110000000000000000000001001000011000000000000000000000000000000000101000011110000000000000000100110000000000011000000000000000000000000000000000000111000010100000000000000000000000000000000000
000000000000001100011001000110000001110000000000000100100000000010000000000000000000000000000000000000000000000000000000000000000001001001000000000000000000000000000000000000011000011001000010001000000100111010000000000000000000000000000000000000000000000000000110100000000000000000000011010000000000
000000001100011101000000010001000000110000000000000101000000000010000000000000000000000000000000000000000000000000000000000000000000010010001000000000000000000000000000000000011000000000000110001000000100101010000000000000000000000000000000000000000000000000000001101000000000000000000001100000000000
000000000100011011000001110100010000000000000000000010000000000000000000110000000000000000000000000000000000000000000000000000000000000001011000000000000000000000000000001100001000000000000110001000000100100100000000000000000000000000000000000000000000000000000110101000000000000000000001101100000000
000000000111010011010000000110010000000000000000000000000000000000000001001000000000000000000000000000000000000000000000000000000000000000100000000000000000000000000000001100011000000000000000000000000100000000000000000000000000000000000000000000000000000000000011000000000000011000000000011000000000
000000011101100001010000000000001000000010000000000000000000000000000001001000000000000000000000000000000000000000000000000000000000000000000000000000000000000000000000010000000100000000000000011000000011000000000000000000000000000000000000000000000000000000000100100000000000010100000000100000010000
000000101000000001000000000001111000010001100000000000000001000000000000110000000000000000000000000000000000000000000000000000000000000000000000000000000000000000000000000010000000000000000000011000000000000000000000000000000000000000000000000000000000000000000010100000000000001000000011110000011000
000000010000011001000011011101011000100000110000000000000011100000000000000000000000000000000000000000000000000000000000000000000000000000000000000000000000000000000000010000000000000000000000000000000000000000000000000000000000000000000000000000001000000000000010000000000000000000000101010000000000
000000000000000000000000000010010000000010100000000000000100100000000000000000000110000000000000000000000000000000000000000000000000000000000000000000000000000000000000010100000000000000000000000000000000000000000000000000000000000000000000000000001000001000000000000000000000000000000001100000000000
000000000000001010000011000011100000011001000000000000000000001100000000000000000110000011000000000000000000000000000000000000000000000000000000000001101100000000000000010100000000000000000000000000000000000000000000000000000000000000000110000000001000010100000000000000000000000000000101100000000000
000000000000000010000000110000000000000000000000000000001010111100000000000000000000000110110011000000000000000000000000000000000000000000000000000001101100000000000000000000011000000000000000000000000000000000000000000000000000000000000110000000000000010010000000000000000000000000000011000110000000
000000000000001001000000001011000000000000000000001000001011000000000000000011100000000000010111000000000000000000000000000000000111000111000000000000000000000000000000000000010000000000000000000000000000000000000000000000000000000000000000000000000000001100000000000000000000000000000010001001000000
000000001010000111000010000101000000000000000000010100000001000001100000000101000000000000000000100000000000000000000000000000000111000000000000000000000000000000000000000000011100000000000000000000000000000000000000000000000000000000000000000000000000000000000011001000000000000000000000001101000000
000000000110000101000010000001000000000000000000011000001001000010000000000000000000000000000111000000000000000000000000000011100000000100100000000000000000000000000000001100001100000000000000000000000000000000000000000000000000000000000000000000000000000000000011011000000000000000000000000101000000
000000001011001011100000000000000000000000000000000001100010001000001110000000000000000100001111000000000000000000000000000000000000000001000000000000000000000000000000011000000010000000000000000000000000000000000000000000000000000000000000000000000000000000000011011000000000000000000000000011100000
001100000101011100100000000000000000000000000000000001010000000000100001000000001000000000001100000000000000000001100000000000000000000101000000000000000000000000000000000100011100000000000000000000000000000000000000000000000000000000000000000000011100001100000000100000000000000000011000000010100000
010010000000100111100001100000000000000000000000000000100000000110001111000000001111111000000000001100000000001000010000000000000000001010000000000000000000000000000000000000101010000000000011011000000000000000000000000000000000000000000000000010000000010010000000000000000000000000011000001011000000
010100000000011000000010100000000000000000000000000000000000000000010000000000000000100100000000001100000000001011010000000000000000001110000000000000000000000000000000000001101001000000000011011000000000000000011000000000000000000011000000000010000000010100000000000000000000000000000000001110000000
001000000000000000000001000000000000000000000000000000000000010000000110000000001100001100000000000000000000001101100000100000000000000000000000000000000000000000000000000000101010100000000000010000000000000000100100000011000000000100100000000101000000001000000000000000000000000000000000000100000000
000000000000000000000000000001100000000000000000000000000000000000000000000000001000111000000000000000000000000000000001010000000000000000000000000000000000000000000000000000001101010000011100010000000100000000100100000011000000000010100000000010000000000000000000000000000000000000000010000000000000
000000000000100000000000000001100000000000000000000000000000001000000000000000000111110000000000000000000000000000000000100000000000000000000000000000000000000000000000000001000011011000000000001100000100000000011000000000000000000001000000000010000000000000000000000000000000000110001101100000000000
000001100000000000000000000000000000000000000000000000000000000100001011000000000000000000000000000000000000000000000000000000000000000000000000000000000000000011100000000010001011010000000000100000000000111000000000110000000000000000000000000000000000000000001000000000000000110000000000010000000000
000100100010000000001100000000000000000000000000000000000000000011001011000000000000000000000000000000000000000000000000000000000000000110000000000000000000000000000011000010010000110000000001110000000000111000000000110000000000000000000000011100000000000000011100000000000000100001100000001000100000
001111000010010000010010000000000000000000000000000000000000000000011011000000000000000000000000000000000000000000000000000000000000000011100000000000000000000000000011000010001110000000000001000000111010000000000000000000000000000000000000010010000000000000111110000000000000010001110000010001010000
001000000001010000001100000000000000000000000000000000000000000000000000011000000000000000000000010010000000000000000000001100000000000011000000000000000000000000000000000001010100000000000000000000110110000000000000000000000000000000000000010001000000000001000001000000000000011011100011100001001000
000010100000010000000000000000000000000000000000000000000000000000000000011000000000001100000011101110000000000000000000001100000000001100001000000000000000000000000000000000010001000000000000000000110010000000000110101100000000000000000000000001100000000011001001100000000000000010110000000000110000
000110100000100000000000000000000000000000000000000000000000000000011000000000000000010010000011011010000000000000000000000000000000001011100100011000000000000000000000000000000001000000110000000000001110000000001100000110000000000000100000010000010000000111010101110000000000000001100000000000000000
000011000000000000000000000000100000000000000000000011100000000000000000000000000000001010000100100000000000000000000000000000000000001110111000011100000000000000000000000000000110000000110000000000000000000000000000000000000000000001110000010111100000000011001001100000000000000000000000000000000000
000000000000000000000000000001010000000000000000000100010000000000000000000000000000000100000110110000000000000000000000000000000000000000011000011000000000000000000000000000000000000000000000000000000000000000000000000000000000000011101001000000100000000001000001000000000000000000000000000000000000
000000000000000000000000000001010000000000000000000100010000000000000000000000000000000000000010010000000000000000011000000000000000000000000000000000000000000000000000000000000000000000000000000000000000000000000001110000000000000110000010001000000000000000111110000000000000000000000001000000000000
000000000000010000000000000000100000000000000000011011110000000000000000000100000000000000000001100000000000000000010100000000000000000000000000000000000000000000000000000011000000000000000000000000010000000000000000000000000000001110000001100000000000000000011100000000000001101110000011100000000011
000000000000101000000000000000110000000000000000100000000000000000000000001010000000000000000000000000000000000000001110000000000011100000000000000000000000000000000000000100100000000000000000000001110000000000000000000000000000000100000001101000000000000000001000000000000001101110000110100000000011
000000000000010000000100000001110000000100000000110110000000000000000000001001000000000000000000000000000000000000000110000000000010010000000000000000011100000000000000000011000000000000000000000000000000000000000000000000000000000010000000111000000000100000000000000000000010000001001100000000000011
000000000000000000001010000000001000001110000000101101000000000000000000000110000000000001000000000000000000000000010100000000110100000000000000000000100010000000000000000000000000000000000000000000001100000000000000000000000000000000000000011000000000100000000000000000000011110010000110100000000100
000000000000000000000110000100100000011011000000000100101000000000000000000111000000001000010000000000000000000000100000000001010000000000000000000001000001000000000000000000000000000000000000000010000000000000011000000000000000000000000000000000000001010000000000000000000011110000000011100000000000
000000000000000000000000000100010000000001100000001011000100000000000000100110000000001000001000000000000000000000000100000000100000001110000000000010001000100000000000000000000000000000000000001000100000000000010000000000000000000000000000000000000000100000000000000011000000000000000001000000000000
000000000011000000000000000100010000000001110000010010100000000000000000111110000000001000000000000000000000000000000101110000000000011101000000000010010100100000000000000000000000000000000000001000100000000000101110000000000000000000001000000000000000100000000000000100100000000000000000000000000000
000000000100100000000000000010001000000010100000000010001000000000000010001011000000000010010000000000000000000011001111001011000000001001100000000010001000100000000000000000000000000000000000010000011000100011100000000000000000000000001000000000000000000000000000000010100000000000000000000000000000
000000000011000000000000000000100110000011000000000000000000000000000111010111000000000011100000000000000000000001110111110110000110110000000000000001000001000000000000000000000011100000000000001011001001010011100010000000011000000000001000000000000000000000000000000001000000000000000000000000000000
000000000000000000000000000000001001100000000110000001100000000000001010100111000000000000000000000000000000000000100000110010000110110000000000000000100010000000000000000000000011100000000000000111111000000011000000000000001100000000000000000000000000000000000000000000000000000000110000000000000000
000000000000000000000000000000001001000000000100000000000000011000001010101010000000000000000000000000000000000000000000000000000110000000000000000000011100000011000110000000000000000000100000000001000000000000111110000000010000011100000000000000000000000001000000000000000000000000110000000000000000
000000000000000000000000000000000000000000000011000101000000100100001110000010000000000000000000000000000000000000000000000000000111111000000000000000000000000011001001000000000000000001001000000000000000000000111100001100000000000000000010000000000000010000100000000000000000000000000000000000000000
000000000000000000000000000000000110000000000000001110000000010100000100000010000000000000000000000000000000000000000000011100000000000000000000000000000000000000001010000000000000000010000100000000000000000000011000010100000000000000000101000000000000100000000000000000000000010000000000000000000000
000000000000000000000000000000000000000000000000001010000000001000000110000010000000000010000000000000000000000000000000011110011011001001001000000000000000000000000100000000000000001100001100000000000000000000000000110000000000000000000100100000000000100000010000000000000000010000000000000000000000
000000000000000000000000000000000010000000000000010000000000000000000010000100000001111100100000000000000000000000000000000001001000000010001000000000000000000000000000000000000000000100110000000000000000000000000000010100000000000000000011000000000000000100010000000000000000010000000000000000000000
000000000000000000000001110000000101000000000000001000100000000000000100010000000010000000100000000000000000000001000000000110000110001100001000000000000000000000000000000000010000101011000000000000000000000000000000001100000000000000000000000000000001001100000000000000000000000000000000000000000000
000000000000000000000000000000001001000000000000000000010000000000000110110000000010001000010000000000000000000010100000000010000000000000000000000000000000000011000000000000101000000000000000000000000000000001100000000000000000000000000000000000000011100011100000000000000000000000000000010000000000
000011100000000000000010001000000110000000000000000010001000100000000000000000000001101100011000000000000000000100010000000000000000000000000010000000000000000100100000000000101000000000000000000000000000000001100000000000000000000000000000000000000100110000000000000000000000000000000000101000000000
000000000000000000000101101100000000000000000011000111111000100000000000000000000000000111011100000000000000000011100000000111000000000000000010000011100000000011000000000000010000000000000000000000000000000000000000000001100000000000000000000000000110010000000000000000000000000000000001110000000000
011000000000000000000100000100000000001110000011001010000000100000001000001110000000000000011000000000000000000000000000000000000000000000000010000100000000000000000000101000000000000000000000000000000000000000000000000001001100000000000000000000000010110000000000000000000000000000000010001100000000
010100000000000000010010110100000000000000000000001000000000000000000000000110000000000100110000000000000000000000000000000000000000000000000000001100010000000000000011000110000001100000000001110000000000001111001000000001000000000000010000000000000000100000000011000000000000000000000000101010000000
010000000110000000010011011000000000000000000000001110000000000000000010110010000000000111100000000000000000000000000000000000000000000000111000010000010000000000000011000110000010010000000001100000000000011000001101000000011000000000101000000000000000000000000100100000000000000000000010101000000000
000000001001000000000110000000000000000000000000000000000000000000000001001010000000000110000000000000000000000000000000000000000000000000000000010100000000000010000011000110000001100000000110010000010000010000010001100000000000000000101000000000000000000000000011100000000000000000000000101000000000
000000000101000000000000000000000000000000000000000000000000000000000000111011000000000000000000000011000000000000000000000000000000000000000010001101100000000101000000101000000000000000000000111010110001111100000100010000000000000000010000000000000000000000000011000000000000000000000010001011000000
000000000010000000000000000000000000000000000000000000000000000000000000000000000000000100000000000100100000000000000000000000000000000000000010000000000000000110001000000000010000000000000110001110000001000000000000000000000000000000000000011000000000000000000000000000000000000000000010000101000000
000000000000000000000000000000000000000001011111000000000000000000000000000000000000000100000000001100000000000000000000000000000000001100000010000000000000000000001000000000101000000000000001110000110101000000110001000000000000000000000000011000000000000000000000000000000000000000000000000000010000
000000000000000000000000000000000000011001010000100000000000000000000000000000000000000100000000001000010000000000000000000000000000001100000000000000000000000000001000000000101000000000000001010101000000000000110110000000000000000000010000000000000000000000000000000000000000000000000000001111000100
000000000000000000000000000000000001110001010000010000000000000000000000000000000000000000000000011100001011100000000000000000000000000000000000000000000000000000000000000000010011000000000111010000001100000000001110001000000000000000010000000000000000000000000000000000000000000000000000001110001100
000001100000000000000000000000000011101100000000001100000110000000000000000000000000000000000000010001111111000000000000000000000000000000000000000000000000000011100011100000000100100001101111011100001100000000001010010100000000000000010000000000000000000000000000000000000000000000000000001000011000
000010000000000000000000000000000001100101110110000100001001000000000000000000000000000000000000010000100000000000000000000000000000000000000000001100000000000000000000000000000100100010010000001100000000000000110010110010000000000000000000000000000000000000000000000000000000000000000000001000010000
000000000000000000000000000000000000111010001000100100000110000000000000000000000000000000000000001010010010000000001100001110000000000000000000001001000000000000000000000000000110110111000111101100000000000000111001100100000000000111000111000000000000000000000000000000000000000000000000001000001000
000101100000000000000000000000000011111110110010001000000000000000000000000000001000000000000000000100000010000000001100000000000000000000000000001000000000001000000000000000000001100100000011110000000011000000110011100000000000000000000000000111000000000010000000000000000000000000000000001100010000
000100100000000000000000000000000111100011110010010000000000000000000000000000010100000000000000000000000100000000000000000000000000000000000000000101100000010100000011000000000000000111110000000000000011000000000000000000000000000000010000000000000000000101000000000000000000000000000000001101000000
000001100000000000000000000000001111100000000001100000000110000000000000000000100010000000000000000000011000000000000000000000000000000000000001000100100000010100000011000000000000000011000000000000000000000000000001000000000000000000010000010000010000000010000000000000000000000000000000001101000000
000001000000000000000000000000011000110000000000000000000110000000000000000000000000000001000000000000000000000000000011100000000000110000000010100000010100001000000000000000000000010000000000000000000000000001000010000000000000000000010000010000010000000000000000000111000000000000000000000100000000
001100000000000000000000000000001111100000000000000000000000000000000000000000000001000000000000000000000000000000000100100000000000110000000000000000001011000000000000000000000000101000000000000000000000000001110110000000000000000000000000010000010000000000000000000101000000000000000000101110100000
001100000000000000000001000000000111000110000000000000000000000000000000000000001011100000000000000000000000000000000011000010100000000000000000001000000110000000000000000000000000101000000000000000000000000000101000000000000000000000000000000000000000000000000000000110100000000000000000101010000000
000000000000000000000001000000000010001000000100000000000000000000000000000000000000011000000000000000000000000000000000000010100000000100000001000010010000000000000000000000000000010000000000000000000000011000011000000000011100000000000000000111000000000000000010000110110000000000000000011100001100
000000000000000000000001000000000000001100000010000000000000000110000000000000000010010000000000000000000000000000000000000000100000000100000000111001100000000000000010000000000000000000000000000000000000101000000000000000000010000000000000000000000000000000000010000010100000000000000000000000000010
000000000000000000000000000000000000000110000111000000000000000100000000000000000001110001100000000000000000000000000000000000110000000100000000000001110000000000000100100000000000000000000000000000000001010000000000000000010001000000000000000000000000000000000010000001000000000000000000000011010001
000100100000000000011100011100000000000000000100000000000000000010000001100000000000001001100000000110000000000000000000000000111100000000000000000000000000000000000000010000000000000000000000000000000000100000000000000000010000100000000000000000000000000000100000000000000000000000000000000011010010
000100000000000000000000000000000000000000000000000000000000000000001100010000000000001000000000001101000000000000000000000000100100001011000000000001010000000000001000010000000000000000000000000000000000000000000000000000011100100000000000000000000000000000100000000000000000000000000000000000010100
001000010000000000000001000000000000000000000000000000000000000000101101010000000000000000000000111000000000000000000000000000110000000000100000000001010000000000000000110000000000000000000000000000000000000000000000000000100000000000000000010000000000000000000000000000000000000000000000000000111000
001110011000000000000001000000000000000000000000000000000000000000010001100000001000000000010010000011000000000000000011000000100111101111000000001010100000000100000000000000000000000000000000000000000000000000000000000000010001000000000000010010010000011100000000000000000000000000000000011000000000
001000000000000000000001000000000000000000000000000000000000000001111011000000001000001100100010011110000000000001000011000000111100000001000000010100000000001110000111000000000000000000000000000010000000000000000000000000001110000000000000010110011000100010000000000000000000000000000000000000000000
011100000000000000000000000000000000000000000000000000000000000010001010000000001000001000000010000100000000000001000000000000000000000001010000001000011011010101000000000000000000000000000000000010000000000000000000000000000000000000000000000010000100010000000000000000000000000000000000001000000000
000100000000000000000000000000000000000000111000000000000000000011000000000000000000001010000000011000000000000001000000000000000000000010010000000000000010001011100000000000000000000000000000000010000000010011000000000000000000000000000000000001100000001101000000010000000000000000000000000000000000
000000000000000000000000000001000000000000000000000000000000000010000000000011100011100000000010000000000000000000000000000000000000000111100000000000010000000101000000000000000000000010100000100000000000100000100000000000000000000000000000000001101100000010000000100000000000000000000000000000000000
000000000000000011000000000001000000000010000010000000000000000011100000000000000000000000011110000000000000000000000000000000000000001110000000000000010011111110000000000000000000000100100011011000000000100000000000000000000000000000000000000000010000000000000000110000000000000000000000000000000000
000000000000000011000000000010100000000010000010000000000000000010000000000000001000000001100000010000000000000000000000000000010010001010000000000000001110000100000000000000000000000100100001010000000000100100100000000000000000000000000000000000000000000000000000010110100000000000000000000000000000
000000000000110000000000000000100110011110000010000000000000000001100001100000001000000001000110010000000000000000000000000000010010000110000000000000000000000000000000000000000000000011000000100000000000010000100000000000000000000000000000000000000000000000000000100111010000000000001100000000000000
000000000001001000000000000001010110010000000000000000000000000000000001100000001000000001000001100000000000000000000000000000100001000010100000000000000000000000000000000000000000000000000000000000000000001110000000000000000000000000000000001000000000000000000000000000001000000000001100000010000000
000000000000110000000000000000110111100000111000000000000000000000000000000000000000000000110010000000000000000000000000000000110000000000000000000000000000000000000000000000000000000000000000000000001100000000000000000000000000000000000000010100000000000000110001000011100000000000000000000010000000
000000000000000000000000011100001100000000000000000000000000000000000000000000000000000000001110000000000000000000000000000000000000000001100000000000000000000000000000000000000000000000100000000000001100000000000000000000000000000000000000100010000000000001001111110110000000000000000000000010000000
000000000000000000111000000000001100111000000000000000000000000000000000000000000000000000000000011000000000000000000100000000000000110000000000000000000000000100000000000000000000000011000000000000000000000000000000000000000000000000000000010100000000000001110000010100000000000000000000000000000000
000000000000000000000000000011100000010100000000000000000000001100000000000000000000000000000000011000000000000000011011000000000000110000000000000000000110011000000010000000000000000000000000000000000000000000000000000000000000000000000000000100000000001000100000011000000000000000000000000000000000
000000000000000000000000000011000000010100000000000000000000001100000000000000000000000000000000000000000010000000000011000000000000000000000000000000000101000000000010100000000000110101100000000000000000000000000000000000000000000000000000000110000000001000100000010100000000000000000000000000000000
000000000000000000000000000010100000010100000000000000000000000000000000000000000000000000000000000000000101000000000000011100000000000000000000000000000010000000000011000000000000000000000000000000000000000000000000011100000000000000000000001100000000001000001110001000000000000000000000000000000000
000000000000000000000000000001000000011000000000000000000000000000000000000000000000000000000000000000001001000001000110000100000000000000000000000000010000000000000000000000000001000000000000000000000000000000000000010100000000000000000000000101000000000000010000100100000000000000000000000000000000
000000000000000000000000000000000000011000000000000000000011000000000000000000000000000000000000000000011001000010011010110100000000000000000000000000111000000000000000000000000001100000000000000000000000000001000000000100000000000000000000000010000000000010010000101000000000000000000000000000000100
000000000000011000000000000000000000000000000000000000000011000000000000000000000011000000000000000000011011000110101000011000000000000000000000000000111000000000000000000000000000000000000000000000000000000001000001110000000000000000000001100000000000000000010000100000000000000000000000000000000100
000000000000011000000000000000000000000000000000000000000000000000000000000000000110100000000000000000000111001000110111100000000000000000000000000000001100000000000000000000000000000000000000000000000000000010100010001000000000000000000010010000000000001100100000101000110011110001000000000011000100
000000000000000000000000000000000110000000000000000000000000000000000000000000000000110000000000000000000000010010000100000000000000000000000000000001111000000000000000000000000000000000000000000000111000000001010001000001000000000000000001100000000000000000000001101000001100001010010000000011100000
000000000000000000000001110000000110000000000000000000000000000000000000000000000001000001000000000000000000000000000000000000000000000000000000110001111000000000000000000000000000000000010000000000000000000001110001000001000000000000000001000000000000000110000000100000000100000001001000000000000000
000000000000000000000000000000000000000000000000000000000000000000000000000000000000110011100000000000000111111000000000000000000000000000000000110000100000000000000000000000000000000000101000000010000010000000100000011011000000000000011000000011000000000011000000011010000011011000001100000000001110
000000000001100000000000000000000000000000000000000000000000000000000000000000000000111101010000000000000101100000000000000000000000000000000001001000000000000000000000010000000000011000101000000010000010000000000000000001000000000000011011011000010000000000000010011010000000111000110010000000001010
001000000010010000000000000000000000000000000000000000010000000000000000000000000000110100111000000000001001000000000000000000000110000000000000110100000000000000000000101000000000010100010000000010000010000000000000000001010000000000101001000000010000000000001101100100000000001000001001000110011100
100010000001010000000000000000000000000000000001100000101000000000000000000000000101000111010000000000001100000000000000000000000110000000000000110100000000000000000000101000000000000000000000000000000000001100000000000000000000000000000111000000000000000000001101011000000000010011000001000011110000
100010000000100000000000001100000000000000000001001011110000000000000000000000000010001111100000000000000000000000000000000000000000000000000000001001100000000000000000010000000000000000000000000000111000001100000000000001010000000000010010000000000000000000000000000110000000010000010111100011100000
101001000000000000000000010100000000000000000001001111100000000000000000000000000011001000000000000000000000000000000000000000000000000000000101100000001100000111001000000000000000100000001110000000000000000000000000011011100000000000000101001010100000000000000110110000000000010010000001000000000000
001011000000000000000000001000000000000000000000100000000000000000000000000000000011010100000000000000000000000000000000000000001000000000010000100000001000001001000110000000000000100100010001000000000000000000000000010001000000000000000001100011000000000000000111000000000000001001100000000000000000
011010110000000000000000000000000000000000000000010000000011000000000000000000000011101100000000000000000000000000000000000000010100000000010010110011011000000101001100000000000000100000111001000000000000000000000000001000000000000000000000011100000000000000000000000000000000000000100110000000000000
000011111101000000000000000000000000000000000000000000000011000000000000000000000001111000000000000000000000000000000000000000001000000000001100100000110000000000001000000000000000001111000011000000111000000000000000000111000000000000000000001001100000000000000000000000000000000000000000000001000000
001100101011000000000000000000000000000000000100000000000000000000000000000000000000010000000000000000000000000001100000000000000000000000000010000000111000000001110000000000000000010101000100000000101000000000001000000000000000000000000000010011000000000000000000110110000000000000000001000001100000
000001000010000000011100000000000000000000000000000001000000000000000000000000000000000000000000000000000000000001100000000000000000000000000000000000110000000000100000000000000000000001001100000000001000000000010100111001000000000000110000001110000000000000000000110001000000000000000000000111010000
000000110000000000100011000000011000000000000000000011000000011000000000000000000000000000000000000000000000011000000000000000001000000000000000001000000000000000000000000011100000000000000000000000010000000000010100110001111100000001001101110100000000000000000000110010000000000000000000000110111000
000000100010001100000011000000011000000000000000000010000000100000000000000000000000000000000000000010000011011000000000000000010100000000000000001000000000000000000000000000000000000000000000000000010000000000001000110001010001000001000011010000000000000000000000001100000000000000000000001001001000
000000011010010110001001000000000000000000000000000000000001001000000000000000000000000000000000001001011111011000000000000000010100000000000000000000000000000000000000000000000000000000000000000000000000000000000001010000110000100001000001100000000000000000000000000000000000000000000000001100001000
000000011000111000000010000000000000000000000000000000000001101100000000000000000000000000000000010000010000000000000000000000001000000000000000000000000000000000000000000000000000000000000000000001001000000000000001010000010100010011110001000000000000000000000000000000000000000000000000110000110000
000000010000011010010000000000000000000000000000000000000001100100000000000000000000000000000000010000000101011100000000001000000000000000000000000000000000000000000000000000000000000000000000000010100100000000010000000000001110000000101111000000000000000000110000000000000000000000000001000110000000
000000001100000100010001000000000000000000000000000000000000111000000000000000000000000000000000010011100111011100000000001000000000000000000000000000000000000000000000000000000001110000000000000010000000000000111000000001011101010011000000000000000000000000110000000000000001000000000001111000000000
000000000000000111000010000000000000000000000000000000000000001000000000000000000000000000000000001101001010001000000000001000000000000000000000000000000000000000000000000000000000000000000000000010111100000000000000000001000110010000000000000000000000000000000000000000000011100000000000000000000000
000000000000000010000000000000000000000000000000000000000000100000000000000000000000000000000000000000110000101000000000000000000000000000000000000000000000000000000000000000000000000000000000000000001000000000000000000000000010010000000000000000000000000000000000000000000000000000000000000000000000
000000000000001010101001100000000000000000000000000000000001010000000000000000000000000000000000000000000001001000000000101100000000000000000000000000000000000000000000000000000000000000000000000000000000000000011000000000000010010000000000001000000000000000000000000000001110011000000000000000000000
000000000000000000101001100000000000000000000000000000000001010000000000000000000000000000000000000000000000110000000001000100000000000000000000000000000000000000000000000000000000000000001110000000000000000000001100000001000000111000000000010100000000000000000000000000001110011100000000000000000000
000000000000000001010000000000000000000000000000000000000001001000000000000000000000000000000000000000000001110000000000101000000000000000000000000000000000001000000000000000000000000000000000000000000000000000000001000001100000010100000000001100000000000110000000000000001001000010000000000000000010
000000000000001101000011000000000000000000000000000000000000001000000000000000000000000000000000000000000000000000000000010000000000000000000000000000000000001000000000000000000000000000000000000000000000000000010000100001001000010100000000000000000000000110000000000000000111110100000000000000000001
000000000000000010000011000000000000000000000000000000001100001000000000000000000000000000000000000000000000000000000000000000000000000000011000000110000000001000000000000000110000000000000000000000000000000000001000100000000100011100000000000000000000000000000000000000000010001000000001100000000010
001100000000010000000000000000000000000000000000000000010000010000000000000000000000110010100000000000000000000000000110110000000000000000100100000110000000000000000000000000110000000000000000000000000000000010100010100011001100110000000011100000000000000000000000001100000000000000000010100000000000
001100000001111000000000000000000000000000000000000000000000010000000000000000000001010100000000000000000000000000001000001000000000000000011000000000000000000000010000000000000000000000000000000000000000000010100000000011101100010000111000000000000000000000000000001100000000000000000011100000000000
000000000111101100000000000000000000000000000000000000011000000000000000000000000001000010111000000000000000000000001010000100000000000000000000000000000000000000010000000000000000000000000000000000000000000010010000000011101101110001000000000000000000000000000000000000000001100000000000000000000110
000000000000101000000001111000000000000000000000000000000100100000000000000000000001110001110100000000000000000000000101101000000000000000000000000000000000000000010000000000000000000000000000000000000000000011010000000011000100000001000011111110000000000000000000000000000001100000000000000000000110
000000000100110000000000111000000000001000000000000000000011100000000000000000000000000000000100000000000000000000000000010000000000000000000000000000000000000000000000000000000000000000000000000000000010010001000000000011111100000000110001100001000000000000000000000000000000011000000000000000000000
000000000011100000000000010000000110010100000000000000000000000000000000000000000000000000001000000000000000000000000000000000000000000000000000000000000000000000000111000000000000000000000000000000000010001001001000000001111100000000000011100000100000000000000000000000000000011000000000000001100000
000000000000000000000000000000000100000100000000000000000000000000000000000000000000000000001000000000000000000000000000000000000000000000000000000000000000000000000000000000000000000000000000000000000001011000101000000000000000000000000110100000100000000000000000000000000000000000001100000001100000
000000000000000000000000000000000100001000000000000000001010000000000000000000000000000000000100000000000000000000001000000000000000000000000000000000000000000000000000000000000000000000000000000000011100110000000000000000000000000000000011001011000000000000000000011111010000000000010010000000000000
000000000000000000000000000000000001110000000000000000001001000000000000000000000000000000001010000000000001110000100100000000000000000000000000000000001000000000000000000000000000000000000001100001101101100000000000000000000000000000000011011011000000000000000000010000100000000000001100000000000000
110000000000001100000000000000000000000000000000000000101001000000000000000000000011000000000100000000000000111001000000000100000000000000000000000000000100000000000000000000000000000001000010011000000100110000000000000000000000000000000001000010000000000000000000001000100000000000000000000000000000
110000000000001100000000000000000000000000011000000101010110000000000000000000000011000000000000000000000000000001000010001100000000000000000000000001110000000000000000000000000000000010100011000101011001110000000000000000000001100000000000000100000000110000000000010000000000000000000000000000000000
000000000000000000000000000011010000000000111100000101011100000000000000000000000000000000000000000000000000000001100000000010010000000000000011000001110000000000000000000000000000000010100001100101000101110000000000000000000001100000000100000000000000101000000000011100000000000000000000000000000000
000000000000000000000000000010011000000000010010000110000000000000000000000000000000000000000000000000000000000000000000001111100000000000000011000000000000000000000000000000000000000001000000100101010000000000000000000000000000000000000100001100000000011000000001101000000000000000000000000000000000
000000000000000000010000000010100000000001101000001000000000000000000011000000000000000000000000000000000000000000011100000001110000000000000000000001100000000000000000000000000000000000000001101011110001100000000000000000000000000000000001101000000000000000000000101000000000000001000000000000000000
000000000000000000101000000000000000000001100110000100010000000000000110100000000000000000000000000000000000000000001100010000100000000000000000000001100000000000000000000000000000000000000000101100000001010000000000000000000000000000000000101000000000000000000000010000000000000010100000000000000000
000000000000000000101000000000000000000000000000000101101000000000001010110000000000000001100000000000000000000000001101101100000000000000000000000001100000000000000000000000000000000000000000000100110001010000000000000000000000000000000110000000000000000000000000000000000000000010010000000000000000
000000000000000000010000000000000000110011100000000000100010000000001101000000000000000010010000000100000000000000010101000100000000000000000000000000000000000000000000000000000000000000000000111101110001001000000000000000000000000000000010000000000000000000000000000000000000000001100000000000000000
000000000000000000000000000000000000010000100000000000011010000000001100001000000000000010100000001010000000000000111100100111000011100000000000000000001100001000000000000000000000000000000000100001100000110000000000000000000000000000000000000000000000000000000000000000000000000000000000000110000000
000000000000000000000000000000000000011100000000000000001110000000000101010100000000000001000000010001000000000000000101100011000010110111100000000001010100001000000000000000000000000000000000111010000000000000000000000000011000000000000000000000000000000000000000000000000000000000000000001001000000
000000011100000000000000000000000000000100000000000000000000000000001001000100000000000000000000001110000000000000001101100000000100110111001000000001011000001000000000000000000000000000000000001100000000000000000000000000100100000000000000000111000000000000000000000000000000000000000000000101000000
000000000000000000000000000000000000000000000000000000000000000000001110001000000000000000000000000000000000000000000110010000000010000110001000000001101000000000000000000000000000000000000000001000000000000000000000000000011000000000000000001000100000000000000000000000000000000000000011000010000000
000000000001000000000000000000000000000000000000000000000000000000010010000000000000000010000000000000000000000000010010001100000000000001100100000000011000000000000000000000000000000000000000001000000000000000000000000000000000000000000000000000010000000000000000000000000000000000000000100000000000
000000000001000100000000000000000000000000000000000000000000000000001000000000000000000101000000000000000000000000000000010010000011010001010000000000010100000000000110000000000000000000000011000100000000000000000000000010000000000000000000000000000000000000000000000000000000000000000101000000000000
000000000001000100000010000000000110000000000000000010010000000000000000110000011000001000000000001000000000000000000000010000000111110001010000000000110000000011101011100000000000000000000010010000000000000000000000000111000000000000000000000010001000000000000000000000000000000000000010000000000000
000000000000000100000010000000001111011000000000000010011000000000000000100100011000000101000000010100000000000000001011110110000111000000000000000000000000000011000000010000000000000000000000000000000000000000010000000000000000000000000000101001110000000000000000000000000000000000000000000000000000
000000000000000000000010000000001001011000000000000000000000000000000000000000001000101100000000010100000000000000000010100100000000000000000000000011101000000011001010000000000000000000000000010000000000000000100100000011100000000000000000111010000000000000000000000000000000000000000000000000110011
000001000000000000000000000000000010101000000000000000110000000000000000010001000110111000000000001000000000000000000001100000000000000001000000000110000000001101100010110011000000000000000100010000000000000000111111010000101100000000000000000110000000000000000000000000000000000000000111000000110011
000001000000000000000000000000000000001110000000000000000000000000000000000011000110111000000000000000000010000000000001001100000000000011000000000100000000000010000011000100110000000000000000000000000000000000011010110011111110000000000000000111000000000000000000000000000000000000001101000000000000
000001000000000000000000000000000000000000000000000110000000000000000000000001000000000000000000000000000100010000000000011000000000000100100101010000011100000110000111000100001000000000000011110000011100000000011101111110010010000000000000000000011000000000000000000000000000000000000001100000000000
000000000000000000000000000000000000000000000000000110000000000000000000000000000000000000000000000000000100001000000110000000000000000011000101011111100010001110001001000010001000000000111000110000000010000000011100000000101000000000000000000000011000000000000000000000000000000000001001000000000000
000000000000000000000000000000000000011000000000000011000000000000000000000000000000000110000000000000000110001000000111000000000000000000001000010101110010000000001110000001110000000000111000000000000001000000010010001000001100000000001100000000000000000000000000000000000000000000001111000000000000
000000000000000000000000000000000000010001000011000001100000000000000000000000000000010001000110000000000010001000110110000000000000001010000001100000000000000000000100000000000000000000100000000000001101100000001010000000011000110000011100000000000000000000000000000000000000000000000010000000000000
000000000000000000000000000000000000000101010001000001100000000000000000000000000000011101000110000000000010010000111000000000000000011111100110100100110010000000000000000000000000000000011000001000010001100000000000000010100000010100100000000000000000000000000000000000000000000000000000000000000000
000000000000000000000000000000000000110101010001000000000000000000000000000000000000001000000000000000000000100001001000000100000000010000010010100100001100000000000001000000000000000000100010110010100011000000000110000001000011010101000100000000000000000000000000000000000000000000000000000000000000
000000000000000000000000000000000001100010001010000000000000000000000000000001100000000000000000000000000000000000111000001010000001101100000001111000010000000000001110000000000000000001000010011000100001000000000110001001000000100011001000000000000000000000000000000000000000000000000000000000000000
000000000000000000000000000000000010100000000110110010000000000000000000000010010000000000000000000000000000000000100010010011000001101100101000001000110000000000011101000000000000000000100010000001100010000000000000001010001000000001110000000000000000000000000000000000000000000000000000000000000000
000000000000000000000000000000000110111100000011010110000000000000000000000010100000111000000000000000000000000110011100001000001110110100101100001010000000000000100010000000000000000000011100000000000100000000000000000000001000000000000000000000000000000000000000000000000000000000000000000001000000
000000000000000000000100000000000001001100000000000100000000000000000000000001000000000000000000000000000000000110000000000001000000011000000110000000000000000000011100000000000000110000000000000000000000000000000000000000000000000000000000000001000000000000000000000000000000000000000000000010100000
000000000000000000001100000110001010001110000000111000000000000000000000000000000000000000000000000000000110000000000000000001000000001000000001000000000000000000001000000000000000110000000000000000000000000000000000000000000000000000000000000010100000000000000000000000000000000000000000000010100000
000000000000000000010001000011000000000010001011010000000000000000000000000000000000000000000000000000001001000000000000000000100001111000000001000000000000000000000000000000000000000000000000000000000000000000000000000000000000000000000000000100100000000000000000000000000000000000000000000001000000
000000000000000000001110000011001100010010000000000000000000000000000000000000000000000000000000000000000110000100100000000000000000110011100010000000000000000000000000000000000000000000000000000000000000000000000000000000000000000000000000001001000001000000000000000000000000000000000000000000000000
000000000000000000000110001010000100000000010000000000000000000000000000000000000000000000000000000000000110000100010000000000000111000011100000000000000000000000000000000000000000000000000000000000000000000000000000000000000000000000000000000100000001000000000000000000000000011000000000000000000000
000000000000000000000000001100001010100100001110100000000000000000000000000000011100000000000000000000000111000010001000000000001100000001000000000000000000000000000000000000000000000000000000000000000000110000000001100000000000000000000000000000011001000000000000000011000000011000000000000000000000
000000100000000000000000000000001000010000001000100000000000000000000000000000011100000000000000000001101000100000111000000000001100000000000000000000000000000000000000000000000000011000000000000000000001100000100000010000010000001100000000000000011000000000000000000111100000000000000000000000000000
000001010000000000000000000000000010110000000000100000001100000000000000000000110110000000000000000110101011100000010000000000001110000000000000000000000000000000000001000000000000101000000000000010000000110001000001100001101100001100000000000000000000000000000000001100010000000000000000000000000000
000001010000000000000000000000000000000000001001000000010100000000000000000000011100000000000000001010001010000110000000001100000000000000000000000000000000000001100001000000000000110000000000001101100000010001110000000000101000000000000000000000000000000000000000001101100001000000000000000000000000
000000100000000000000000000000001000000010000110000000011000000000000000100000011100000000000000000000101100000100100000011000000001000000010000100000000000000001100001000000000000000000000000010100001100011001001010000000010000000000000000000000000000000000000000001110101001000000000000000000000000
000000000000000000000000000000001000000010000000111000000000000110000001110000001000000000000000000100111100001000000000011011100001000000000001111000000000000000000000000000000000000000000000000000001100011100111010010000000000000000000000000000000000000100000000000000000001000000000000000000000000
000000000000000000000100000000001001000000000000000000011000000110000001000000000000000000000000000011100000000100010000011111000000000000000011101100000000000000000000000011000000000000000000010000000000011100111000010000001100000000000000000000110011001011000000001111100010000000000000000000000000
000000110000000000000111000000000111000000000000000000011000000000000001110000000000000000000000000000000000000011100000111110000000000000001000111000000000000000000000000011000000000000000000001000100000011100111110110100000100000000000000000000000000001010000000000100000010000000000000000000000000
000000110000000000000011000000000000000000000000000000000000000000000001000100000000000000110000000000000000000000000000100000000000000000110000100011000000000000000000000000000000000000000000000000000100011010000001000010000000000000000110000000000001111100000000000000000000000000000000000000000000
000000000000000000000000000100000000000000010000000000000000000000000000101000000000000000110000000000000000100000000000000000000000000000000010100000000000000000000000000000000000000000000000000000011110001001000001000010001000000000001001000000000001111000000000000000000000000000000000001001000000
000000000000000000000000011000000000000000101000000001100000000000000000100100100000000000000000000000000011011000000000000000000000000000000000011001000000000000000000000000000000011111000000000010010001111000000010000001110000000000000110000000000000100100000000000000000011000000000000001001100000
000000000000000000010110100000000000000000100100000001100111000000000000000000110000000000000000000001101001111000000000000000000000000000000000000110000000000000000000000000000000011011000000000100001011100011000000000000000000000000000000000000000000100100000000000000000100100000000000000000100000
000000000000000000011100111000000000011100011000000001000001000000000100000000110000000000000000000111110010011000000000000000000000000000000000000000000000000000000000000000000000011100000000000100001000011101000000000111000000000000000000000000000000011000000000000000000011000000000000000111000000
000000000000000000000010000000000000000000000000000011010011000000000000000000000010000011000000001111001000110000000000000000000000000000000000000000000000000000000000000000000000000000000000000100010000010110000000000000000000000000000000000000000000000000000000000111000000000000000000000110100000
000000000000000000000011000001000000000000000000000011110000000000110000000000001101100011000000000000000111000000000000000000001110011100001100000000000000000000000000100000000000000000000001100100010010010101000000010000010000000000000000000000000000000000000000000000000000000000000000000111101000
000010000000000000001001000001000000000000000110000010010001000000110101000000001000010000000000001100000000000000000000000000000000000000001100000000000000000000000000100000000000000000000000000010100010110001000100010000010000001000000000000000000000000000000000000000000000000000000000000010100000
000101000000000000001000001111000010000000000110000001100100100000110111100000001101010000000000000110000000000000000000000000000000000000000000000000000000100000000000100000000000000000000000000011100010010001011001010000010000010100000000000000000000000000000000001000000000000000000000000011000000
000110000000000000001000010100000010000000000000000010000001000000001000010000000011100000000000000010000000000000000000000000000000000000000000000000000011011000000000000000000000000010000000000000000000000000000000000000000000001000000000000000000000000000000000010100000000000000000011000010000000
000000000000000000000000010100000000000000000000000001100100000000000110100000000001110000000000000000000000000000000000000000000000000000000000001000000000000000000000000000000000000011000101000000000000000000010000100111000000000000000000000000000000000000000000010100000000000000000100111011000000
000000000000000000000000000001100001000000000000000000101000000000000110000000000000110000000000000000000000000000000000000000000000000000000000011111000000000000000000000000000000000010110110000000000000000000011000100000011100000000000000000000000000000000000000001000000000000000000111000000000000
000000000000000000000000000001100110100000000000000000000000000000000000000000000000010000000000000000000000000000000000000000000000000000000000010111100010001000000000000000000000000001000000000000000000000011100010000000000000000000000001100000000000000000000000000000000000000000000100000100000000
000000000000000000000000000000110111000000000000000000000000000000000000000000000000000000000000000000000000000000000000000000000000000000000000000001000001110001100000000000000001100011011100000000000000000000111011000000000000000000000001101100000000000000000000000000000000000000000110100100000000
000000000000000000000000000000000000000000000000000000000000000000000000001100000000000000000000000000000001000000000000000000000000100000000000000000000000000001100000000000000110110011000010000000010001000111011000000000000000000000000110000000000000000000000000000110000000000000000010000000000000
000000000000000000000000000000000000000000000000000001100000000000000000010100000000000000000000000000000010100000000000000000111001010000000000000000000000000000000000000000010000100001000010000000100011100001100000000000000000000000000111000010000000000000000000000110000000000000000110110100001100
000000000000000000000000000000000000000000000000000000001000010100000000100000000000000000000000000000010000100000000000000000101000010000000000000000001010000000000000000000010011000001000100000000000000110000000000000000110000000000000111111110000000000000000000000000000000000000000100001000000000
000000000000000000000000001100000000000000000000000001000010010010000000100100000000000000011000000000101011000000000110000000100000100000000000000000010010000000000000000000100001000000011000000000110101110000000000000000110000000000000000110000000000000000000000000000000000000000000000000000000000
000000000000000000000000010001000000000000000000000000100001100010000000100011000000000001101100000000100000000000000000000000001001000000000000000000001010000000000000000000010100000000000000000011001011100000000000000000000000000000000100100000000000000000000000000000000000000000000000010000000000
000000000000000000000000010000000000000000000010000000001000110110000000010000100000000000010110000000001000000000000000001000001110000000000000000000010010000000000000000000000010000000000000000101000101000110000000000000000000000000000011000000000000000000000000000000000000000000001010011000000000
000000000000000000000000011110010000000000000001100000000100010000000000001000100000000000010000001110000000000001110000000000000000000000000000000000111001000000000000000000001110011100000000000101000010000101000000000000000000000000000000000000000000000000000000000000000000000000010011100000000000
000000000000000000000000111001101000000000000011000000000011100000000000000111000000000000110001100010000000000000000000011000000000000000000000000000110101100000000000000000011110011100000000000100000000000001000000000000000000001100000000000000000000000000000000000000000000000000100010100000000000
000000000000000000000001001000101000000000000000000000000001100000000000000000000000000000000010000010000000000000000000010000000000000000000000000000011101011000000000000000111101000000000000000000000000000110000000000000000000001100000000000000000000000000000000000000000001100000010010110000000000
000000010000000000000000001100111000000000000000000000110001100000000000000000000000000000001000000100000000000000000000010000000000000000000000000000000000111000000000000000011110000000000000000000001100000000000000000000000000000000000000000000000000000000000000000000000001010000001000010000000000
000000010000000001000000001100100000000000000000000011010001011000000000000000000000000000001000001000000000000000000000000000000000000000000011000000000000101000000111000000001100000000000000000000000000001001000000000000000000000000000000000000000000000001000000000000010010010000000000000000000000
000000010000000001000010001100000000000000000000000010000000001000000000000000000000001010001000100000000000000000000000000000000000000000000001100000000000010000000000000000000000000000000000000000000000000110000000000000000000000001110000000000000000000010100000000000100011100000000010100000000000
000000000000000000000010010000000000000000000000000010100000101000000000000000000000000100000000000000000000110000000000000000000000000000000001001010001011100000000000000000000000000000000000000000000000000000000000000000000000000000000000000000000000000010100000000001100100100000000001000000000000
000000000000000000000001110000000000000110000000000001101110110000000000000000000000000000000000000000000000110000000000000000000000000000000000110000000111000000000000000000000000000000000000000000011000000000000000000000000000000000000000000000000000000001000000000000110110000000000000000000000000
000110000000000000100000000000000000000110000000000000010001000000000000000000000000000000000000000000000000000000000000000000000000000000000000000101100010000000000000000000000000000000000000000000100100000000000000000000000000000000000000000000000000000000000000011000011110000000000000000000000000
000110000000000000000000000000000000000000000000000000010001000000000000000000000000000000000000000000000000000000000000000000000000000000000000111111000000000000000000000000000000000000000000000000011000000000000000000000000000000000000000000000000000000000000000011000000000000000000000000000000000
