300 300
000000000000001100000000000000000000000000000000000000000000000000001100000000001111100000000000000000000000000000000000000000000000000000000000100000000000000000000000000000000000000000000010000000000000000000000000001100000000011000000000000000000000000000000001110000000000000000000000000000000000
000000000000010010011100000000000000000000000000000000000000000000011110110000010000010000000000000000000011100000000000000000000000000000000010101001011000000000000000000000000000001100000010000000000000110000000000010010000000100100000000000000000000000011011011000010000000000000000111000000000000
000000000000001100000000000000000000000000000000000000000000000000010000110000001101110000000000000000000101110000000000000000000000000000000110100101101100100000000000000000000000001100000010000000000000110000000000010010000000011000000000000010000000000100000111000010000000000000000000000000000000
000000000000000000000000000000000000000000000000000000000000000011000110000000001111100000000000000000001100110000000000000000000000000000000100000100000000100000000000000000000000000000000000000000000000000000111000001100000000000000000000000010000000001000011010000001000000000000000000000000000000
000000000000000000000000000000000000000000000000000000000000000011000010110000000010000000000000000000000000011000000000000000000000000000000011001100110000100000000000000000000000000000000000000000000000000000000000000000000000000000000000000010000000010001011110010110000000000000000000000000000000
000000000000000000000000000000000000000000000000000000000000000111100110100000000000000000000000000000000000000000000000000000000000000000000110000000000000000000000000000000000000000000000000000000000000000000000000000000000000000000000000000000010110001001100110110101000000000000000000000000000000
000000000000000000000000000000000000000000000000000000000000011100000111011000001010000000000000000000000010000000000000110000000000000000000011000011100000000000000000000000000000000000000000000000000000001100000000000000000000000000000000000001010110000111001100001011110000000000000000000000000000
000000000000000000000000000000000000000000000000000000000000000000001110001000100000000000000000000000000010000000000000110000000000000000000000000000000000000000000000000000000011000000000000000000000000001100000000000000000000000000000000000001011000000000000110000010001100000000000000000000000000
000000000000000000000000000000000000000000000000000000000110000000001100001000000010000000000000000000000000000000000000000000000000000000000000000000000001000000000000000000000011000000000000000000000000000000000000000000000000000000000000000000001010000000000000000010001100000000000000000000000000
000000000000000000000000000000000000000000000000000000000101000000000000000000000010000000000000000000000000000000000000000000000000000000000000000000000001000000000000000000000000000000001100000000000000000000000011000000000000000000000000000001000010000000000000000010001000000000000000000000111000
110001100000000000000000000000000000000000000000000000000010000000000000000000000000000000000100000000000000000101000001000000000000000000000000000000000001000000000000000000000000000000001100000000000000000000000011000000000000000000000000000001100000000000000000000000000111000000000000000000000000
101010010000000000000000000000000000000000000000000000000000000000000000000000000000000000001110000000000000000100000010100000000000000000000000000000000000000000000000000000000000000000000000000000000000000000000000000000000000000000000000000000000000000000000000000001101011000000000000000000000000
000000000000000000000000000000000000000000000000000010000000000000000000000000000000000000001011000000000000000100100100010000000000000000000000000010101100000000000000000000000000000000000000000000000000000000000000000000000000000000000000000000000000000000000000000000000010000000000000000000000000
100000100000000000000000000000000000000001010000000111000000011000000000000000000000000000011011000000000000000000111110100000000000000100000000011000001110000000000000000110000000000000000000000000000000000000000000000110001100000000000000000000001110000000000000000000000000000000000000000000000000
100001000001100011000000000000000000000010101100110000000000011000000000000000000000000000000100000000000000000000000000000011000000001010000001100000001001101000000000001001000000000000000100000000001000000000000000001001111100000001000000000000111001000000000000000000000000000000000000000000000000
001100000001100011000000000000000000000100000111010000000000000000000000000000000000000000000000010000000000000000011100000011000000001100000001100010110011100100000000000101000001100000000100000000010100000000000000001101100000000010100000000001000100000000000000000000000000010000000000000000000000
000000000000000000000000000000000000000001010010000110000000000000000000000000000000000000000000111000000000000000110110001100000000000000000110001100111010001110000000000010000001100000000100000000011010000000000000000000000000000010100000000001010011000000000000000000000000101000000000000000000000
000000000000001000000000000000000000001110001000110000000000010000000000000000000000000000000001000011110000000000110110001100000000000000000110001100001000001110000000000000000000000000000000000000011011000000000000000000011101100001000000000000001000000000000000000000000000110000000000000000001100
000000000000001000011100000000000000000100101110000000000000011000000000000000000000000000000001111100001000000000001000000000000000000000000001010000000000000110000000000000000000000000000000000000001110100000000000000000110110110000100000000000110100000000000000000000000000000000000000000000010100
000000000000000000000000000000000000000000010010000000000000001000000000000000000000000000000000100000011000000011000000000000100000000000000000000000000000001100000000100000000000000000000000000000000110000000000000000000110111110000111000000000110110000000000000000000000000000000000000010000001000
000000000000000000000001000000000000000000101010000000000000000000000110000000000000000000000000000000000000000101000000000000100000000000000000000000000000000000000000100000000000000000000111100000000100000000000000000001100000000001000000000000001100000000000000000000000000000000000000101000000000
000000000000000000000001000000000000000111001010000000000000000000000001000000000000000000000000000001100000000010000000000000100000000000000000000000000000000000000000100000000000000000001100111100000100001000000000000000100000000000100100000000000000000000000000000000000000000000000000101000000000
000001100000000000000001000000000000001001011001100000000010111000000111000000000000000000000000000011100000000000001100000000000000000000000000000000000000000000000000000000000000000000011001000010011100101000000000000000000000000001111000000001010000000000000000000000000000000000000000010000000000
000001100000000000000000000000000000010000100001100000000000010000000010000000000000000001000000000000000000000000010100000000001110000000001101100000011000000000000000000000000000000000001001010010001000111000000000000101000101100001110000000000110000000000000000000000000000000000000000000000001000
000000000000000000011100000000000000110001000100000000000100010000001000000000000000000000110000000000000000000000001000000000000000000000000100000000100100000000000000000000000000000011000110001001000111110000000000000000011000100010110000000000000000000000000000000000000000000000000000000000001000
000000000000000000000000000000000011011000000111000000000010100000011000000000000000000001100001100000000000000000000000000000000000000000001001100000101000000000000000000000000000000100100000001010000110110000000000100000100000010001010000000000000000000000000000000000000000000000000000000000001000
000000000000000000000000000000100000000000000110000000000001000001000111000000000000000000000001110000000000000000000000000000000000000000000001000000010000000000000000000000000000000101000000000000000010010000000001100001000000110110010000000000000000000000000110000000000000000000000000000000000000
000000000001100000000000000001010011010000000000000000000000000000001111000000000000000000000010001011010000000000000000000000000000000000000010000000000000000000000000000000000000000010000000000000000001100000000011001000001010001010100000000000000000000000000110000000000000000000000000000000000000
000110000010010000000000000001010000110000000000000000000001100001010000000000000000000000000001110100010000000000000000000000000000000000000000000000000000000000000000000000000000000000000000000000000000000000000100110000001000001100010000000000000000000000000000000000000000000000000000000011000000
000101000001010000000000000000100000000000000000000000000001100000000000000000000000000000000000000000000000000000000000000000000000000000000000000000000000000000000110000000000000000000000000000000000000000000000011110001010000000100001000000000000000000000000000000000000000000000000000000100100000
001001000000100000000000000000000000000000000000000000000000000000000000000000000000000000000000111001010000000000000000000010000000000000000000000000000000000000000011000000000000000000000000000000000000000001100011000000000000000000011000000100000000000000000000000000000000000000000000000011000000
001000100000000000000000000000000000000000000000000000000000000000011000000001100000000000000000111010001000000000000000000101000000000000000000000000000000000000000011000000000000000000000000000000000000000001100000000000000000000000011000001010000000000000000000000000000000000000000000000000000000
010000000000000000000000000000000000000000000000000000000000000000101000111001100000000000001110001101010000000000000000000010000000000000000000000000000000000000000000000000000000000000000000000000000000000000000000000000000000000011100000001010000000000000000000000000000000000000000000000000000000
001001000000000000000000000000000000000001000000000000000000000000100000000000000000000000000000000001100000000000000000000000000000000000000000000000000000010000000000000000000000000000000000000000000000000000000000000000000000000000000000000100000000000000000000000000000000000000000000000000000000
000100000000000000000000000000000000000001010000000000000000000001100000000000000000000000000000001110000000000000000000000000000000000000000000000000000000011000000000000000000001000000000000000000000000000000000000000000000000000000000000000000000000000000000000000000011100000000000000000000000000
000000000000000000000000000000000000000001100110000000000000001000100000000000000000000000000010001100001100000000000000000000000000000000000000000000000000001000001110000000000010100000000000000000000000000000000000000000000000000000000000000000000000000000011000000000100100000000000000000000000000
000000000000000000000000000000000000000000001000000000000000001000010000000000000000000000010001000100010000000000100000000000000010000000000000000000000000000000001001000000000001100000000000000000000000000000000000000001100000000000000110000000000000000000011000000000000001000001000000000000000000
000000000000000000000000000000000000000000000110011000000000001000000000000000000000000000010001000110010010000001010000000000000011000000000000000000000000000000000000000000011000000000000000000000000000000000000000000011100000001000001001000000000000000000000000000001000001000001000000000000000000
000000000000000000000000000000000000000000000000111100000000000000000000000000000000000000100001000011100010000000100000000000000001100000000000000000000000000000000111000000001100000000000000000000000000000000000000000000000000010100001001000000000000000000000000000000100001000000000000000000010000
000010000000000000000000001000000000000100000001000000000011100011100000000000000000000001011010000000100100000000000000000000010101110000000000000000000000100000000000000000001100000000000000000011100000000000000000000000000000000000000110000000000000000000000000000000001000000000000000000001110011
000010000000000000000000001000000000001010000000011000000000000000000000001000000000000000101100000000111000000000000000000000011110010000000000000000110101000000000000000010011110000000000000000000000000000000000000000000010000000000000000000000000000000000000000000000000000000000000000000001111101
000010000000000000000000001000000000010010000001000000010000001000000000010100000000000000000000000110000000000000000000000000001000010000000000000001010100000000000000000010011110000000000000000000000100000000000000111000010000000000000000000000000000000000000000000000000000000001100000000000000110
000000000000000000000000000000000000001100000000010000110000001000000000011000000000000000000000001000000000000000000000000000000010100000000000000001000110000000000000000000000110000000000000000000001100000000000000100000000000000000000000000000000000000000000011000000000000000010011000000011100010
000000000000000000000000000000010000000000000000010000001000001000000000000000000000000000000000001100000000001000000000000010000100000010000000000001011000000000000000000000001000000000000000000000011001000000000000011000000001010000000000000000000000000000000011000000000000000000011000000001011100
000000000000000000000000000000111000000000000000000011100000000000000000000000000000000000010000000010000000001000000000000101000110001111000000000000110000000000000000000000001000000000000000000000010000110000000000000000000000000000000000000000000000000000000000000000000000000000010000000001101111
000000000000000000000000000000000001000000000000001001100000000000000000000000000000000001111100001010000000001000000000001100110000011000100000000000000011000000000000000110011000000000000000000000111001010000000000000000000000000000000000000000000000000000000000000000000000000000000000000000101010
000000000000001100000001000000000101000000000000000000000000000000000000000000000000010001011000001010000000000000000000001110000000110000110000000000000100000000000000000000010000000000000000000000000001100000000000000000000001101000000000000000000000000001000000000000000000000000011110000000000010
000000000000010010000010100000100001000000000000000000000100000000000000000000000000111000100000000000000000000000000000000000001000010110100000000000000010010000000000000000000000000000000000000000000000000011000000000000000000011000000000000000000000000010100000000000000000000000001001000000011100
000000000000001010000001000000011100000000000000000000011011000000000000000000000001110100000000000000000000000000000000001000000000001011000000000000000000000000000000000000000000000000000000000000000100100010100000000000010000000000000000000000000000000010100000000000000000000000001101000000000000
000000000000000100000000000000010000000000000000000000001010000000000000000000000010000110000000000000000000000000000000011000000100000011100000000000001010110000000000000000000000000000000000000000000011000001000000000000111000000000000000000000000000000001000000000000000000000000000010000000000000
000000000000000000000000000000000000000000000011000000011000100000000000000000000110000100000011010000000000000000000000011011000110000000000000000000001010110000000000000000000001100000000000000000000000000000000000000001001100001100000000000000000000000000000000000001000000000000000000000000000000
000000000000000000000000000000000000000000000011000001100100010000000000000000000010110100000010000000000000010000000000111000100000000000000000000000001001000000000000000000000001100000000000000000000000000000000000000000101100001010000000000000000000000000000000000000100001000000110000010000000000
000000000000000000000000000000000000000000000000000000001101000000000010000000000000000100000000100000000001011000000000111000111000000000000010000000000100000000000000000000000000000000000011100000011000000000000000000000100110000101111000000000000000110000000000000001000100100001101000001100000000
000000000000000000000000000000000001100000000000000000111000100000001101000000000000111000000111000000000010010011100110111000101000000000011001100000000100000000000000000000000000000000000000000000000100000000000000000010010110000110000100000011100001101100000000000000001000000010101000000000110000
000000000000000000100000000000000001100000000000000000111011100000001001000000000000010000001110000000000011000100000010110001001000000000000011000000000000000000000000000000000000000000000010010000100000000000000000000011000100000101111100000100110000100100000000000000001000101000011000000001001000
000000000000000001010000000000000000000000000000000000110011100000001011000000000000000000001110000000000000001101010000000011110000000000100001000110000000000000000000000000000000000000000000100000100010000000000000000001000100000001000000000110110000100100000000111000001001011001010000000001001000
000000000000000001010000000000000000000000000000000000000001000000001010000000000000000000000000000000000000000001010000000011000000000000100010001111000000000000000000000000000000000000000100100000010000000000000000000000101000000000000000000011000000011000000000100100000100001110100000000000001000
110000000000000000100000000000000000000000000000000000000111000000000110000000000000000000000000000000000000010001011001010000000000000000100001001101110000000000000000000000000000000000001001000000001010000000000000000000000000000000010000000000000000000000000000010010000000100010000000000000000000
110000000000000000000000000000000000000000000000000000000111000000010110000000000000000000000000000000000000010000001000100000000000000000011111110101000000000000000000000000000000000000011101000000000000000000000000000000000000000000101000000000000000000000000111000100000000000000000000100000000000
000000000000000000000000000000000000000000000011000000000111000000010100000000000000000000000000000000000000000000000000000000000000000000000001100000000110000000000000000000101000000000010010000000000000000000000000000000000000000001110000000000000000000000000110011000000000000000000000110000100000
000000001100000000000000000000000010000000000011000000001100000000010000000000000000000000000000000000000000001000010000000000000000000110000000000000000110000000000000000011101110000000110000000000000000011000000000000000000000000010000000000000000000000000000010010010000110000000000001010100000000
000000010010000000000000001100000101000000000000000000000000000000001000000000000000000000000000000000000000000111000000011000000000000110000000000000000000000000000000000001010100000000000000000000000001000000000000000000000000000100000000000000000000011100000010100101000000000000000000111000000000
000000001100000000000000010000000011000000000000000000001100000000000000000000000000000000000000000000000000000000000000011000000000000000000000000000000000000000000010000001000100000000000000000000000000100000000000000000000000010110000000000000000000000000000000000001100000000000000011100110000000
000000000000000000000000001100000000000000000000000000000000001000000000000000000000000011100000000000000000000000000000000000000000000000000000000000000000000000000101000000101000000000000000000000000000001010000000000000000001100011001000001100000000000000000000000101100000000000011011011110100000
000000000000000000000000000000000000000000000000000000000000011000000000000000000000000000000000000000000000000000000000000000000000000000000000000000000000000000000101000000010000000000000000000000000000011100000000000001000001101000110000001100000000000000000000000011000000000000100100011000100000
000000000000000110000000001100000000000000000000000000000000100100000000000000000000001000000000000000000000000000000000000000000000000011000000000000000000000000000010000000000000000000000000000000000000011001000000000000100000011100000000000000000000000000000100000011000000000000101000011000000000
000000000000000110000011010010000000000000000000000000000000110000001000000000000000001000000000000000000000000000000000000000000000000100100000000000000000000000000000000000000000000000000000000000000000001110000000000001100000011000000000000000000000000000001010110100000000000000010000001001000000
000000000000000000000100010010000000000000000000000000000000010010011000001000000000001000000000000000000000000000111000000000000000000011000000000000011000000000000000000000000000000000000000000000000000000100000000000001110000010000000000000010010000000000001000001111000000000000000000000110000000
000000000000000000000000000010000000000000000000000000000000001100001010000000000000000000000000000000000000000000100110000000000000000000000000000000100100110000011100000000000000000000000000000000000000000000000000000001001000100000000000000010100000000000000100000011000000000111000000001100000000
000000000000000000000011000100000000000000000000000000000000000100001110001000000000000000010000000000000000000000110010000000000000000000000000000000011000110000000000000000000000000000000000000000000000000000000000000000101101000000000000000011100000000000000000000111000000000100100000010100000000
000000000000000000000001001000000000000000000000000000000000000000000110001001100000000001101000000000000000000000001110000000000000000000000000000000000000000000101011000000000000000000000000111000000000000000000000000000101111000000000000000000000000000000000000001000110011000101100000000000000000
000000000000000000000000110000000000000000000000000000011000000000000000100101100000011000000000000110000000000000000000000000000000011100000000000000000000000000110001000000000000000000000000000000000000000000000000000000000011100000000000000000000000100000000000000001000011000001100000011000000000
000000000000000000000000000000000000000000000000000000010100000000000000010001100000011001011000000110000000000000000000000000000000100010001100000000000000000011000100000000000000000000000000000000000000000000000000000000000001100000000000000000000001010000000000000000110000000101000000000000011000
000000000000000000000000000000000000000000001100000000001000000000000000000001010000011000110011000000011100000000000000000000000000010100010010000000000000001001001011110000000100000000100000000000000000000000000000000000000000010000000000000000000001010000000000000001100000001101100000000000000000
000000000000000000000000000000000000000000001100000000000000000000000000000010101000001101100000000000000000000000000000000000000000001000001010000000000000001010011000011000001010000001110000000000000000000000000000000000000000000110000000000000000000000000000000000011000000000100100000000000111000
000000000000000000000000000000000001100000000000000000000000000000000000000111001000001111000000000000000000000000000000000000000000000000000100000000000000001001001000111000001010000011111000000000000000000000000000000000000001000001000000000000000000000000000000000011000000000111000000000000000000
000000000000000000000000000000000001100000000000000000010000000000000000000111100100111000110000000000000000000000000000000000000000000000000000000000000000000011000100000000000100000110001100000000000000000000000000000000000011100000100000000000000000000000000000000000000000000100000000000000000000
000000000000000000000000000000000000000000000000000000010000000000000000000000010000111001110000000000000000000000000000000000000000000000000000000011000000000000110011000000000000001110001110000000000000000000000000000000000110000010110000000000000000000000000000000000000000000011000010000010000000
000000000000000000001110000000000000000000000000000000010000000000000000000000001000111010000000000000111000000010000000000000000000000000000000000111000000000000101010000000000000000110001100000000000000000000000000000000000010000110110000000000000000000000000000000000000000000011000000001101010000
000000000000110000000000000000000000000100000000000000000000000000000000000000000000000000000000000000000000000101000000000000000000000000000000000110010000000000000000000000000000000011111000000000000000000000011000000000000001000110100000000000000000110000000000000000000000000000000000111001001000
000000000001001000110000000000000000011010000000000000000000000000000000000000000000001100000000000000000000000101000000000000000100000000000000000000001000000000011100000000000000000001110000000000000000000001000001100000000000110011000000000000000000111000000000000000010000000000000000111111001000
000000000001010000111101000100000000010010000000000101100000000000000000000000000000101100000000000000000000000010000000000000000011000000000000000111001000000000000000000000000011000000100000000000000000000100000000010000000000000010000000000000000000000000000000000001000010000000000000000000000000
000000000000100000010111100100000000000010000000110101000000000000000000000110000001100010000000000000000000000000000001111101000000000100000000000001010000000000000000000000000011000000000000000000000000000100111110010000000000001110000100000000000000001000000000000000000010000000000000000000000000
000000000000000001000100110100000000001100000000100101100000000000000000000110000000111000000000000000000000000000000010000001000000001110000000000000000000000000000000000000000000000000000000000000000000000100010010111000111000110000001100000000000001110000000000000000010100000000000000000000000000
000000000000000000100001000000000000101000000000101011000000000000000000000000001000000000100001110000000000000000000011011100010000010110100000000000000000000000000000000000000000001100000000000000000000000001000000000001001001000000001000000000000001110000000000000000000000000000000000000000000000
000000000000000000000101000000000001101100000000011101000000000000000000000000000000000000110000101000000000000000000011100000110000000011011000000000000000000000000000000000000000010010000010100000000000000001000010000000001010000000000000000000000000000000000000000010010000000000000000000000000000
000000000000000000000100000000000001101100000000100110000000000000000000001100000001000000001000111000000000000000000010101001000100011000100000000010000000000000000000000000000000010100000011100000000000000000110010000000001001010000000000000100000000000000000000000001100000001000000000000000000000
000000000000000000001100000000000000010100000000001110000000000000000000001100000000011110000111011000000000000000000100000000011100111100000000000111000000000000000000000001100000001000000001010000000000000000001100000000000100000000000000001010000000000000000000000000000000110110000000000000000000
000000000000000000010110000000000000001100000001001000000000000000000000001100000000000010001011110000000000000000001011100000001000111000000000011001000000000000100000000001100000000000000000010000000000000000000000000001000010000000000000001010000000000000001100000000000000100100000000000000000000
000000000000000001100100000000000000000000000001100000000000000000000000001100000000000100001000001000000000000000010010000000001111010000000000010001000000000000000000000001110000000000000010010000000000000000000000000000100000000000000000000100000000000000001100000000000000011000000000000000000000
000000000110000000111000000000000000000000000001000000000000000000000000000000000000011000000001001000000000000000011100000100000111000000000000011011000001000000011000000000101100000000000011100000000000000001100000000000001110000000000000000000000000000000000000000000000000000000000000000000000000
000000000101000000010000000000000000000000000000000000000000000000000000000000000000110000000011011000000000000000000000001000000011000000000000000011000011111100111000000000011100000000000001000000000000000001100000000000000000000000000011000000011000000000000000000000000000000000000000000000000000
000000000010000000000000000000000000110000000000000000000000000000000000000000111000001000000011011000000000000000000000000011000000000000000000000000000010001001001000000000001000000000000000000000000000011000000000000000000000000000000100100000100100000000000000000000000000000000001110000000001100
000000000000000000000000110000000000110000000000000000000000000000000000000000111000001000000001010000000000000000000000000000000000000000000100011000000001110000000000000000000000000001100000000000000000011000000000000000000000000000000011000000011000000000000000000000000000000000000000000000001100
000110000000000000000000000100000000000000000000100000000000000000000000000000000000000000000001000000000000000000000000000000000000000000100100101100000000000010000000000000000000000010110100000000000000000000000000000000000000000000000000000000000000000110000000000000000000000110000000000000000000
000110000000000000000011000110000000000000000001010000000000000011000000000000000000000000001101000100000000000000000000000000000000000001000000001100010001111101100000000000000000000010001010000000000000000000000000000000000000000000000000000100000000000110000000000000000000000110000000000000000000
000000000000000000000011000000000000000000000000001100000000000100100000000000000000000000001111001000000000000000000000000000000000011110110111100100110001000001000000000000000000000010101100000000000000000000000000000000000001000000000000001010000000000000000000000000000000000000000000000000000000
000000000000000000000011000000000000000000000000000000000000000000110000000000000000000000011001110000110000000000000000000000000001111110100010000000110000110010000000000000000001000001110000000000000000000000000000000000000010100000000000001010000000000000000000000000000000000000000000000000000000
000000000000000000000000000000000000000000000001100100000001100000110000000000000000000000000100000000010000001000000000000000000001100000110001010000100000111100000001100000011110100000000000000000000011000000000000000000000010100000000000000100000000000000000011000000000000000000000000000000000000
000000000000000000001110100000000000000000000000111000000001100010010000000000000000000000000000000000100000001100000000000000000010010100100001000000000000000000000001100000011111100000000000000000000011000000000000000000000001000000000000000000000000000000000010110100000000000000000000000000000000
000000000000011100001101110000000000000000000000000000000000000101011000000000000000000000000000000011001000000010000000000000000000000000000101100000000000000000000000000000001110000000000000000011100000000000000000000000000000000000000000000000000000000000000001101110000000000000000000000000000000
000000001100010000010101101100000000000000000000000000000000000011100000000011100000000000000000000010110000000100000000000000000000000000000110000000000000000000000000000000000000000000000000000011100000000000000000011000000000000000000000000000000000000000000000110001000000000000000000000000000000
000000001100110000110100011010000000000000000000001000000000000100000000000000000000000000000000000001110000000000000000000000000111100001000010000000000000000000000000000111001100000000000000110100010000001000000000011000000000000000000000000000000000000111000001011110000000000000000000111000000000
000000000010110001111000001010000000000000000000110110000000000010000000000000000000000000000000000000100000000000000000000000000011010000000001000000000000000000000000000110111000000000000001010101010000010100000000000000000000000000000000000000000000000000000001100000000000000000000001001000000000
000000000000110000000000000100000000000000000000010001000000000010000000000000000000000000000000000000000000000000000000000000000000110100000011000000000000000000000000011011110000000000000000101100000000100010000000000000000000000000000000000000000000000000000001000000000000000000000000001100000000
000000000001100010000000100000000000000000000001111101000000000000000000110000000000000000000000000000000000000000000000000000000000100000000010000000000000000000000000011111100000000000000000000000000000110010000000000000000000000000000000000000000000000000000000000000000000000000000001100000000000
000000001111101001000000100001011010000011100001000110000000000000000001001000000000000000000000000000000000000000000000000000000000000000000000000000000000000000000000011110000000000000000000000000000000110110000000000000000000000000000000000000000000000000000000000000000000011000000000011000000000
000000011100010010000001000000000001000100000000000000000000000000000001001000000000000000000000000000000000000000000000000000000000000000000000000000000000000000000000000011000000000000000000001001000000010100000000000000000000000000000000000000000000000000000000000000000000010100000000000000011000
000000101001001110000000110001011111000100010000000000000000000000000000110000000000000000000000000000000000000000000000000000000000000000000000000000000000000000000000000010000000000000000000000110000000001000000000000000000000000000000000000000000000000000000000000000000000001000000000000000011000
000000010011101100000000111000100000000010000000000000000000000000000000000000000000000000000100000000000000000000000000000000000000000000000000000000000000000000000000000000000000000000000000000000000000000000000000000000000000000000000000000000001000000000000000000000000000000000000000000000000000
000000000011011110000000101000000000000000100000000000001100000000000000000000000110000010001110000000000000000000000000000000000000000010000000000000000000000000000000000000000000000000000000000000000000000000000000000000000000000000000000000000001000001000000000000000000000000000000001110000000000
000000000000111000000000110000000000000000110000000000011000000000000000000011000110000101111101000000000000000000000000000000000000000111000000000001101100000000000000000000000000000000000000000000000000000000000000000000000000000000000110000000001000010100000000000000000000000000000011101100000000
000000000000111100100000110000000000000000010000000000000011000000000000000100100000000100010011100000000000000000000000000000000010001000100000000001101100000000000000000000010000000000000000000000000000000000000000000000000000000000000110000000000000010010000000000000000000000000000010101001100000
000000000000011100100000000000000000000000000000001000011111000000000000000100100000000010110011000000000000000000000000000000000101001101100000000000000000000000000000010000010000000000000000000000000000000000000000000000000000000000000000000000000000001100000010001000000000000000000010110010000000
000000000011111100100000000000000000000000000000010100001101000000000000000011000000000001110000000000000000000000000000000000000101000000000000000000000000000000000001100000011000000000000000000000000000000000000000000000000000000000000000000000000000000000000010001000000000000000000001110001100000
000000001111011001000000000000000000000000000000011000001110000000000000000000000000010000000000000000000000000000000000000011100010000000000000000000000000000000000000010000100000000000000000000000000000000000000000000000000000000000000000000000000000000000000100000100000000000000000000000001100000
000000001000000000000000000000000000000000000000000000100000000000000011100000000000010000000000000000000000000000000000000000000000000111000000000000000000000000000000000000011100000000000010000000000000000000000000000000000000000000000000000010000000000000000111111100000000000000000000000010100000
001100000100000010100000000000000000000000000000000001000000000000000000010000000000000000000000000000000000000000000000000000000000001000100000000000000000000000000000000000010010000000000100010000000000000000000000000000000000000000000000001101001100001100000100100100000000000000011000000011100000
010010000000000000000001100000000000000000000000000000100000000000000001010000000000000000000000001100000000010010000000000000000000000000000000000000000000000000000000000000000011000000000010010000000000000000000000000000000000000000000000001101110100010010000000100000000000000000011000000000000000
010100000000000000000010100000000000000000000000000000000000000000000000100000001100000000000000001100000001110011100000000000000000001101100000000000000000000000000000000000000011010000000001000000000000000000011000000000000000000011000000000000001000010100000000000000000000000000000000000000000000
001000000000010000000001000000000000000000000000000000000000000000000000000000010100000000000000000000000000101010000000100000000000000010000000000000000000000000000000000000000000011000000010000000000000100000100100000011000000000100100000000000100000001000000000000000000000000000000000110000000000
000000100000001110000000000001100000000000000000000000000000000000000000000000011000000000000000000000000000011000000001010000000000000000000000000000000000000000000000000000000110001100000000000100000000100000100100000011000000000010100000000001100000000000000000000000000000000000000001100011100000
000001010000000100000000000001100000000000000000000000000000000000000000000000000000000000000000000000000000001000000000100000000000000000000000000000000000000000000000000000000010100000000000001010011011010000011000000000000000000001000000000001100000000000001000000000000000000000000010010011100000
011001010001000000000000000000000000000000000000000000000000000110000000000000000000000000000000000000000000000000000000000000000000000000000000000000000000000011100000000000110100110000000010110010110111100000000000110000000000000000000000000000000000000000010100000000000000010000000010110001000000
101000110001000000001100000000000000000000000000000000000000000110000000000000000000000000000000000000000000000000000000000000000000000000000000000000000000000000000011000001100110100000000101010000010000100000000000110000000000000000000000000000000000000000010100000000000001110000000001011001000000
000000000000000000010010000000000000000000000000000000000000000000000000000000000000000000000000001100000000000000000000000000000000000100000000000000000000000000000011000000001111100000000010111110011010000000000000000000000000000000000001010000000000000000001000000000000001000000000001010001010000
000000000000000000001100000000000000000000000000000000000000000000000000000000000000000000000000001100100000000000000000001100000000000111000000011100000000000000000000000000110000000000000000001011001010000000000100000100000000000000000001100000000000000000000000000000000001110000000001101011001000
000100000000000000000000000000000000000000000000000000000000000000000000000000000000001111101000000010000000000000000000001100000000000100000000000000000000000000000000000000000000000000000000000000001100000000001010001010000000000001100000100000000000000110000000110000000000010000000000000000110000
100111000000000000000000000000000000000000000000000000101000000000000000000000000000010000001000000000000000000000000000000000000000000000000001000001000000000000000000000000000010000000110000000000000000000000001010001010000000000010010000000001110000001001000001001000000000000000010000000000000000
011001000000000000000000000000000000000000000000000000100010000000000000000000000000001000000100000010000000000000000000000000000000000010011001000001000000000000000000000000000010000000110000000000000000000000000100000100000000000010100000000001000000000110000000110000000000000000100100111000000000
000100000000000000000000000000100000000100000000010100100001000000000000000000000000000110110000000000000000000000000000000000000000001010000001000001000000000000000000000000000000000000000000000000000000000000000000000000000000001101000000001110010000000000000000000000000000000000010000101000000000
000000000000000000000000000000100000001110000000010100000001000000000000000000000000000000010000000000000000000000000100000000000000000110000000000000000000000000000000000000000000000000000000000000000000000000000001110000000000010010000000001011000000000000001000000000000000000100001100101000000000
000000000000010000000000000000100000001001000000010000000111000000000000001000000000000000000000100000000000000000000100000000011001000000000000011100001000000000000000000011000000000000000000000000000000000000000000000000000000010100000000000011000000000000010100000000000000011001010001110000000000
000000000000101000000000000000000000101010100010011000000000000000000000010100000000000000000001000000000000000000000110000000110100010000000000000000010100000000000000000100100000000000000000000000000000000000000000000000000000001000000000000100000001110000010100000000000000101010100001100000000000
000000000000010000000100000000000001101000100011100101110000000000000000010100000000000000000011000000000000000000000000000000011110010000000000000000010100000000000000000011000000000000000000000000000000000000000000000000000000000000000000000000000000000000001000000000000001101010000011000000000000
000000000000000000001010001110000000001000010001100001110000000000000000001000000000000000000000000000000000000000000010000001001111100000000000000000001000000000000000000000000000000000000000000000000000000000000000000000000000000000000000000000000100000100000000000000000010000011000001100000000000
000000000000000000000110001000100000000000001000001000100000000000000000000000000000001110000000000000000000000001100110000001110000000000000000000000000000000000000000000000000000000000000000000000000000000000001100000000000000000000000000000000000100000100000000000000000001011100000000110000000000
000000000000000000000000000010110000011111000000000110100000000000000000000000000000010011000000000000000000000010010000001101110000000000000000000110000000110000000000000000000000000000000000000000000000000000011011000000000000000000000000000000000100000100000000000011000000001000001100101000000000
000000000011000000000000000100011000001101001000000010110000000000000110000000000000011000100000000000000000000000010000001010000000000001100000001001000001001000000000000000000000000000000000000010000100000000001011000000000110000000001000000000000000000000000000000100100000000000000100011000000000
000000000100100000000000000011011000000001010000000110010000000000001011000000000000001110010000000000000000000010100000000010000001100000010000000110000000110000000000000000000001000000000000000011000100000000000110000000000011000000001000000000000001110000000000000010100000000000000110010000000000
000000000011000000000000000011011000000001000000001110110000000000011011000000000000000011001000000000000000000001100000101110001001000001100000000000000000000000000000000000000010100000000000000011100010000000010100000000000100000000001000000000000000000000000000000001000000000000000011100000000000
000000000000000000000000000000000000000000000110011110010000000000011100000000000000000001001000000000000000000000000000100000001011001100000000000000001000000000000000000000000010100000000000000001101100000000011000000100000000000000000000000000000000000000000000000000000000000000110001000000000000
000000000000000000000000000000000000000000000101010100000000011000111011000000000000000001010000000000000000000011000001000000000010000110000000000000010100000011000110000000000001000000000000000000101100000000000000011010000000011100000000000000000000000000000000000000000000000000110000000000000000
000000000000000000000000000000000000000000000010001011100000100100010111100000000000001011010000000000000000000000011001110000000000001010000000000000010100000011001001000000000000000000000000000000010000000000000000110100000000000000000010000000000000000000000000000000000000000000000000000000000000
000000000000000000000000000000000001100000000000010010000000010100001100100000000000010100000000000000000000000000000001110000100000000111000000000000001000000000001010000000000000000000000100000000000000000000000001110000000000000000000101000000000000000000000000000000000000010000000000000000000000
000000000000000000000000000000000001100000000000001111000000001000000111010010000000000000100000000000000000000000000000010000101000000000001000000000000000000000000100000000000000000000000100000000000000000000000001010000000000000000000100100000000010001100000000000000000000010000000000000000000000
000000000000000000000000000000000000000000000000010011000000000000000010110010000000000000000000000000000000000100000000011000111000000110001000000000000000000000000000000000000000000000000100000000000000000000000001110000000000000000000011000000000010000011000000000000000000010000000000000000000000
000000000000000000000000000000000000000000000000001110000000000000000010110000000000001010000000000000000000001000001000011000000000000100001000000000000000000000000000000000010000000011000000000000000000000000000001001010000000000000000000000000000100000111000000000000000000000000000000000000000000
000000000000000000001010000000000011100000000000001000000000000000000010010000000000000000001100000000000000011001001100001010110000000100000000000000000000000011000000000000101000000011000000000000000000000000000000101011100000000000000000000000000001000000000000000000000000000000000000000000000000
000011100000000000001010000000001100100000000000000000000000100000000000000001000000000001100100000000000000111010101110000110100000000000000011000100000000000100100000000000001000000000000000000000000000000001100000011000110000000000000000000000000111111000000000000000000000000000000000000000000000
110000000000000000010010000000000111000000000000000000000000100000000000010000100000000001111000000000000000011001001100001001100000000000000111000110000000000011000111000100000000000000000000000000000000000010010000000110011000000000000000000000000010111110000000000000000000000000000000010000000000
110000000000000000001100000000000010001110000000010000000000100000000000010100100000000000001100100000000000001000001000000110000000000000000111000011000000000000000000000000000000000000000000000000000000000000000000000000110000000000000000000000000011001110000001100000000000000000000000101000000000
000000000000000000000000000000000000000000000000101110000000000000000000110000100000000000000111000010000000000111110000000000000000000000001101000100000000000000000000101000000001100000000000000000000000000100010000000111100000000000010000000000000000000000001101000000000000000000000000101000000000
000000000110000000000000010000000000000000000000110111000000000000000000100000000000000000000010000111000000000011100000000000000000000000110110001000000000000000000010001000010010010000000000000000000000000100000000100001000000000000101000000000000000000000010000000000000000000000000000000000000000
000000001001000000000000010000000000000000000000010010000000000000000001110000000000000000000000001001000000000001000000000000000000000000001100001000000000000010000001101000000001100000000010000000000000000110100001010000000000000000101000000000000000000000010000000000000000000000000000000000000000
000000000101000000000000010000000000000000000000000000000000000000000001000000000000000000000000001110000000000000000000000000000000000000000110001000000000000101000000000000001000000000000101000000000000001110000001010000000000000000010000000000000000000000011100000000000000000000000000000000000000
000000000010000000000000000000000000000000100000100000000000000000000001000000000000001100000000000100000000000000000000000000000000000000000110110000000000000110001100000100001000000000000100100000000000000010001010000000000000000000000000011000000000000000000000000000000000000000000000000000010000
000000000000000000000000000000000000100000111000100000000000000000000000001000000000001100000000000000000000000000000000000000000000001100000010000000000000000000010010000000001000000000000011000000011000011010001000111000000000000000000000011000000000000000000000000000000000000000000000001000000100
000000000000000000000000000000000000100011011000100000000000000000000000110000000000000000000000000000000000000000000000000000000000001100000000000000000000000000001110000000010000000000000000000000001100010001001000001100000000000000010000000000000000000000000000000000000000000000000000100101111100
000000000000000000000000000000000000100000000010000000000000000000000000000000000000000000000011000111000000000000000000000000000000000000000000000000000000000000000010000000000000000000100000000001001000000001110001101000000000000000010000000000000000000000000000000000000000000000000000011001100010
000000000000000000000000000000000000000100100001100001111110000000000000000000000000000000000100101010000000000000000000000000000000000000000000011000000000000011100011100000000000000000110000000000110000000001010000001001000000000000010000000000000000000000000000000000000000000000000000000000000110
000000000000000000000000000000101000000100100100000010000001000000000000000000000000000000000011111010000000000000000000000000000000000000000000100100000000000000000000000000000010000110111001010000100000000000010110000110000000000000000000000000000000000000000000000000000000000000000000011000000110
000000000000000000000000000000101000000101001110000010000110000000000000000000011100000000000011011000000000000000000000001110000000000000000000011000000000000000000000000000000101000110110001011000000000000000111110000000000000000111000111000000000000000000000000000000000000000000000001001001000010
000000000000000000000000000000010000000000000000000000100000000000000000000000100010000000000000001010000000000000000000000000000000000000000000000000000000011000000000000000000101001011100011010100000011000000111010000000000000000000000000000111000000000010000000000000000000000000000001110000110100
000000000000000000000000000000000000000000000000000000000000000000000000000000100010000000000000000110000000000000000110011000000000000000000000000000001110010100000011000000000011000001000001101100000011000000000000000000000000000000010000000000000000000101000000000110000000000000000000100000011100
000000000000000000000000000011010010000000000000011000000110000000000000000000100010000000000000000000011011000000000000011000000000000000000000000000001111000100000011000000000000000000000000000000000000000000000000000000000000000000010000010000010000000010000000001001000000000000000000000000000000
000000000000000000000000000010111001000000000000000000000110000000000000000000011100000000000000000000001010000000001000001100000000110000000000000000010001111000000000000000000000000000000000000000000000000000000000000000000000000000010000010000010000000000000000001000100000000000000000000000001100
000000000000000000000000000010000010000000000000000000000000000000000000000000000000000000000000000000000100000000000111011000000000110000000000000000001000000000000000000000000000001000000000000000000000000000000000000000000000000000000000010000010000000000000000001000000000000000000000011100001110
000000000000000000000001000000000000000000000000000000000000000000000000000000000000000000000000000000000000000000000000110000000000000000000000000011000100110000000000000000000000010100000000000000000000000000000000000000000000000000000000000000000000000000000000001000000000000000000000010000100010
000000000000000000000001000000001100000000000000000000000000000000000000000000000000100000000000000000000000000000000011100000000000000000000000100010100001100000000000000000000000011000000000000000000000011000000000000000000001100000000000000111000000000000000010000000001000000000000000000011011100
000000000000000000000001000000000000000000000000000000000000000110000000000000000000110000000000000000000000000000000001000000000000000000000001010000110001000000000000011000000000000000000000000000000000101000000000000000000001110000000000000000000000000000000010000001111000000000000000010000111110
000000000000000000000000000000000000000000000000000000000000000110000000000000000100010001100000000000000000000000000000000000000001110000000010010010100000000000000000100110000000000000000000000000000001010000000000000000000000110000000000000000000000000000000010000011010000000000000000001000000011
000000000000000000011100011100000000010010000000000000000000000000000000000000000100010001100000000001000000000000000000000000000000001100000001100011000000000000000001000001000000000000000000000000000000100000000000000000011000000000000000000000000000000000000000000001110000000000000000000111110111
000000000000000000000000000000000000001010000000000000000000000000001010000000000010001000000001110001100000000000000000000000000001101100000000000000000000000000000010011001000000000000000000000000000000000000000000000000111000000000000000000000000000011000000000000000110000000000000000000001101111
110000011000000000000001000000000000001110000000000000000000000000001100000000000001001000000001000000001000000000000000000010000010001100000000000000000000000110000110110111000000000000000000000000000000000000000000000000110000000000000000000000000000100100000000000001000000000000000000000001011010
110000011000000000000001000000000000000000000000000000000000000000001000000000001000101000000010100000111000000000000011000101000100101100000000000000000000000101000100100000000000000000000000001100000000000000000000000000111110000000000000111000000001101100000000000000000000000000000000000000111110
000000000000000000000001000000000000000000000000000000000000000110001100000000001000101000000011100001001000000001000011000100100100000100000000000000000000001001101101100000000000000000000000011011000000000000000000000000000110000000000000100000011001101100000000000000000000000000000000000000000000
010100000000000000000000000000000000000000000000000000000000001100110000000000001000011000000000000001110000000001000000000011000011000100000000000000000000001110011011000000000000000000000000101000000000000000000000000000000011000000000000111000011001101100000000000000000000000000000000000000000000
011100000000000000000000000000000000000000111000000000000000011011100000000000000000000000000010000000000000000001000000000000000000100000000000000000000000001010110000000000000000001000000000100001000000010000000000000000000000000000000000011000000000101000000000000000000000000000000000000000000000
001000000000000000000000000000000000000000000000000000000000111001100000000011100000000000000110000000000000000000000000000000000000010101110000000000000000000000000000000000000000011000000000011110000000001100000000000000000000000000000000000100100000010000000000000001110000000000000000000000000000
000000000000000011000000000000000000011111001000000000000000110000000000000000000000000110000110000000000000000000000000000000000000010010110000000000000000000000000000000000000000110000000000011100000000011000000000000000000000000000000000000100110000000000000000100110011000000000000000000000000000
000000000000000011000000000110001100011100001011000000000000001011100000000000001000001001000000000000000000000000000000000000000000000011000000000000000000000000000000000000000000010000000000000000000000000000000000000000000000000000000000011001101000000000010000000001000000000000000000000000000000
000000000000110000000000000000000010011000001011000000000000000111000001100000001000001101000000000000000000000000000000000000000000011000000000000000001100000000000000000000000000001011100000000000000010000000000000000000000000000000000000011100011000000000111000011000011000000000001100000000000000
000000000001001000000000001100000010000010000100000000000000000110000001100000001000000001100000000000000000000000000000000000000000000000000000000000001100000000000000000000000000000011100001110000000000111000000000000000000000000000000000100100000000000001101000001111001000000000001100000010000000
000000000000110000000000010000000010000000000000000000000000000000000000000000000000000011100000000000000000000000001000000000000000000000000000000000000000000000000000000000000000000000000000000000001000111000000000000000000000000000000000000000000000000001000100000011100000000000000000000010000000
000000000000000000000000100010100111110000000000000000000000000000000000000000000000000000000000000000000000000000110100000000000000000000000000000000000000000000000000000000000000000000000000000000001010000000000000000000000000000000000000100000000000000001001100000000100000000000000000000010000000
000000000000000000111000100000111100010000000000000000000000000000000000000000000000000000000000011000000010000000100100001100000000110000000000000000000000000000000000000000000000000000000000000000000000000000000000011100000000000000000000100000000000000000100100011000000000000000000000000000000000
000000000000000000000000100100000011011000000000000000000000001100000000000000000000000000000000011000000101000000000010110011000000110000000000000000000000000000000000000000000000000000000000000000000000000000000000010010000000000000000001010000000000001000010000100100000000000000000000000000000000
000000000000000000000000010100000000010000000000000000000000001100000000000000000000000000000000000000001000100000000000000011000000000000000000000000000000000000000000000000000000000000000000000000000000000000000000100010000000000000000001110000000000001000000000100000000000000000000000000000000000
000000000000000000000000001100000000111000000000000000000000000000000000000000000000000000000000000000111011000000011011011000110000000000000000000000110000000000001000000000000000000000000000000000000000000001000000111100000000000000000001001000000000001000011001110100000000000000000000000000000000
000000000000000000000000000000000000101000000000000000000000000000000000000000000000000000000000000001010000000000000101011010010000000000000000000000000000000000001010000000000000000000000000000000000000000110100000010000000000000000000001001100000000000000010101000100000000000000000000000000000000
000000000000000000000000000000000000101000000000000000000011000000000000000000000000000000000000000001001000000000000000110000010000000000000000000000000000000000001100000000000000000000000000000000000000000110100010000000000000000000000100011000000000000000001101010000000000000000000000000000000000
000000000000011000000000000000000000011000000000000000000011000000000000000000000110000000000000000000001000000111010100000000100000000000000000000000000000000000000000000000000000000000000000000000000000000010110101000110000000000000000100010000000000000110001101010110000000000000000000000000011000
000000000000011000000000000000000000000000000000000000000000000000000000000000000010000001000000000000111011100000000000110000000000000000000000000000000000000000000000000000000000000000000000000000000000000100000001000110000000000000000101100000000000000110000000100110000010000000011000000000100100
000000000000000000000000000000000110000000000000000000000000000000000000000000000000100110110000000000010001100110100111111000000000000000000000010000000000000000000000000000000000000000000000000000111000000101111100001010000000000000000111010000000000000000000000011010000111000000100000000000101000
000000000000000000000001110000000110000000000000000000000000000000000000000000000100100111011000000000000001110000000100000000000000000000000000111000000000000000000000000000000000000000111000000000000000000100000100000100000000000000011101100000000000000000000000000001001101000000110000000000010000
000000000000000000000000000000000000000000000000000000000000000000000000000000000001100011101000000000011100110000000000000000000000000000000000100100000000000000000000000000000000000001001000000010000010000000011000000100000000000001100101000000000000001100001000000110011000000000111000000000000000
000000000001100000000000000000000000000000000000000000000000000000000000000000000000111110011000000000011100110000000000000000000000000000000000011100000000000010000000010000000000011001100000000010000010000000000000000000000000000000000000110000000000000110010100000000001111001110000000000000000000
000100000010010000000000000000000000000000001001000000000000000000000000000000000001110110011000000000001001000000000000000000000110000000000000001000000000000101000000101000000000011000010000000010000010000000010000000000000000000010000010101000000000000000000000111000000100111110000000000000000000
000100000001010000000000000000000000000000010000000000000000000000000000000000000110000100000000000000011011000000000000000000000110000000000000010000001000000100100000101000000000000000100000000000000000001000100000000001100000000001000000000011000000000000011011101100000100100011000001000000000000
000000000000100000000000001100000000000000010001000010000000000000000000000000001000100000000000000000011011000000000000000000000000000000000100010000010100000011000000010000000000000010000100000001110000001010000000000001100000000000111101010111100000000000000001001011000001000000100010100000000000
000000000000000000000000010100000000000000011110001101100000000000000000000000010000000000000000000000000100000000000000000000000000000000001100001000100010000000000000000000000000001110101011100001001100000000000000000000000000000000001111010101100000000000000110110100000000000001010010100000000000
000000000000000000000000001000000000000000000000001101100000000000000000000000010110000010000000000000000000000000000000000000001000000000011110000000010100000000000000000000000011010000101000100001101100000000000000000000000000000000000001110101100000000000001010000000000000000000110001000000000000
000000000000000000000000000000000000000000000000010010000011000000000000000000001000000101000000000000000000000000000000000000010100000000000000100000001000001100000000000000000001000001000000100000000000000000001110000000000000000000000000001111000000000000001000010000000000000000000000000000000000
000101001000000000000000000000000000000000000000010000000011000000000000000000000000001001000000000000000000000000000000000000001000000000000011000000000000001001001000000000000000100000000000000000000000000000010010100010100000000000000000001000010000000000001001100000000000000000000000000000000000
000101001000110000000000000000000000000000000000010001100000000000000000000000000000000110000000000000000000000000000000000000000000000000000000000000000000001000000000000000000000011100000000000000000110000000010001011001101000000000000000001110010000000000000100100000000000000000000000000000011000
000101000001000000000000000000000000000000000000000100100000111000000000000000000000000000000000000000000000000010000000000000000000000000000010000000000000000100011000000000000000000100000000000000000110000000110010100001001110000000000000001000010000000000000011000000000000000000000000011000111100
000000000000101011100000000000011000000000000000000000100000111000000000000000000000000000000000000000000000000101100000000000001000000000000000000000000000000001110000000011100000000000000000000000000000000000001000110000101110000110000000000100000000000000000011000000000000000000000000110100011110
000000000000101000100000000000011000000000000000000000000001001000000000000000000000000000000000000000000000001001000000000000010100000000000000000000000000000000000000000000000000000000000000000000000000000000001011000001011101001001000010000000000000000000000000100111000000000000000000000010000011
000000000000000001000000000000000000000000000000000000000010010000000000000000000000000000000000000000000000111000000000000000010100000000000000000000000000000000000000000000000000000000000000000000000000000000110011000010101101000110001010000000000000000000000000010010000000000000000001000000001110
000011000000011100000000000000000000000000000000000000000100001000000000000000000000000000000001110000000111111110000000000000001000000000000000000000000000000000000000000000000000000000000000000000000000000000110011000011111101110000000010000000000000000000000000001100000000000000000101000000000110
000000100000000000000000000000000000000000000000000000000010011000000000000000000000000000000001010000000110010000000000000000000000000000000000000000000000000000000000000000000000000000000000000011000000000001000110000001101001100000000000000000000000000000110000000000000000000000000000100010000000
000000000000000111000000000000000000000000000000000000000001000100000000000000000000000000000001110000001001100000000000000000000000000000000000000000000000000000000000000000000001110000000000000000110100000001110100000001110000000000000000000000000000000000110000000000000000100000001000001000000000
000000000000001000100011000000000000000000000000000000000000001100000000000000000000000000000000000000000111100000000000000000000000000000000000000000000000000000000000000000000000000000000000000001100010000000101100000000010000000000000000000000000000000000000000000000000000010000000100010000000000
000000000000001000100011100000000000000000000000000000000000000100000000000000000000000000000000000000000100000000000000000000000000000000000000000000000000000000000000000000000000000000000000000000111100000000000010000000100000000000000000000000000000000000000000000000001001010000000011100000000000
000000000000001000100111110000000000000000000000000000000000111000000000000000000000000000000000000000000000000000000000000110000000000000000000000000000000000000000000000000000000000000000000000000001000000000110101000000000000000000000000001000000000000000000000000000011000100111000000000000000000
000000000000000100000100011000000000000000000000000000000000011000000000000000000000000000000000000000000000000000000000001010000000000000000000000000000000000000000000000000000000000000001110000000000000000001000000000000000000000000000000010100000000000000000000000000110100000000000000000000000000
000000000000000000010100000000000000000000000000000000000000110000000000000000000000000000000000000000000000110000000000000100000000000000000000000000000000001000000000000000000000000000000000000000000000000000100101000000000000000000000110110110000000000110000000000000001000000000000000000000000000
000000000000000000011000000000000000000000000000000000000000111000000000000000000001000000000000000000000000110000000000000000000000000000000000000000000000001000000000000000000000000000000000000000000000000000011101010110000100000000001001001100000000000110000000000000000000000000000000000000000000
000000000000000000110100000000000000000000000000000000000000100000000000000000000010110000000000000000000000000000000000011000000000000000011000000110000000001000000000000000110000000000000000000000000000000000000000110001000110001000000110000000000000000000000000000000000001001100000001100000000000
001100000000000000000000000000000000000000000000000000000000000000000000000000000010110000000000000000000000000000000000111000000000000000100100000110000000000000000000000000110000000000000000000000000000000011000000010000100000000100000000000000000000000000000000001100000001001000000010010000000000
001100000110000000000010100000000000000000000000000000000110001000000000000000011000000011000000000000000000000000000011100000000000000000011000000000000000000000010000000000000000000000000000000000000000000011000000001001000000000000000000000000000000000000000000001100000001011000000010100000000000
000000000111100000000001100000000000000000000000000000001000000000000000000000010000100100110000000000000000000000001000100000000000000000000000000000000000000000010000000000000000000000000000000000000000000000000000001100000000110000001001110000000000000000000000000000000001010000000001000000000110
000000001000100000000000000000001000000000000000000000001000011000000000000000011000100110000000000000000000000000001101000000000000000000000000000000000000000000010000000000000000000000000000000000000000000011000000000110000001010000010000010000000000000000000000000000000001011000000000000000000110
000000000111000000000011000000001000000000000000000000000111000000000000000000000110000110001000000000000000000000000110000000000000000000000000000000000000000000000000000000000000000000000000000000000000000010100000000000001000100000010010010000000000000000000000000000000000000000000000000000000000
000000000111000000000010000000010100000100000000000000000000101000000000000000000000000000110000000000000000000000000000000000000000000000000000000000000000000000000111000000000000000000000000000000010000000110100000000000010100000000001111100000000000000000000000000000000000011000000000000001100000
000000000000000000000000000000010011101011000000000000000000100000000000000000000000000000000000000000000000000000000000000000000000000000000000000000000000000000000000000000000000000000000000000010110100000001000000000000100100000000000000000000000000000000000000010000000000000000001100000001100000
000000000000000000000000000000010001101011000000000000111000000000000000000000000000000000000011000000000000000000000000000000000000000000000000000000000000000000000000000000000000000000000000000111110100000000000000000000011000000000000000001010000000000000000001010000110000000000010010000000000000
000000000000000000000000000000000000101011000000000000100100000000000000000000000000000000001001000000000001100000000000000000000000000000000000000000001000000000000000000000000000000000000011101001100000000000000000000000000000000000000001001010000000000000000011000000110000000000001100000000000000
110000000000001100000000000000000000000100000000000000011110000000000000000000000011000000010001000000000001010000000000000111000000000000000000000000010100000000000000000000000000000001100100000100100000000000000000000000000000000000000011111100000000000000000000000000000000000000000000000000000000
110000000000001100000000000000000000000000000000000000000000100000000000000000000011000000001010000000000001110000000000000010000000000000000000000000010110000000000000000000000000000010011110111110110000000000000000000000000001100000000110010000000000110000000000000000000000000000000000000000000000
000000000000000000000000000000000000000000000000001000000010100000000000000000000000000000000100000000000000011000000000011000010000000000000011000000100110000000000000000000000000000010011001001110100011000000000000000000000001100000001100101000000000101000000110000000000000000000000000000000000000
000000000000000000000000000000000000000000000000001000000001000000000001100000000000000000000000000000000000000111000000010000000000000000000011000110010110000000000000000000000000000001100000111001000100011000000000000000000000000000011000011000000000011000000111000000000000000000000000000000000000
000000000000000000010000000000000000000010000000000000000000000000000001111000000000000000000000000100000000000010000010000000000000000000000000000101110110000000000000000000000000000000000000111000000000011000000000000000000000000000001010010100000000000000000000000000000000000001000000000000000000
000000000000000000101000000000000000000101000000000000010000000000000100001100000000000000000000001110000000000000000101001101000100000000000000000111001110000000000000000000000000000000000000011100000000000000000000000000000000000000000110000110000000000000000000000000000000000010100000000000000000
000000000000000000101000000000000000001100100000000001101100000000001110100000000000000001100000011111000000000000000011100011101001100000000000000010001110000000000000000000000000000000000000000000000000000000000000000000000000000000000000001100000000000000000000000000000000000010010000000000000000
000000000000000000010000000000000000000011000000000000001100000000001000000000000000000010010000100000100000000000000001110000010100100000000000000011100110000000000000000000000000000000000001000100000011011000000000000000000000000000000000000100000000000000000000000000000000000001100000000000000000
000000000000000000000000000000000000000000010000000000000000000000000010000000000000000010100001100100110000000000000010100000000000110100000000000001011010001000000000000000000000000000000000000000000000000000000000000000000000000000000000000000000000000000000000000000000000000000000000000110000000
000000000000000000000000000000000000000000110000000000000000000000100000100000000000000001000011101010111000000000000100010000000001110010000000000000111010001000000000000000000000000000000000000110000001110000000000000000000000000000000000000100110000000000000000000000000000000000000000001001000000
000000011100000000000000000000000000000000000000000000001100000001000100000000000000000000000001100100110000000000001001010000001001110011000000000000000000001000000000000000000000000000000000111111000001110000000000000000100100000000000000000000000000000000000000000000000000000000000000000101000000
000000000000000000000000000000000000000000000000000000011010000001000000000000000000000000000000000000100000000000000000001000010100110101000000000000001100000000000000000000000000000000000001000001000000000000000000000000100100000000000000000000000000000000000000000000000000000000000000000010000000
000000000001000000000000000000000000000000000000000000001110000000101010000000000000000000000000010000000000000000000100001100010000100010000000000000001100000001000000000000000000000000000001000001000000000000000000000000101000000000000000000000000000000000000000000000000000000000000011000000000000
000000000001000100000000000000000000000000000000000000000100000000001010000000000000000000000000010100000000000000000010000000001101000000000000000000010010000011100000000000000000000000000000000010000000000000000000000000000000000000000000000000000000000000000000000000000000000000000100100000000000
000000000001000100000010000000001100000000000000000000000000000000011100000000001100000000000000100100000000000000000000000100000011000000000000000000010000000110110000000000000000000000000001100000000000000000000000000000000000000000000000000000011000000000000000000000000000000000000001100000000000
000000000000000100000010000000010000000000000000000000000000000000001100000000000110000000000000110110000000000000000001011000000000000000000000000000000000000110100000111000000000000000000001000000000000000000000000001110001000000000000000000000001100000000000000000000000000000000000000000000000000
000000000000000000000010000000001011000000000000000000000000000000000000000000010110001010000000010100000000000000000101011000000000000110000000001111110000000111000110001000100000000000000000000000000000000000000000001101001100000000000000110000011000000000000000000000000000000000000000000000110011
000001000000000000000000000000000111111000000000000000000000000000000000000000110110000010000000001000000110000000001000000000000000001010000000000111011000101001001000001000011000000000000000110000000000000000000001100000101000000000000001100010000000000000000000000000000000000000000000000000110011
000001000000000000000000000000000111000000000000000000000000000000000000000000010100100000000000000000001110000000000000000000000000001110001000100011001111000010011010001001101100000000000000110000000000000000000011000110100000000000000000101110000000000000000000000000000000000001000001000000000000
000001000000000000000000000000000000110000000000000000000000000000000000000000001001000000000000000000100001000000000000000000000000001010110110100111010100000001011010111100010110000000000000001000000000000000000001100000101100000000000000011000000000000000000000000000000000000001001101100000000000
000000000000000000000000000000000000000000000000000000000000000000000000000000000000001000000000000000110000000000000000010000000000000100000110100110011001000010000011000000000100000000100000010000000000000000000001100000101100000000000000000000000000000000000000000000000000000000111100000000000000
000000000000000000000000000000000000000010100000000000000000000000000000000000000000000000000000000000100000000000000010000000000000000000000000000110110000101000000000000000001000000001110000000000000000000000001100001100110010000000000000000000000000000000000000000000000000000000100110000000000000
000000000000000000000000000000000000000000100000000000000000000000000000000000000000110110000110000000000000000000000000010100000000001110000010001100111000000000000100001000010000000011011000000000000011000000001110001100011100000000000000000000000000000000000000000000000000000000011000000000000000
000000000000000000000000000000000000000001110001100000000000000000000000000000000000100110000110000000000001100000100000010110000000011001100000000000110000000000001100000111100000000011100000001000001001000000010000001000001100010000101000000000000000000000000000000000000000000000000000000000000000
000000000000000000000000000000000000000000010111010110000000000000000000000000000000011000000000000000000001001011011000111110000000000000100010100100011000000000100110000000000000000001110100010010000001000000001100100000000101100000000100000000000000000000000000000000000000000000000000000000000000
000000000000000000000000000000001100001100001111110101000000000000000000000001100000001100000000000000000000001010000000001001000010000000000000101000001000000000000110000000000000000001000110100010001010000000001111000000000001000000000100000000000000000000000000000000000000000000000000000000000000
000000000000000000000100000000000000000100000001001001000000000000000000000010010000011100000000000000000001100100010000111001110010000000000000101100011000000000001000000000000000000001101110000001000100000000000010000000000000000110101000000000000000000000000000000000000000000000000000000000000000
000000000000000000010001000000000000000001000000000011100000000000000000000010100000010100000000000000000000000000010000000010110010000010010000000010100000000100010000000000000000000000010000011101100000000000000000000000000000000100000000000010000000000000000000000000000000000000000000000001000000
000000000000000000100000100000000000001100100010011010000000000000000000000001000000011000000000000000000000000010000000000111000000000001001010000000000000000100100000000000000000110001100000001100000000000000000000000000000000000000000000000001000000000000000000000000000000000000000000000010100000
000000000000000000110000000011100000011101101000000000000000000000000000000000000000000000000000000000000000000000000000000011000000000100101011000000000000000011000000000000000000110000000000000000000000000000000000000000000000000000000000010000100000000000000000000000000000000000000000000010100000
000000000000000000100000000101010000110000101000000000000000000000000000000000000000000000000000000000000000000000101000000000000000000011000100000000000000000000110000000000000000000000000000000000000000000000000000000000000000000000000000100000100000000000000000000000000000000000000000000001000000
000000000000000000000000000000010000101110001011000000000000000000000000000000000000000000000000000000000000000001100000000000000000100011000000000000000000000000110000000000000000000000000000000000000001110000000000000000000000000000000000011101100010000000000000000000000000000000000000000000000000
000000000000000000000011000000100000011111000000000000000000000000000000000000000000000000000000000001100000000011001000000000000001010000011000000000000000000000000000000000000000000000000000000000000001001000000000000000000000000000000000001101000001000000000000000000000000011000000000000000000000
000000000000000000000000110000100000010000011100000000000000000000000000000000000000000000000000000010010000000100011000000000000010000000100000000000000000000000000000000000000000000000000000001000000001011000000000000000000000000000000000000111000110000000000000000000000000011000000000000000000000
000000100000000000000000001110000000101000011100000000000000000000000001000000000000000000000000000001010000000011000011000000000010110000000000000000000000000000000000000000000000011000000000111101000000000000000000110000000000001100000000000000000100000000000000000000110000000000000000000000000000
000001010000000000000000000000011100101000001100000000001100000000000001000000000000000000000000000000011000000001000110000000000000100000000000000000000000000000000001000000000000101000000000100001000000000000000000110000000000001100000000000000000000000000000000000001010000000000000000000000000000
000001010000000000000000000000100010010000000000000000010100000000000000010000000000000000000000000000000000000000011100000001000111000000000000000000000000000001100001000000000000110000000000000000000000011000000000000001100010000000000000000000000000000000000000000000100000000000000000000000000000
000000100000000000000000000000000011100000000000000000011000000000000010111000001000000000000000000000000000000000011000000010100010000000000000000000000000000001100001000000000000000000000000010000000000011100000000000010010001000000000000000000000000000000000000000000000000000000000000000000000000
000000000000000000000000000001000111000000000000000000000000000110000010000100001000000000000000001110000000000000000000000010010000000000000000000000000000000000000000000000000000000000000000000010000001000100000000000010011101000000000000000000000000000000000000001000000000000000000000000000000000
000000000000000000000000000001000000100000000000111000011000000110000000111000001000000000000000000000000000000000000000000001100000000000000000010000000000000000000000000011000000001000000000000110000001011100000000110001101010000000000000000000000000000000000000001000000000000000000000000000000000
000000110000000000000000000000000000000000000000000000011000000000000110011000000000000000000000000000000000100000000000000000000000000000000001110000000000000000000000000011000000010100000000000000000000000000000001001000101100000000000000000000000000000000000000001000000000000000000000000000000000
000000110000000000000000000000110111100000000000000000000000000000000110000000000000000000110000000000000001101010000000000000000000000000000010000000000000000000000000000000000000000000000000000000100000011110000000011001100000000000000110000000000000000000000000000000000000000000000000000011100000
000000000000000000000000000000000110100000010000000000000000000000000000000000000000000000110000000000000110000001000000000000000000000000000000000000000000000000000000000000000001100010000000000000110000110010000000000000110000000000001001000000000000000000000000000000000000000000000000000010100000
000000000000000000000111000000000111000000101000000000000001100000000000000001110000000000000000000000001000100000000000000000000000000000000000000101000000000000000000000000000010111011000000000000010011111110000000000010000000000000000110000000000000000000000000000000000011000000000000000100100000
000000000000000000000000000000000000000000100100000000000001010000110000000010001000000000000000000000100000001001000000000000000000000000000000010000100000000000000000000000000010001000000000000000010111010100000000000000010000000000000000000000000000011000000000000000000100100000000000000101000000
000000000000000000000000000000000000011100011000000000001000100000001000000010000100000000000000000000100000101100000000000000000000000000000000101011000000000000000000000000000000001001000000000000010010001001000000000001000000000000000000000000000000011000000000000000000011000000000000000111000000
000000000000000000111000011110000000000000000000000000011111000000110000000011100010000011000000001001000001101000000000000000000000000000000000110000000000000000000000000000000000000111000000000000001100000000000000000000000000000000000000000000000000000000000000000111000000000000000000000000000000
000000000000000000010000011101000000000000000000000000000001000000000000000000010000000011000000010110110000101000000000000000001110011100001100000000000001110000000000100000000000000101000000000000000000010011000000000000010000000000000000000000000000000000000000000000000000000000000000000000100000
000010000000000000011000000001000000000000000110000100001000100000000000000000000001000000000000110110110111010000000000000000000000000000001100000000000010001000000000100000000000000111000000000000000000111001011000000000010000001000000000000000000000000000000000000000000000000000000000000011000000
000101000000000000011100100101100000000000000110001010001011000000000000000000000000000000000000010010000011100000000000000000000000000000000000000000000000000000000000100000000000001011000000000011000000111000110110000000010000010100000000000000000000000000000000001000000000000000001110000000010000
000110000000000000001100100101100010000000000000001100101000000000101000000000001110000000000000011011000000000000000000000000000000000000000000010000000100000100000000000000000000011000000000000011000000000000000110000000000000001000000000000000000000000000000000010100000000000000000010000000100000
000000000000000000000000000101100011100000000000000110011100000000100010000000000000000000000000001010000000000000000000000000000000000000000000101000000010001000000000000000000000011000001100000000000000000000000111000111000000000000000000000000000000000000000000010100000000000000000110011100100000
000000000000000000000000001100010100010000000000000110011000000000000011000000000000000000000000000100000000000000000000000000000000000000000000101000000000000000000000000000000000000000001110000000000000000000000011000000011100000000000000000000000000000000000000001000000000000000010000111001000000
000000000000000000000000000111011110000000000000000010011000000000001001000100000000000000000000000000000000000000000000000000000000000000000000010000000000000000000000000000000000000010101100000000000000011001101110000000000000000000000000000000000000000000000000000000000000000000011100100011000000
000000000000000000000000000000011100010000000000000001110000000000000110111011000000000000000000000000000000000000000000000000000000000000000000000000000000000001100000000000000000000010101101000000000000100000011100000000000000000000000000000000000000000000000000000000000000000000001110000011000000
000000000000000000000000000011000011000000000000000000100000000000000010001011000000000000000000000000000000000000000000000000000000000000000000000000000000010001100000000000110001100100001001100000000000010011100000000000000000000000000000000011000000000000000000000110000000000000000111010000000000
000000000000000000000000000001100000000000000000000000000000010010000000011110000000000000000000000000000000000000000000000000000000000000000000000000101000001000000000000001100011101100000011000000000110001110000000000000000000000000000000000100110000000000000000000110000000000000000100000110000000
000000000000000000000000000001100000000000000000000000000001000010000110010000000000000000000010000000000011000000000000000000000000000000000000000000111000110000000000000010000000100110101100000011010001000000000000000000110000000000000000001100010000000000000000000000000000000000000100001100000000
000000000000000000000000000000000000000000000000000000000111000100000110000000000000000001100011000010000100100000000000000000000000000000000000000000001000100000000000000001110001000000001000000001000001000000000000000000110000000000000000001100010000000000000000000000000000000000000110100010000000
000000000000000000000000000000000000000000000000000000000100010000000111000000000000000001010000001111000100100000000000000000000000000000000000000000000000000000000000000000111111100000000000011000010010001000000000000000000000000000000100110111100000000000000000000000000000000000000010100000000000
000000000000000000000001010000000000000000000000000000000011010000000000000000000000000000111000110001100011000000000000000000000000000000000000000000000000000000000000000000000001110000000000000100001100001110000000000000000000000000001000101110000000000000000000000000000001100000000010001100000000
000000000000000000000001110000000000000000000000000000000010010000000000000001000000000000010000100000110000000001110000000000000010000000000000000000000110000000000000000001100110110000000000001000000000000100000000000000000000000000000110110000000000000000000000000000000011110000000000001100000000
000000000000000000000001000000000000000000000000000110000010000100000000000010000000000000000100101000111000000000000000000000000110000000000000000000000101000000000000000001100010000000000000001010000000000010000000000000000000001100000111000000000000000000000000000000000111011000100000001100000000
000000000000000000000000111011000010000000000000000110110010101110000000000001000000000000000011111100110000000000000000000000000110000000000000000000001001000000000000000010001101010000000000000110000000000000000000000000000000001100000000000000000000000000000000000001101000110000100011011000000000
000000010000000000000000101011000011000000000000000110000101101010000000000000000000000000000011101101100000000000000000000000000000000000000011100000001000101110000000000010001000101000000000000000000000000000000000000000000000000000000000000000000000000000000000000001110000110000000000000000000000
000000010000000000000000001000001010000000000000000000111000111000000000000000000000000000000000000111000000000000000000000000000000000000000011010000011000000000000111000001001000010000000000000000000000000110000000000000000000000000000000000000000000000001000000000001011001100000000000000000000000
000000010000000000000000011000001100000000000000011100100001110010000000000000000000000000110000000010000000000000000000000000000000000000000100011000001000100000000000000000100000000000000000000000000000000110000000000000000000000001110000000000000000000010100000000011000011100000000000000000000000
000000000000000000000000110011000000000000000000011100001111001010000000000000000000000000011000000000000000110000000000000000000000000000000001100110000111100000000000000000000000000000000000000000000000000000000000000000000000000000000000000000000000000010100000000101100010000000000000000000000000
000000000000000000000000100000000000000110000000011000000000000000000000000000000000000000000000000000000000110000000000000000000000000000000010010110000000000000000000000000000000000000000000000000011000000000000000000000000000000000000000000000000000000001000000000101000010100000000000000000000000
000110000000000000000001011000000000000110000000000000011000000100000000000000000000000000000000000000000000000000000000000000000000000000000001110000000100000000000000000000000000000000000000000000100100000000000000000000000000000000000000000000000000000000000000001100000001000000000000000000000000
000110000000000000000000101000000000000000000000000000011010000000000000000000000000000000000000000000000000000000000000000000000000000000000000100000000110000000000000000000000000000000000000000000011000000000000000000000000000000000000000000000000000000000000000000000000001000000000000000000000000
