300 300
000000000000001100001000000000000000000000000000000000000000000000000000001100000000000111111000000000000000000000000000000000000000000000010000000000000000000000000000000000000000000000000000000000000000000000000000001100000000011000000000000000000000000000000000000000000000000000000010000000000000
000000000000010010001000000000000000000000000000000000000000000000000000001100000011000100011110000000000000000000000000000000000000000000101000000000000000000000000000000000000000001100000111000000000000110000000000010010000000100100001100000000000000000000000000000000000000000000000010000000000000
000000000000001100001000000000000000000000000000000000000000000000000000000000000011000111110010000000000000000000000000000000000000000000101000000000000000000000000000000000000000001100000000000000000000110000010000010010000000011000010010000000000000000000000000000000000000000000000010000000000000
000000000000000000000000000000000000000000000000000000000000000000000110000010001100000110110110000000000000000000000000000000000000000000010000000000000000000000000000000000000000000000000000000000000000000000010000001100000000000000010100000000000000000000000000000000000000000000000000000000000000
000000000000000000000000000000000000000000000000000000000000000000001001000101011000000010010000000000000000000000000000000000000000000000000000000000000000000000000000000000000000000000000000000000000000000000010000000000000000000000001000000000000000000000000000000000000000000000000000000000000000
000000000000000000000000000000000000000000000000000000000000000000000110000000000010000001011000000000000000000000000000000000000000000000000000000000000000000000001000000000000000000000000000000000000000000000000000000000000000000000000000000000000000000000000000000000000000000000000000000000000000
000000000000000000000000000000000000000000000000000000000000000000000000010000100001000000100000000000000000000000000000000000000000000000000000000000000000000000011100000000000000000000000000000000000000001100000000000000000000000000000000000000000000000000000000000000000000000000000000000000000000
000000000000000000000000000000000000000000000000000000000000000000000000000010100011000000000000000000000000000000000000000000000000000000000000000000000000000000100110000000000011000000000000000000000000001100000000000000000000000000000000000000000000000000000000000000000000000000000000000000000000
000000000000000000000000000000000000000000000000000000000110000000000000010000011100000000000000000000000000000000000000000000000000000000000000000000000000000001100000000000000011000000000000000000000000000000000000000000000000000000000000000000000000000000000000000000000000000000000000000000010000
000000000000000000000000000000000000000000000000000000000101000000000000001001111000000000000000000000000000000000000000000000000000000000000000000000000000000001010000000000000000000000000000000000000000000000000011000000000000000000000000000000000000000000000000000000000000000000000000000000010000
110001100000000000000000000000000000000000000000000000000010000000000000000011100000000000000000000000000000000000000000000000000000000000000000000000000000000000110000111000000000000000000000000000000000000000000000000000000000000000000000000000000000000000000000000000000000000000000000000000010000
110001100000000000000000000000000000000000000000000000000000000000000000000000000000000000000000000110000000000000000000000000000000000000000000000000000000001100011000111100000000000000000000000000000000000000001100110000000000000000000000000000000000000000000000000000000000000000000000000000000000
000000000000000000000000000000000000000000000000000000000000000000000000000000000000000000000000000110000000000000000000000000000000000000000000000000000000001100001100010110000000000000000000000000000000000000000000110001000000000000000000000000000000000000000000000000000000000100000000000000000000
000000000000000000000000000000000000000000000011100000000000011000000000000000000000000000000000000000000000000000000000000000000000000000000000000000000000000000011000001111000000000000000000000000000000000000000000011001000000000000000000000000000000000000000000000000000000001010000000000000000000
000000000001100011000000000000000000000000000000000000000000011000000000000000000000000000000000000000000000000000000000000000000000000000011000000000000000000000110000110101000000110000000000000000000000000000000000001101000000000000000000000000000000000000000000000000000000010000000000000000000000
000000000001100011000000000000000000000000000000000000000000000000000000000000000000000000000000000000000000000000000000000000000000000100011000000000000000000001010000101101000001001000000000000000000000000000000000101100000000000000000000000000000000000000000000000000000110110000100000000000000000
000000000000000000000000000000000000000000110000000000000000000000000000000000000000000000000000000000000000000000000000000000000000001010000000000000000000000001100010001110000000110000000000000000000000000000000000010000000000000000000000000000000000000000000000000000001010010111100000000000000000
000000000000000000001000000000000000000000110000110000000000000000000000000000000000000000000000001000000000000000000111000000000000000110000000011000000000000000100110000000000000000000111000000000000000000000000000000000000000000000000000000000000000000000000000000000001000000000100000000000001100
000000000000000000001000000000000000000000000000110000000000000000000000000000000000000000000000011110000000000000000000000000000000000000000000011000000000000000011100000000000000000000000000000000000000000000000110000000110000000000000000000000000000000000000000000000000111000000100000000000010100
000000000000000000001000000000000000000000000000000000000000000000000000000000000000000000000000100110000000100000000000000000000000000000000000000000000000000000001000000000000000000000000000000000000000000000001010111000101000000000000000000000000000000000000000000000000000010100100000010000001000
000000000000000000000000000000000000000000000000000000000000000000000000000000000000000000000000100001000010100000000000000001110000000000000000000000000000000110000001110000000000000000000000000000000000000100000001111000010000000000000000000000000000000000000000000000000000000010000000101000000000
000000000000000000000011100000000000110000000000000000000000000000000000000000000000000000000011001111000000000000000000000000000000000000000000000000000000000110000000000000000000000000000000000000000000000000101010010000000000000000000000000000000000000000000000000000000000000000000000101000000000
000000000000000000000000000000000000110000000000000000000000000000000000000000000000000000001101111110001110000000000000000000000100000001100000000000000000000000000000000000000000000000000000000000000000000100000100000000000000000000000000000000000000000000000000000000000000000000000000010000000000
000000000000000000001000000000000000000000000000000000000000000000000000000000000000000000000001100000011100000000000000000000000100000001100000000000011000000000000000000000000000000000000000001100000000000000100000000000000000000000000000000000000000000000000000000000000000000000000000000000000000
000000000000000000001000000000000000000000000000000000000000000000000000000000000000000000000010000000000010000000000000000000000100000000000000000000100100000000000000000000000000000000000000001100000000000010000000000100000000000000000000000000000000000000000000000000000000000000000000000000011100
000110000000000000001000000000000000000000000000000000000000000000000000000000000000000000000000000000001100000000000000000000000000000000000000000000101000000001100000000000000000000000000000000000000000000000000000011010000000000000100000000000000000000000000000000000000000000000000000000000000000
001001000000000000000000000000100000000000000000000000000000000000000000000000000000000000000000000110000000000000000000000000000000000000000000000000010000000001100110001100000000000000000000000000000110000000000000010010000000000001010000000000000000000000000110000000000000000000000000000000000000
001010000001100000000000000001010000000000000000000000000000000000000000000000000000000000000000001010000000000000000000000000000000000000000000000000000000000000000110000000000000000000110000000000000110000000000000011100000000011001010000000000000000000000000110000000000000000000000000000000000000
000100000010010000000000000001010000000000000000000000000001100000000000000000000000000000000000000000000000000000000000000000000000000000000000000000000000000000000000000100110000000000110000000000000000000000000000000000000000011000100000000000000000000000000000000000000000000000000000000011000000
000000000001010000000000000000100000000000000000000000000001100000000000000000000000000000000000000000000000000000000000000000000000000000000000000000000000000000000000000100000000000000000000111000000000000000000000000000000000000000000000000000000000000000000000000000000000000000000000000100100000
000000000000100000000000000000000000000000000000000000000000000000000000000000000000000000000000100000000000000000000000000010000000000000000000000000000000000000000000100100000000000000000000100000000000000000000000000000000000000000000000000000000000000000000000000000000000000000000000000011000000
000000000000000000000000000000000000000000000000000000000000000000000000000001100000000000000001100000000000000000000000000101000000000000000000000000000000000000000000001000000000000000000000111000000000000000000000000000000000000000000000000000000000000000000000000000000000000000000000000000000000
000000000000000000000000000000000000000000000000110000000000000000000000000001100000000000000010100000000000000000000000000010000000000000000000000000000000000000000000000000000000000000000000000001101100000000000000000000000000000000000000000000000000000000000000011000000000000000000000000000000000
000000000000000000000000000000000000000000000000110000000000000000000000000000000000000000011011000000000000000000000000000000000000000000000000000000000000000000000000000000000000000000000000000010000100000000000000000000000000000000000000000000000000000000000110011000000000000000000000000000000000
000000000000000000000000000000000000000000000000000000000000000000000000000000000000000000001110000000000000000000000000000000000000000000000000000000000000001000000000000000000000000000000000000000000100000000000000000000000000000000000000000000000000000000000111000000001100000000000000000000000000
000000000000000000000000000000000000000000000000000000000000000000000000000000000000000000000100000000000000000000000000000000000000000000000000000000000000010100000000000000000001000000000000100000011000000000000000000000000000000000000000000000000000000000000110100000001100000000000000000000000000
000000000000000000000000000000000001100000001000000000000000000000000000000000000000000000000000000000000000000000100000000000000001000000000000000000000000100100000000000000011010100000000000011100000000000000000000000000000000000000000000000000000000000000000000000000000000000000000000000000000000
000000000000000000000000000000000010010110011110000000000000000000000000000000000000000000000000000000000000000001010000000000000010100000000000000000000000011000000000000000011011000000000000000110000000000000000000000000000000000000000000000000000000000000000000000000000000000000000000000000000000
000000000000000000000000000000000100010110010001100000000000000000111000000000000000000000000000000000011000000000100000000000000010100000000000000000000000001000000110000000000000000000000000001110000000000000000000000000000000000000000111000000000000000000000000000000000000000000000000000000000000
000000000000000000000000000101000010000000000100100000000000000000100100000000000000000000000000000000011000000000000000000000000001000000000000000000000000001110001001000000000000000000000000000000000000000000000000000000000000000000000000000000000000000000000000000000000000000000000000000000000000
000111000000000000000000000100100000000010000100100000000000000001000100001000000000000000000000000000000000000000000000000000000000000000000000000000000000001110000110000000000000000000000000001110000000000000000000000000000000000000010000010000000000000000000000000000000000000000000000000000001100
000000000000000000000000000101000000100010000011000000000000000000100110010100000000000000000000000000000000000000000000000000000000000000000000000000000000100000100000000000000000000000000000001110000000000000000000000000000000000000010000010000000000000000000000000000000000000000000000000010001010
000000000000000000000000000000000000001100000000000000000011000000001000011000000000000000000000000000000000000000000000000000000000000000000000000000000000101010100000000000011000000000000000000000000000000000000000000000000000000000010000010000000000000000000011000000000000000000000000001101100110
000000000000000000000001100000000000000000000000000000000011000000110000000000000000000000000000000000000000000000000000000000000000000000000000000000000000000000000000000000100100000000000000000000000000000000000000000000000000000000000000000000000000000000000011000000000000000000000000001100000000
000000000000000000000001110000000000000000000000000000000000000001110000000000000000000000000000000000000000011100000000000000000000000000000000000000000000010101010000000000010100000000000000000000011000000000000000000000000000000000000111000000000000000000000000000000000000000000000000001000000000
000000000000000000000010111000000000000000000000000000000000000001110000000000000000000000000000000000000000000000000000000000100000000000000000000000000000010000010000000000001000000010001000000000100100000000000000000000000000000000000000000000000000000000000000000000000000000000000000000011100000
000000000000001100000011000000000000000000010100000000000000000000000000000000000000000000000000000000000000000000000000000001000000000000000010000000000000000111000000000000000000000100000101000000011000000100000000000000000000000000000000000000000000000001000000000000000000000000000000000101000000
000000000000010010000000011000000000000001100000000001100000000000000000000000000000000000000000000000000000000000000001011001000000000000000001100000000000000111000000000000000000001000001110100000000000000100000000000010000000000000000000000000000000000010100000000000000000000001000000000111000000
000000000000001010000000010000000000000010000000000001010000000001110000000000000000000000000000000000000000000000000111111000000000000000000000000000000100000000000000000000000000001001010100010000000000000100000000000101000000000000000000000000000000000010100000000000000000000111100000000010110000
000000000000000100000100010000000000000010100000000001001000000011011000000000000000000000000000000000000000000000000110110100000000000000000001100000001010000000000000000000000001001110000010100000000000000000000000000101000000000001110000000000000000000001000000000000100000001000000000000001000000
000000000000000000000001000000000000000010010000000000101000000110111000000000000000000000000000000000000000000000001000001100000000000000000000000000001100000000000000000000000001000001000000000111000000000000000000000010000000000010110000000000000000000000000000000011010000001001101000000000000000
000000000000000000000000000000000000000001010000000000001000000011000000000000000000000000000000000000000000011100011000000000000000000000000000000000000000000000000000000000000001000100100000000000000000000000000000000000000000000011011000110000000000000000000000000001100010000111110100000000000000
000000000000000000010101000000000000000000110000000000110000000001000000000000000000000000000000000000000000000000000011000000000000000000000000000000000000000000000000000000000000000101100000000000000000000000000000000000000000000000100001100000000000000000000000000000111101000000110110000000000000
000000000000000000011110000000000001100000000000000101000000000000101000000000000000000000000000000000000000000000011011000000000000000000110000000000000000000000000000000000000000000011100000100000000000000000000000000000000000000000111000000010000110000000000000000000111010000000000000000000000000
000000000000000000111100000000000001100000000000000000000000000000001000000000000000000000000000000000000000000000000001000000000000000001001000000000000000000000000000000000000000000000101001110000000000000000000000000000000000000000101000000111000110000000000000000001111110000001001000000000000000
000000000000000001010000000000000000000000000000000000000000000000000000000000000000000000000000000000000000000000000000000000000000000010101100000000000000000000000000000000000000000000110001010010000000000000000000000000000000000001100000000111100000000000000000000001010010000000000100000000000000
000000000000000001010000000000000000000000000000000000000000000000000000000000000000000000000000000000000000000000000000000000000000000010000000000011101000000000000000000000000000000000010000110001000000000000000000000000011000000000110000000000000000000000000000000000111101000000011100000000000000
110000000000000000100000000000000000000000000000000000000011000000000000011000000000000000000000000000000000000000000000000000000000000111000000000100010100000000000000000000000000000000000001100010000000000000000000000000011000000000001100010100000000000000000000000000010001100011100010000000001000
110000000000000000000000000000000000000000000000000000000011000000000000100100000000000000000000000000000000000000000000000000000000000110000000000100101100000000000000000000000000000000000001101000000000000000000000000000000000000000001100010110000000000000000000000000000011000000000110000000001000
000000000000000000000000000000000000000000000011000000000000001000000000011000000000000000000000000000000000000000000001100000000000000000000110000100000100000000000000000000000000000000000000000000000000000000000000000000000000000000010010100010000000000000000000000000000000000000001000000000001000
000000001100000000000000000000000010000000000011000000000000001000000000000000000000000000000000000000000000000000000000000000000000001000000110000010001000000000000000000000000000000000000000000000011000000000000000000000000000000000001000111100000000001000000000000000000000000000001000000000000000
000000010010000000000111000000000101000000000000000000000000001000000000000000000000000000000000000000000000000000000011100000000000011101010110000001000000000000000000000000000000000000000000000000011000000000000000000000000000000000001000001000000000001000000000000000000000000000000100000000000000
000000001100000000000010000000000011000000000000000000000000000000000001100000000000000001000000000000000000000000000011111100000000011101001000000000110000000110000000000000000000000000000000000000000000000000001110000000000000000000000001000000000000001000000000000000000000000110001000000000000000
000000000000000000000011000000000000000000000000000000011011000000000001100000000000000001000000000000000000000000000010111000000000000011101110000000000000000110000000000000000000000000000000000000000000000000000000000000000000000000000000000000000000000000000000000000000000000110000000000000000000
000000000000000000000001000000000000000000000000000000010001000010010000000000000000000001000000000000000110000000001100011000000000000000000101000000000000000000000000000000000000000000000000000110001101100000000000000000000000000000000000000000000000000000000000000000000000000000000000000000000000
000000000000000000000001000000000000000000000000000000001110000100010000000000000000000000000000000000000110000000000100000000000000000000000000000000000000000000000000000000000000000000000000001001001111010000011000000000000000000000000000000000000000000000000000000000000000000000000000000000000000
000000000000000000010000000000000000000000000000000000000000000110011000000000000000000000000000000000000000000000000000000000000000000000010000000000000000000000000000110000000000000000000000001001010000100000110010000000000000000001100000000000000000000000000000000000000001000000000000000000000000
000000000000000000101000000000000000000000000000000000000000001011110000000000000000000000000000000000000000000000000000000000000000000000000000000000011000000000000000110000000000000000000000001000000000100001100000000000000000000001100000000000000000000000000000000000000100110000000110000000000000
000000000000000000011000000000000000000000000000000000000000001010100010000000000000000001100000000000000000000000000000000000000000000000000000000000100100000000000000000000000000000000000000000100000000000000000000000000000000000000100011000000000000000000000000000000000100110000100001000000000000
000000000000000000000000000000000000000000000000000000000000000111001111000000000000000001100000000000000000000000000000000000000000000000000000000000011000000000000000000000000000000000000000000010000000000000000000000000000000000000000111000000000000000000000000000000000110001000010001000011100000
000000000000000000000000000000000000000000000000000000000000000010010000100000000000000000000000000000000000000000000000011000000001000000000010000000000000000000000000000000000000000000000000000001110100100000000000000000000000000000000111000000000000000000000000000000001100111000000000000011100000
000000000000000000000000000000000000000000000000000000000000000100011010100000000000000000000000000110000000000000000000011000000011100000000011000000000000000000000000000000000000000000000000000001110000100000000000000000001010000000000000000011100000000000000000000000001110010000000111010101000000
000000000000000000000000000000000000000001110000000000000000001010010000010000000000000000000000000110001000011000000010000000000110110000000000000000000000000000000000000000000000000000000000000001100100110000000000000000000011110000000000000000000000000000000000000000000111100001100010000110000000
000000000000000000000000000000000000000000010000000000000000010010001000010000000000000000000000000000001000010000110010000000001101000000101000001100000000000110000011100000000000000000000000000011100011000000000000000000000000110000000000000000000000000000000000000000000000000001100000001000000000
000000000000000000000000000000000000000001110000000010000001110001011001110000000000000000000000000000001000100010110000000000011000000000010001001110000000001001000000000000000000000000010000000001100000000111000000000000001100010000000000000000000000000000000000000000000000000000000000001100000000
000000000000000000000000000000000000000000000001000100010001001101000111000000011010000000000000000000000000100011111000000000110100000000100000101100000000000110000000000000000000000001110000000000000110001111011000000000000000010000000000000000000000000000000000000000000000000000000000101000000000
000000000000000000000000000000000000000001000001000000100001000111000000000000010101000000000000000100000000010010000000000000011000000000111001101001110000000000000000000000000000000010001001000000000000010001011000000000000000100000000000000000000000000000000000000000000000000000000000000001000000
000000000000000000000000000000000000000000100001000000100000110000000000111000000100110000000000001110000000001000000000000000001000000010001001110000000000000000000000000000000000000010111100100000000000010100000000000000000001000000000000000000000000000000000000000000000000000000000000110010110000
000000000000000000000000000000000000000001110000000001000000110110000001001000001000000000000000001001000000000000000000000000000000000100010000000000000000000000000000000000000000000001111111000000000000001110000000000000000000000000000000000000000000001000001110000000000000000000000000000100001000
000000000000110000000000000001000000000000110000111110000000000110000000001000101000000000001000100001100000000000000000000000000000000000110000000000000000000000000000000000000000011100000110000000000000000000000000000000001000000000000000000000000000011100000000000000000000000000000000000010000000
000000000001001000000000000001000000001100000000000000000000000000000000001011000000000000001000000101000000000000000000100000000000000111000000000000000000000000000000000000000000010110000000000000000000000001100000000000001010000000000000000000000000101100000000000000000000000000000000000001111000
000000000001010000001100000001100000100110000000010100000001000000100000000011011000000000001000100001000000000000000000110000000000000000000000000000000000000000000000000000000000001011000000000000000000000001100000000000001110000000000000000000000001100110010001000000000000000000000000000000100000
000000000000100000110010000000100000100110000000000000000011110000110000101101100000000000010000000011000000000000000001010000000000000000000000000000000000000000000000000000000110000011100000000000000001110001010011100000000000000000001100000000000000111100000000000000000000000000000000000000000000
000000000000000001000001000000100000110110000010100000001010001000001000011000000000011000110000000000000000000000000000000000000000000000000000000000000000000000000000000000000110000011110000000000000001001111100000100000000000000000010010000000000000011100001010000011000000000000000000001101100000
000000000000000010111010000000000000111000000011000000001001111000101000000000000000011000100100001010000000000000000000000000000011000000000000000000000000000000000000000000000000000010001000000000000000000000011000000000000000000000001100000000000000000000000100000110100000000000000000010011000000
000000000000000001000000000100000000111000000010001000000111011001001000000000000000000000011110000110000000000000000000000000000111000000000000000000011100000000000000000000000000000001101000011000110001000101111010000000000000000000000000000000000000000000000000000100010000000000000000001010000000
000000000000000000000000100010000000000000000001110000001001001101010000001100000000000000001001000000010000000000000000000000000000000000000000110000000000000000000000000000000000000000110000110000000111000000010000000000000000000000000000000100000000000000000000011001100000000000000000000100000000
000000000000000000000001000100000000000000000000000000001010010001100000010010000000000000000100000010010000000000000000000000000000000000000001001000000000000000000000000000000000000000000000110001100000100000000000000000000000000000000000001010000000000000000000010000000000110000000000000000000000
000000000000000000000000001000000000000000000000000000010001011011000000010010000000000000000110100000000001000000000000000000000000000000000000110000000000000000000000000000000000000000000010111000010110011000100000000000000000000000000000001010000000000000000001100000000001010000000000000000000000
000000000000000000000100000000000000000000000000000000010000110101000000001100000000000001110110110001010111000000000001110000000000000000000000000000000000000000000000000000000000000000000101101100000000000110000000000000000000000000000000000100000000000000000001100000010000100000000000000000000000
000000000110000000000000100111000000000011000000000000010000100001101000000000000000000000110110100111000010000000000001010000000000111000000000000000000000000000000000000000000000000000000001100000000000000000011100000000000000000000000000000000000000000000000000000001101100000000000000000000000000
000000000101000000000001000101000001100011000000000000001001100000110000000000010000000000011010011100000000000000000001001000000000111000111000000000000000000000000000000000000000000011000011001100010000000000101100000000000000000000000011000000011000000000000000000011101000000000000100000000000000
000000000010000000000001000001000001100000000000000000000110000000000000000000101000000000011000100000000000000000000001000110000000100000000000000000000000000000000000000000000000000011000000000000100100000000101100000000000000000000000100100000100100000000000000000010011010000000000100000000001100
000000000000000000000100100000000000000000000000000000000000000000000000000000101000000000001011111100000000000000000000110110000000000000000000000000000000000000000000000000000000000000000000000000010100000000011100000000000000000000000011000000011000000000000000000101101101000000000100000000001100
000110000000000000000110100000000000000000000000000000000000000000000000000000010000000000000010000000000000000000000000001110000000000000000000000000000000000000000000000000000000110000000000000000001000000000001110000000000000000000000000000000000000000110000000000010000011000000000000000000000000
000110000000000000000001000000000000000000000011000000010000000000010000000000000000000000000011000000000000000000000000000000000000000000000000000011000000110000000000000000000000110000000000000000000000000000000010000000000000000000000000000100000000000110000000000000000000000000000000000000000000
000000000000000000000000000000000000000000000011000001101100000000101000000000000000000000001011000010000000000000001000000000000000000000000000000100000001001000000000000000000000000000000000000000000011100000000000000000000001000000000000001010000000000000000000001100000000000000000000000000000000
000000000000000000000000000000000000000000000110000001100000000001001100000000000000000000010101110100000000000000010000001110000000000000000000000111000000111000000000000000000000000000001000000000000000000000000000000000000010100000000000001010000000000000000000010010000000000000000000000000000000
000000000000000000000000000000000000000000001100000001001100000000000000000000000000000000010101001100000000000000001000000000000000000000000000000000000000010000000000000000000000000000010100000000000000000000000000000000000010100000000000000100000000000000000000100000000000011100000001000000000000
000000000000001100000000000000000000000000010010000000001100000000000001101100000000000000000000001110000000000000000111001100000000000000000000000000000000000000000000000000000000000000010100000000000000000000110110000000000001000000000000000000000000000000000001111110000000000000000010100000000000
000000000000001100000000000000000000000000000101000000011100000000000000000100000000000000001110000010000000000000000011001100000000000000000001100000000000000000000000000000000000000000001000000000000000000000110110000000000000000000000000000000000000000000000000110110000000000001000100100000000000
000000000000000000000000000000000000000000000011000000001100000001110001000000000000000000000000001000000100000000000000001100000000000000000010011000000000000001111000000000000000000000000000000000000000000000001000011000000000000000000000000000000000000000000000110100000000000001000011000000000000
000000000000000000000000000000000000000000100000000010110000000000000000111100101000000000000000011111001010000000000000000000000000000000000100000100000000000010111000000000000000000000000000000000000000101000000000011000000000000000000000000000000000000110000000100010000000000001000000000000000000
000000000000000000000000000000000000000001010000000101100000000101000000000000010000000000000000110110001100000000000000000000000000110000000010010001000000000110000100000000000000000100000000000000000000100100000000000000000000000000000000000000000000000110000000011100000000000000000000000000000000
000000000000000000001100000000000000000001100000000011000000001001100000000000000000000000000000110000000000000000000000011000000000110000000000000101000000000100110110000000000000001010000000000000000000101000000000000000000000000000000000000000000000000000000000000000000000000000000000000000000000
000000000000000011001100000000000000000000000000000000000000010000100000000000000000000000000000000000000000000000000000011000000000000000000000000000000000000011101001011100000000001011000000000000000000111000000000000000000000000000000000110000000000000000000000000000000000000000000000000000000000
000000000000000011000000000000000000000000001000000000000000001000100000100000000000000000000000010000000000000000000000000000000100000000000000110000000000000000001000100100000011001010000000000000000011011000000000000000000000000000000000110000000000000000000000000000000000000000000000000000000000
000000000000000000000000000000000000000000011100000000000000001001000000100000000000000000001000101000000000000000000000000000001010100000000001001000000000000000001001110000000011001010000000011000000000001000000000000000000000000000000000000000000000000000000000000000000000000000000000000000000000
000000000000000000000000000000000000000000100100000000000000000000000000010000000000000000001000000100000000000000000000000000001011110000000000100110000000000000000101100110000101001100000000000000000010001000000000000000000000000000000000000000000000000000000000000000000000000000000000000000000000
000000000000000000000000000000000000000000111100000000000000000000000000011000000000000000001000111000000000000000000010000000000111110000000000010001000000000000000001000000111001100000000011000000000000000000000000000000000000000000000000000000000000000000000000000000000000000000000000000000000000
000000000000000000000000000000000000000000011000000000000000000000000000111000000000000000000000100000000000000000000000000000000000000000000000001101100000000000000001100100000000000000000011001000000000000000000000000000000000000000000000110000000000000000000000000000000000000000000000000000000000
000000000000000000000000000000000000000000000000000000000000000000000000010000000000000000000011100000000000000000000000000000000010000000000000000000001100000000011100000110011000000000000001100001100000000000000000000000000000000000000000100100000000000000000000000000000000000000000000000000000000
000000000000000000000000000000010000000000000000000000000000000000000000101000000000000000000000000000000000000000000000000110000000000000000000000001101100000000011000010000100000000000000000000010010000000000000000000000000000000000000000000100000000001100000000000000000000000000000000000000000000
000000000000000011100000000000110000000000000000000000000000000000000000101000000000000000000000000000000000000000000000111011000000000000000110000000000000000000000001001000000000000000000000000110001000011000000000000000000000000000111000010100001100001100000000000000000000000000000000000000000000
000000000000000000000000000000100000000000000000000000000000000000000000110000000000000000111000000000000000000000000000111000000000000000001001000000000000000000010001001000000000000000000000000110110000011000000000000000000000000000100000000000001100000000000000000000000000000000000000000001000000
000000000000000000000000000011100000000000000000000000000000000000000000000000000000000000000000000000000000000000000000010111000000000000001010000000000000000000101010000000000000000000000000100110110000000000000000000000000000000000111000000000000000000000000000000000000000000000000000000001100000
000000000000000000000000000110010000000000000000000000000000000000000000000000000000000000000000000000000000000000000000000001000000000000000100000000000000000000101111000000000000000000000001010110000000000000000000000000000000000000000000000000000000000000000000000000000000000000000000000000000000
000000000000000000000000000001111000000000000000000110000000000000000000000000001110000000000000000000000000000010000000000000000000000001100000000000000000000000010010110000000000000000000001001001000000000000000000000000000000000000000000110000000000000000000000000000000000000000000000000011100000
000000000000000000000000100010010000000000110001001000000000000000000000000011000000000000000000001100000000000101000000000000000000000010010000000000000000000000001100000000000000000000000000110000000000000000000000000000000000000000000001111000000000000000000000000000000000000000000000000000000000
000000000000000000000000100011100000000011000011001000100000000000000000101100100000000000000000001100000000000101000000000000000000000001100000000000000000000000001100000000000000000000000000000000000000000000001100000000000000000011000010011100000000000000000000000000000000000000000000000100010000
000110000000000000000000010010100000000011000000111101100000000000000001110100110000000000000000000000000000000010000000100000000000000000000000000000000000000000000000000000000000000000000000000000000000000000110001000011000000000100100010111000000000000000000000000000000000000000000000000100010000
000110000000000000000000000001000000000100000010000000001010000000000011001111010000000000000000000000000000000000000001010000000000000000000000000000000000000000000000000000000000000000000000000000000000000000100000000011000000000010100001110000000000000000000000000000000000000000000100000100110000
000000000000000000000000000000010000000010000000110001000010000000000010010000011000001000011000000000000000000000000000100000000000000000000000000000000000000001000000000000000000000000000000000000000000000000011010100000000000000001000000100000000000000000000000000000000011100000010010000100100000
000000000000000000000000000010010000000000000101110010000010000000000010000000110000011100001011000000000000000000000000000000000000000000000000000000000000000001000000000000000000000000000000000000000000000000011010100000000000000000000000000000000000000000000000000000001100010000100010000000000000
000000000000000000000000000001100000000000010000100001000000000000000011000000100000100001000011000000000000000000000000000000000000000000000000000000000000000001000011000000000100000000000000000000000000000000101100000001000000000000000000000000000000000000000000000000010100010000100100011000000000
000000000000000000000000000000000000000000000000000000100000000000000000111110000000001010110100111100000000000000000000000000000000000000000000001000000000000000000011000000000100000000000000000000000000000000111000000010100000000000000000000000000000000000000000000000010000010001000000011000000000
000000000000000000000000000000000110000000000000000000000000000000000000000000000000000010110111011010000000000000000000001100000000000111000000001000000000000000000000000000000100000000000000000000000000000001100000000100010000000000000000000000000000000000000000000000100000010001001000000000000000
000000000000000000000000000000000110100000000000000000000000000000000001000000000000000001111011000100000000000000000000001100001000000101000000001000000000000000000000000000000000000000000000000000000000000001100011000100010000000000000000011000000000000000000000110000011010100000000100000110000000
000000000000000000000000000000000010101000000000000000000000000001000110100000000000000000000000000000000000000000000000000000011100001000000000000000000000000000000000000000000000000000000000000000000000000000100001101000010000000000000000011000000000000000000001001000000001000000101000001110000000
000000000001110000000000000000000110001000000000000000000000000010101000100000000000000000000000000000000000000000000000000000100010001110010000000011100000000000000000000000000000000000000000000000000000000001100101000100100000000010000000000000000000000000000000110000000000000000000000001110000000
011100000001001000000000000000000101100000000000000000000000000100101001000000000000000000000000000000000000110000000000000000011100000110010000000000000000000000000000000000000000000000000000000000000000000000101110000110000000000101000000000000000000000000000000000000000001100000000000000000000000
000100000000000100000000000000000110000000000000000000000000000100101001001100000000000000000000000000000001010000000000000000000000000001100000001000000000000000000000000000000000000000000000000000000000011101010101000000000000000110000000000000000000000000000000000001000000010000000000000000000000
001000000001001000000000000000000110000000000001000000000000000111001010011010000100000000000000000000000001000010000000000000011100000010000000001000001000000000000000000011000000000000000000000000000111101100000010000000000000000100000000000000000000100000111001010010100000000000000000000000000000
101101000001110000000000000000000000000000000110110000000000000010000100010010001110000000000000000000000001001010000000000000100111110101010000001000010100000000000000000100100000000000000000000000001010101100110000000000000000011100000000000000000000100000000001010010010000000000000000000000000000
010110000000000000000000000000000000000000000100100000000000000000000000001100011011000000000000000000000001101011000000000000000000000000010000000000010100000000000000000011000000000000000000000000001010101100000000000000000000100010000000000000000000100000101010100010010000000000000000000000000000
000001000000000000000001110000000000000000000011000000000000000000000000010000001011100000000000000000000000110001000000000000000000000111110000000000001000000000000000000000000000000000000000000000000000001100110000000000000000100110000000000000000000000000001000000010010000000000000000000000000000
000111000000000000000001001000000000000000000000000000000000000000000000010100000101100000000000000000000000000000000000000000000011010011000000000000000000000000000000000000000000000000000000000000000001101101010000000000000000100001000000000000001110001110011111000000110000000000000000000110000000
000000000000000000000010011000000000000000000000000100000000000000000000010000001001100000000000000000000000000000000000000000000000000000000000000110000000110000000000000000000000000000000000000000000011110000100000000000000000011101100000000000000000000000100110000001110000000000000000000110000000
000000011100000000000011000110000000000000000000001110000000000000000000001000001101000000000000000000000000000000000000000000000000000000000000001001000001001000000000000000000000000000000000000000000110000000101100000000000000011011000000000000000000000001000000000101100001100000000000000000000000
000000100010000000000000000110000000000000000000011011000000000000000000000000000010000000000000000000000000000010000000000000000000000000000000000110000000110000000100000000000001000000000000000000001100000001101100000000000000000000000000000000000000000000100010000111000001010000000000000000000000
000000100010011000000000000000000000000000010000111011100000000000000000000000000000000000000000000000000000000101000000000000000000000000000000000000000000000000011110000000000010100000000000000000000000000000000000000000000000000000000000000000000000011000011110000010000010000000001100000000000000
000000100010011000000000000010110000000000111000011011000000000000000000000000000000000000000000000000000000000100100000000000000000000000000000000000001000000000000000000000000010100000000000000000000000000000000000000000000000000000110000000000000000011000000000000000011000001000001100000000000000
000000011100000000000111000000110000000001101100001110000000011000000000000000000000010000000000000000000000000101110000000000000000000000000000000000010100000000010100100000000001000000000000000000000000000000000000000000000000001100110000000000000000000000000000000000100000001000000000000000000000
000000000000000000001000011000000000000000111000000100000000100100000000000000000000010000000000000000000000000001110000000000000000111000000000000000010100000000001111000000000000000000000000000000000000000001111100000000000000001100000010000000000000000000111000000000100001000000000000000000000000
000000000000000000011100001000000000000000010000000000010000010100000000000000000000010000000000000000010000000000000000000000000001000100000000000000001000000000000001000000000000000000000000000000000000000001000000000000000000000000000101000000000000000000000000000000011000000000000000000000000000
000000000000000001100000010000000000000000000000000000101000001000000000000000000000000000000000000000101000000000000000010100000010000100000000000000000000000000000000000000000000000000001110000000000001110000111000000000000000000000000100100000000000000001010100000000000000000000000000000000000000
000000000000000001101101000000000000000000010000000000011000000000000000000000000000000000000000000000101000000000011010011100000101111000000000000000000000000000000000000000000000000000000000000000000000000000010000000000000000000000000011000000000000000001101100000000000000000000000000000000000000
000000000000000001000001000000000000000000010000000000000000000000000000000000000000000000000000000000010000000000010000001000001101000000000000000000000000000000000000000000000000000011000000000000000100000100010000000000000000000000000000000000000000000110000011000000000000000000000000000000000000
000001000000000011011111000000000000000000010000000000000000000000000000000000000000000000000000000000000000000000000000010000000010000000000000000000000000000000011110000000000000000011000000000000000100000100010000000010000000000000000000000000000000010010010010010000000000000000000000000000000000
000001000000000001010011000000011000000000000000000000000000000000000000000000000000000000000000000000000111000000000000000000000110000000000000000000000000000000011111100000110000000000000000000000000100000100010000000010000000000000000000000000000000010100101001010000000000000000000000000000000000
110001000111000000100011100000100100000000000000000000000001110000000000000000000000000000000000000000000000000000000000000001101000000000000000000000000001000000000000000000101100000000000000000000000000000000000000000010000000000000000000000000000000010010010010010000000000000000000000000000000000
110000001100000000101101000000011000000000000000000000000000000000000000000000000000000000000000000000000000000000000000000000000000000000000000000000000010100000000010000000000100000000000000000000000001110000000000000000000011100000000000000000000000000110000011000000000000000000000000000000000000
000000001110000011011110000000000000000000000000000000000000000000000000000000000000000000000000000110000000000000000000000000100000000000010000000000000010100000000011100000011100000000000000000000000000000000000000000000000000000000010000000000000000000010000010000000000000000000000000000000000000
000000001010000001111100000000000000000000000000000000000000000000000000011100000000000000000000000110000000000000000000000000010000000000010000000000000001000000000000000000000000000000000000000000000000000000000000000000000000001000101000000000000000000000000000000000000000000000000000000000000000
000000000100000000100000000000000000000000000000000000000000000000000000011100000000000000000000000000000000000000000000000000101000000000010000000000000000000000000000000000000000000000000000000000000000000000000000000000000000001000101000000000000000110000000000000000000000000000000000000000000000
000000000100000000000000000000000000000000000000000000000000000000000000011000000000000000000000000000000000000001010000000000101000000000000000000000000000000000000000000000000000000000000000000000000000000000000000000000000000001000010000000000000000110000100100000000000000000000000000000000000000
000000000000000000000000000000000000100000000000000000000000000000000000100000000000001100000000000000000000000010000000000000010000000000000000000000000000000000000000001000000000000000000000000000110000000000000000000000000000000000000000011000000000000000100100000000000000000000000000000000000000
000000000000000000000000000000000000100000000000000000000000000000000011001000000000001100000000000000000000000001000100000000000000001100000000000000000000000000000000000110000000000000000000000000110000000000000000000000000001000000000000011000000000000001000010000000000000000000000000000000000000
000000000000000000000000000000000000100000000000000000000000000000000001000100000000000000000000000000000001000000000010000000000000001100000000000000000000001000011100110000000000000000000000000000000000000000000000000000000010100000000000000000000000000001010110000000000000000000000000000000000000
000000000000000000000000000000000000000000000000000000000000000000000001001000000000000000000000000000000011000000011011000000000000000000000000000000000000011000000000000000000000000000000000000000000000000000000000000000000100100000111000000000000000000001001110000000000000000000000000000000000000
000000000000000000000000000000000000000000000000000000000000000000000000111000001000000000000000000000000100000000000110000000000000000000000000011000000000011000110000000000000000000000000000000000000000000000000000000000000011000000000000000000000000000000000000000000000000000000000000000000000000
000000000000000000000000000000000000000000110000000000000000000000000000000000001000000000000000000000001010000000000000000000000000000000000000100100000000010001010000000000000000000000000000000000000000000000000000000000000000000010000010000000000000000000000000000000000000000000000000000000011100
000000000000000000000000000000000000000000001000000000000000000000000000000000001000000000000000000000000010000000000000000000000000000000000100011000000000000001001000000000000000000000000000000000000000000000000000000000000000000010000010000000000000000000000001000000000000000000000000000000011100
000000000000000000000000000000000000000001000000000000000000000000000000000000000000000000000000000000010000000000011000000000000000000000001010000000000000000000011000000000000000100000000000000000000000000000000000000000000000000010000010000000000000000010000001000000000000000000000000000000000000
000000000000000000000000000000000000000000110000000000000000000000000000000011100011100000100000000011010000000000100100000000000000000000001010000000000000000000000000110000000011011000000000110000000000000000000000000000000000000000000000000000000000000101000001000000000000000000000000000000000000
000000000000000000000000000000000000100000000000000000000110000000000000000000000000000001000000000011011000000000100110110000000000000000111100010000000000000000000000110000000000000000000001001000000000000000000000000000000000000000111000000000000000000010000000000000000000000000000000000000000000
000000000000000000000000000000000001010000000000000000000110000000000000000000001000000000010101000011101001110000011000111100001000110000100000111000000010110001000000000000000100000000000001010000000000000000000000000000000000000000000000000000000000000000000000000000000000000000000000000000000000
000000000000000000000000000000001011010000000000000000000000000000000000000000001000000000110000100000000011110000001111100000001000110000100001101000000110010010100000000000000000000100000000100000000000000000000000000000000000000000000000000000000000000001000010000000000000000000000000000000000000
000000000000000000000000000000010110100000000000000000000000000000000000000000001000000000100000000100000010000011000110001011001000000000000010010000010000010001110100000000000100000100000000000000000000000000000000000000000000000000000000000000000000000110100011000000000000000000000000000001100000
000000000000000000000011100000100010000000000000000000000000000000000000000000000000000010000111101110001010000011001100001001000000000000000000000000010100000000001010000000001100011000000000000000000000011000000000000000000000000000000000000000000000000111111100100000010000000000000100000001100000
000000000000000000000000000000010100000000000000000000000000000110000000000000000000001111000000000000001100000000000100010001000000000000111010010000011100000000001001000000001101100000000000000000000000101000000000000000000000000000000000000000111000001100111011000000101000000000000100000000000000
000000000000000000001000000000001000000000000100000000000000000110000000000000000000111010101100001100001000000000000010010010000000000000010111100000000000000000000110000000001111000000000000000000000001010000000000000000000000000000000000001100000000011000110000000000101000000000000100000000000000
000000000000000000001000000000000000000000001010000000000000000000000000000000000000000010101111000010000000000000000000001000000000000000001000000000000000000000000110000000000000000000000000000000000000100000000000000000000000000000000000010110000000101101100000000000010000000000000000000000000000
000000000000000000001000000000000000000000000110000000000000000000000000000000000000000010000000101001000000010011000000000000000000000000000000000000000000000000001110000000000000000000000000000000000000000000000000000000000000000000000000011111000000100011100000000000000000000000000000000000000000
000000000000000000000000000011011000000000000000000000000000000000000000000000000000000100011000010101000000011001000000000000000000000000000000000000000000000000001110000000000000000000000000000000000000000000000000000000000000000000000000000000000000000000100000001100000001100000000000000000000000
000000000000001000000011000011001000000001100000000000000000000000000000000000000000000000010000000100010000010010000000001000000000000000000000000000000000000000111110000000000000000000000000000010000000000000000000000000000000000000000000000000000000100011010000010010000001100000000000000000000000
000000000000001000000011000001001000000001100000000000000000000000000000000000000000011000110000000010010000001110000000010111100000110000000000000011000000000011100000000000000000000000000000000101000000000000000000000000000000000000000000000000000000010000100000001100000000000000000000000000000000
000000000000001000000000000000010000111000000110000000000000000000000000000000000000011110001101000001000000000000000000001011010000110000000000000010100000000010000000000000000000000000000000000101000000000000000000000000000000000000000000011000000000011100000000000000000000000000000000000000000000
000000000000000000000000000000000000110100000110000000000000000000000000000000000000101100011110000000000000000000000000000010011000000000000000000001110000000001010100011000000000001101100000000010000000000000000000000000000000000000000000011000000000001001100000000000000000000000000000000000000000
000000000000000000000000000000000000110100000000000000000100000000000000000000000001101010111000000000000000000000000011100000110000000000000000000000101000110000010111101000000000001101100000000000000000000000000000000000000000000000000000000000000000000111100000000000110000000000000000000000000000
000000000000000000000000000000000001110100000000000000001000000000000000000000000001000010001100000000000000000000000000000000100000000000000000000000010000110000000000101100000000000000000000000000000000000000000000000000000000000000000000000000000001000101110000000000110000000000000000000000000000
000000000000000000000000000000011101100001111100000010000100000000000000000000000001100010000001100000000000000000000000011100000000000011100000000000000000000000000001110000000000000000000000000000000000000000000000000000000000000000000000011000000010001000000000000000000000000000000000000000000000
000000000000000000000000000000011100010000111010000101000000000000000000000000000000011100000100010000000000000000000000011100000000000000000000000000000000000000000000000000000000000000000000000000000000000000000000000000000000000000000000100100000010101000010000000000000000000000001100000000000000
000000000000000000000000000000000000001000100010000011000000000000000000000000000000000100000011100000000000000000000000000000000000000000000000000000000000000000000010000001100000110000000000000000000110000000000000000000000000000000000000101000000000110000000000000000000000000000001100000000000000
000000000000000000000000000000000000000010000100000000000000000000000011100000000000000011000000000000000000000000000000000000000000000000000000000000000000000000000101000010000000110000000000000000000110000000000000000000000000000000000000010000000000101000000000000000000000000000000000000000000000
000000000000000000000000000000000000000011001000000000000000000000000000000000000000000000000000000000000000000000000000000000000000000000000001011100000000000000001000110011000000000000000000000000000000000000000110000000000000000000000000000000000000010000000000000001000000011000000000000000000000
000000000000000000000000000000000000000001100000000000000000000000000000000000000000000000001100000000000000000000000000000000000000000000000000011000000000000000001000100111000000000000000000000000000000000000001001000000000000000000000000000000000000000000000000000010000000011000000000000000000000
000000000000000000000000000000000000000000100000000000000000000000000000000000000011100000000000000000000000000000000000000000000000000000000000010000000000000000011001110000000000000000000000000000000000000000011010000000000000000000000000000000000000000000000000000010100000000000000000000000000000
000000000000000000000000000000000000000000000000000000000000000000000000000000000100010000000000000000000000000000000000000000000000000000000000000000000000000000001011110000000000000000000000000000000000000001010010011100000000000000000000000000000000000000000000000001000000000000000000000000000000
000000000000000000000000000000000000000000000000000000000000000000000000000000000100000000000000000000000000000000000000000000000000000000000000000000000000000000000111010000000000000000000000000000000000000011011100000100000000000111000000000000000001100000000000000000000000000000000000001000000000
000000000000000001000000000000000000000000000000000000000000000000000000000000000000001000000000000000000000000000000000000000000000000000000000000000000000000000000001110000000000000001000000000000000000000110010000001000000000000000000000000000000010000011000000000000000001000000000000010100000000
000000000000000001110000000000000000000000000000000000000011000000000000000000001000001000000000000000000000000000000000000000000000000000000000000000000000000000000000100000000000000001000000000000000000001110011100000000000000000000100000000000000010010110010000000000000000100000000000010100000000
000000000000000011001000000000000000000000000000000000000011000000000000100000001000011000000000000000000000000000000000000000000000000000000000000000000000000000000000000000000000000011100000000000000000001110010000000000000000001000001100000000110011000001010000000000000010100000000000001000000000
000000000000000000000100000000000000000000000000000000000000000000000001110000000000000000000000000000000000000000000000000000000000000000000000000000000000000000000000000000111000000000000000000000000000001100000000000000000000000101000000000001001001000001001100000000000001000000000000000000000000
000000000000000101001000100000000110000000000000000000000000000000000010011000000001100000000000000000000000000000000000000000000000000000000000000110000000000000000000000000000000000000000000000000000000000100100000011000000000000000000000000000011100000000011001100101011000000100000000000000000000
000000000001100010010000100000000110000000000000000000000000000000000011100000000110010000000000000000000000000000000000000000000000000000000010001010000000000000000000000000000000000011100000000000000000000111000000100100000000000000000000000011100100000001110001101000010110001000000000000011000000
000000000010010010010000100000000000000000000000000000000000000000000000000000000100010000000000000000000000000000000000000000000000000000000100000000000000000000000000000000000000000001000000000000000000000000100000100111100000000000000000000001001110100000100001100100000001011100000000000000010000
000000000001010000000000000000000000000000000000000000000000000000000000000100100001010000000000000000000000000000000000000000000000000000001000000010000100000000000000010000000000000001000000000000000000000000010100111001000000000000000000000000000110000000000001100011111000111100010000000001001000
000000000000100000000000000000000000000000000000000000000000000000000000001000000000100000000000000000000000000000000000000000000110000000010000000000000100000000000000101000000000000000000000000000000000000000000000000000000000000000000010000000001110000000000000111100000000100000011000000001010100
000000001110000000000000000000000000000000000000000000000000000000000000010000010000000000000000000000000000000000000000000000000110000000010100000001000100000000000000101000000000000110000000000000000000000000000000000000000000000000000010000000000000000000000000001110000000000000001000011101011110
000000010001000001000000000000100000000000000000000000000000000000000000000000000000000000000000000000000000000000000000000000000000000000011000100001000000000000000000010000000000000110000000000000000000000000000000000000000000000000000010000000000000000000000000000011100000000000111100011111010010
000000010001000010100000000000100000000000000000000000000000000000000000000000100000000000000000000000000000000000000000000000000000000000000000100001000000000000000000000000000000000000000000000000000000000000000000000000000000000000000000000010000000000001100000000001100100000000110000000100010110
000000010001000011000000000000100000000000000000000000000000000000000000000001100000000000000000000000000000000000000000000000001000000000000000001010000000000000000000000000000000000000000000000000000000000000000000000000000000000000000000000010000000000010010000000000001000000000000000001101111110
000000001110000000000000000000000000000000000000000000000000000000000000110110000000000000000000000000000000000000000000000000010100000000000000000100000000000000000000000000000000000000000000000000000000000000000000000000000000000000000000000010000000000001100000000000110000000000000000110000010000
000000000000000000000000000000000000000000000000000000000000000000000000001000000000000000000000000000000000000000000000000000001000000000000000000000000000000000000000000000000000000000000000000000100000000000000000000000000000000000000111000000000000000000000000000000000000000000000000111110001000
000000000000000000000000000000000000000000000000000000000000000000000000000000000000000000000000000000000000000000000000000000000000000000000000000000000000000000000000000000000000000000000000000010011000111100000000100000000000000000000111000000000000000000000000000000000000000000111000111100000000
000000000000000000000011000000000000000000000000000000000011011000000000000000000000000000000000000000000000000000000000000000000000000000000000000000000000000000000000000000000000000000000000000010001111111110000001010000000000000000010000110000000000000000000000000000000000000000101000000000000000
000000000000000000000111000000011000000000000000000000000100010000000000000000000000000000000000000000000100000000000000000000001000000000000000000000000000000000000000000000000000000000000000001100110011100010000001010000000000000000010001000000000000000000000000000000100000000000111000000000000000
000000000000000000000100100000011000000000000000000001110000000000100000000001100000000000000001110000000100000000000000000000010100000000000000000000000000000000000000000000000000000000000000001110000000000000000000100001100000000000010000000000000000000000000000000001110000000000000000000000000000
000000000000000000001000100000000000000000000000000001100011000011000000000001100000000000000000000000000100000000000000000000010100000000000000000000000000000000000000000000000000000000000000000001000010000000000000000011100000000000000001000000000000000000000000000001110000000000000000000000000000
000000000000000000011001000000000000000000000000000000001000000000111000110000000000000000000100000000000000000000000000000000001000000000000000000000000000000000000000000000000000000000000000000101000100000000000000000001100100000000000001001100000000000000000000000101000000000000000000000000000000
000000000000000001101010000000000000000000000000000000100001000000001000110000000000110000000100000000000000000000000000000000000000000000000000000000000000000000000000000000000000100000000000000001011100000000000000000000011000000000000001000001000000000000000000101110000000000000001100000000000000
000000000000000001101100000000000000000000000000000000001000000000010100000000000000110000000100000000000000100000000000000000000000000000000000000000000000000000000000000000000000100000000000000000100000000000000000000000010000000000000000100010100000000000000001010100000000000000001100000110000000
000000000000000000000100000000000000000000000000000000000011000000110110000000000000000000000000000000000000100000000000000000000000000000000000000000000000000000000000000000000000100000000000000000000000000000000000000000000000000000000000000000010000000000000001100000000000000000000000000110000000
000000000000110000000110000000000000000000000000000000000000000000010010000000001000000111000001110000000000100000000000000000000000000000000000000000000000000000000000000000000000000000000000000000000000000000000000000000000000000000000000000000011000000000000000000000000000000000000000000000000000
000000000001100000001110000000000000000000000000000000000000000000001100000000001111000011000000000000000000000000000000000000000000000000000000000000000000000000000000000000000000000000000000000001001000000000000000001000010100000000000000000101000000000000001100000000000000000000000011000000000000
000000000000100100000000000000000000000000000000000000000011000000000000000000010100100011000000000000000000000000000000000000111000000000000000000000000000000000000000000000000000001000000010000000001100000000000000011100100100000000000000000101011000000000010011000000000000000000000101100000000000
000000000110100100000000000000000000000000000000000000000011000000000000000000000101000000000000000000000000110000000000000000011000000000000000000000000000000000000000000000000000011100000010000001000010000000001100010100010010000000000000000000000000000110001000001100000000000000000110000000000000
000000000110100101000000000000000000000000000000000000000000000000000000000000000110101001000000000000000000110000000000000000011000000000000000000000000000011100000000000000000000100010000010000000011100000000001100101000001001000000000000000000000000000110001010100100000000000000001110100000000000
000000000000010001000000000000000000000000000000000000000000000000000000000000001001101100000000000000000000000000000000000000000000000000011000000110000000000000000000000000110000101110000000000000001000000000000000010000000000000000000000000000000000000000000000011000000000000000001001000000000000
001100000000001101000000000000000000000000000000000000000000000000000000000000000001111001000000000000000000000000000000000000000000000000100100000110000000000000000000000000110000001100000000000000000000000000000000010000000011000000000000000000000000000000000000010000000000000000000111000000000000
001100000000000100000000000000000000000000000000000000000000000000000000000000000001001000000000000000000000000000000000000000000000000000011000000000000000000000000000000000000001110000000111000000000000000000000000000000000000000000000000000000000000000000000000000000000000000000000000000000000000
000000000000011000000000000000000001100000000000000000000000000000000000000000000001010000000000000000000000000000000000011000000000000000000000000000000000000000111000000000000000101100000000000000000000000000000000000000000000000000000000000000000000000000000000000000000000000000000000000000000110
000000000000000000000000000000000010010000000000000000000000000000000000000000000001110000000000000000000000000000000000000000000000000100000000000000000000000000000000000000000000001100000000000001100000000000000000000000000000000000000000000100000000000000000000000000000000000000000000000000000110
000000000000000000000000000000000001100000000000000000000000000000000000000000000001100010000000000000000000000000000000000000000000000100000000000000000000000000000010000000000000000100000000000010010000000000000000000000011000100000000000001110000000000000000000000000000000000000000000000000000000
000000000000000000000000000000000000000000000000000000000000000000000000000000000001101111000000000000000000000000000000000000000000000100000000000000000000000000000010000000000000100000000001100001100000000000000000000000001111110000001000011101000000000000000000000000000000000000000000000001100000
000000000000000000000001100000000001100000000000000000000000000000000000000000000010111000000000000000000000000000000000000000000000000000000000000000000000000000000010000000000000100000000001100000000000000000000000000000000111110000010000000011100000000000000000000000000000000000001100000001100000
000000000000000000000001100000000010010000000000000000000000000000000000000000000110010000000000000000000000000000000100000000000000000000000000000000000000000000000000000000000000000000000000000000000000000010010000000000000001000000110000011101000000000000000000000000110000000000010010000000000000
000000000000000000000000000000000001100000110000000000000000000000000000000000000011000000000000000000000000000000001110000000000001101100000000000000000000000000000000000000000000000000000000000000000000010100000000000000000000100110100110110110000000000000000000000000110000000000001100000000000000
110000000000001100000000000000000000000001001000000000000000000000000000000000000001110000000000000010000000001000001001000000000001000100000000000000000000000000000000000000000000000000000000000000000000011000000000000000000001100101011110100000000011000000000000000000000000000000000000000000000000
110000000000001100000000000000000000000000110000000000000000000100000000000000000000110000000000001111000000001000001101000000000001000100001000000000000000000000000000000000000000000000000000000000000000010000011000000000000001000000000000111100000011000000000000000000000000000000000000000000000000
000000000000000000000000000000000000000000000000000000000000000100000000000000000000010000000000011010100000001000000010000000000000101000100110000000000000000000000000000000000000000000000000001001000000000110011000000000000011000000011110000100011100000000000000000000000000000000000000000000000000
000000000000000000000000000000000000110000000000000000000000000100000000000000000000000000000000101000110000000000100100000000000000010000101100000000000000000000000000000000000000000000000000000000100001000101000000000000001100000000000000000011111010001000000000000000000000000000000000000000000000
000000000000000000010000000000000001001000000000000000000000000000000000000000000000000000000001100010100000000000010000000000000000000001110000000000000000000000000000000000000000000000000000001000110001000011111000000000000010000000000001000111100010000100000000000000000000000001000000000000000000
000000000000000000101000000000000000110000000000000000000000000000000000000000000000000000000000101011000000000000000000000000000000000000000000000000000000000000000000000000000000000000000000000111100000000000100011000000000000000100101001000111111100111000000000000000000000000010100000000000000000
000000000000000000101000000000000000000000000000000000000000000000000000000000000000000000000000011110000000000000000000000000000000000000001110000000000000000000000000000000000000000000000000000000000000001000101011000000000000000010000100000100011100000000000000000000000000000010010000000000000000
000000000000000000010000000000000000000000000000110000000000000000000000000000000000000000000000001000000000000000000000000000000000000000001001000000000000000000000000000000000000000000000000000000000000001000001111000000000000000000000000000000000000000000000000000000000000000001100000000000000000
000000000000000000000000000000000000000000000001001000000010000000000000000000000000000000000000000000000000000000000000000000000000000000100000100000000000000000000000000000000000000000000000000000000000010001010111100000000000000000000000000000000000000000000000000000000000000000000000000110000000
000000001000000000000000000000000000000000000001010000000111000000000000000000000000000000100000000000000000000000000000000000000000000000000111100000000000000000000000000000000000000000000000000010000001000110010000000000000000000000001100000000000000000000000000000000000000000000000000001001000000
000000001000000000000000000000000000000000000000100000001100100000000000000000000000000000100000000000000000000000000000000000000000000000101000000000000000000011000000000000000000000000000000001000100000100100000000000000010000000000010100000000000000000000000000000000000000000000000000000101000000
000000001000000000000000000000000000000000000000000000001000100000000000000000000000000000100000000000000000000000000000000000000000000000010000000000000000000100100000000000000000000000000000010000100001000000000010000000101000000000001000000000011000000000000000000000000000000000000000000010000000
000000000000000000000000000000000000000000000000000000001011000000000000000000000000000000000000000000000000000000000000000000000000000110000000000000000000000011000000000000000000000000000000000000100000111010000111000000101000000000000000000000011000000000000000000000000000000000000001000000000000
000000000011100000000000000000000001000000000000000000001100000000000000000000000000000000000011000000000000000000000000000000001000001110000000000000000000000000000000000000000000000000000000100010100000011110100001000000010000000000000000000000100000000000000000000000000000000000000010100000000000
000000000000001110000000000000000001000000000000000000000000000110000000000000000000000000000011000000000000000000000000000000000100000110000000000000000000000000000000000000000000000000000000000010100000000100010010000000000000000001111000000001100000000000000000000000000000000000000001100000000000
000000000000000000000111000000000001000000000000000000001100000110000000000000000000000000000000000000000000000000000000000000010100000000010000000000000000000000000000000000000000000000000011011000100000000000011100000000000000000011111110000010000000000000000000000000000000000000000000000000000000
000000000000000000000000000000000000000000000000000000001001100000000000000000000000000000000000000000000000000000000000000000001000000000111000000000000000000000000000000000000000000000000000100000110100011100000000000000000000000100011011101111010000000000000000000000000000000000000000000000110011
000000000000000000000000000000000000011100000000000000001000000000000000000000000000000000000000000000000000000000000000000000000000000000111000000000000000000000000001010000000000100000000000000100011000001000000000000000000000000101100010100010100000000000000000000000000000000000000000000000110011
000011100000000000000000000000000000000000000000000000000010100000000000000000000000000000000000000000000100000000000000000000000000000000000000000000000000000000000000000000000001110100000000000010111000111000000000000000000000000011100000010100000000000000000000000000000000000000000000000000000000
000000000000000000000000000000000001000000000000011000000110000000000000000000000000000000000000000000001010000000000000000000000000000000000000000000000000000000000000000000000011111011000000000000111000011000000000000000000000000001000000001000000000000111000000000000000000000000000000000000000000
000000000000000000000000000000000001000000000000000000001001000000000000000000000000000000000000000000000110000000000000000000000000000000000011000000000000000000110010000000000110100010000000000000011000100000000001110000000000000000001100000000000000001001000000000000000000000000000000000000000000
000000000000000000000000000000000001000000000000000000000010000000000000000000000000000000000000000000000000000000000000000000000000000000000011000000000000000000110010001000000010111111000000000000001000001000000000000000000000000000000100000000000000001001000000000000000000000000000011100000000000
000000000000000000000000000000000000000000000000000000001100000000000000000000000000000000000000000000000000000000000000000000000000000000000000000000000000000000000001000010000001001000000110000000000000110000000000000000000000000000000100100000000000000000000000000000000000000000000000000000000000
000000000000000000000000000000000000000000000000000000000000000000000000000000000000000000000000000000000000000110000000000000000000000000000000000000000000000000000000100000000000110110000110000000000000100000000000000000000000000000000011000000000000011000000000000000000000000000000000000000000000
000000000000000000000000000000000000000000000000100000000000000000000000000000000000000000000000000000000000000110000000000000000000000000000000000000000000000000000001001100000000111111000110000000000000000000000001000000000000000000000001000000000000010000000000000000000000000000000000000000000000
000000000000000000000110000000000000000000000000100000000000000000000000000001100000000000000000000000000000000000000000000000000000000000000000000000000000000000000001010000000000001111110100000000000000000000000001000000000000000000000000000000000000000000000000000000000000000000011100000000000000
000000000000000000001111100000000000000000000000000000000000000000000000000010010000000000000000000000000000000000000000000000000000000000000000000000000000000000000000100000000000000000011000000000000000000000000001000000000000000000001000000000000000000000000000000000000000000000000000000000000000
000000000000000000001100010000000000000000100000000000000000000000000000000010100000000000000000000000000000000000000000000111010000000000000000000000000000000000000000000000000100000000000000000000000000000000000000000000000000000000001100000000000000000000000000000000000000000000000000000001000000
000000000000000000000000001000000000000001010000000000000000000000000000000001000000000000000000000000000000000000000000000110111000000000000000000000000000000000000000000000011010000000000000000000000111000000000000000000000000011001000110000000000000000000000000000000000000000000000000000010100000
000000000000000000000000100110000000000000011000000000000000000000000000000000000000000000000000000000000000000000000000011000000100000000000000000000000000000000000000000000011000000000000000000000001001000000000000000000000000101111000000000000000000000000000000000000000000000000000000000010100000
000000000000000011100000110110000000000001101111000000000000000000000000000000000000000000000000000000000000000000000000000010011000000000000000000000000000000000000000000000000000000000000000000000001101000000000000000000000000100101100000000000000000000000000000000000000000000000000000000001000000
000000000000000011011000010001000000000000000000110000000000000000000000000000000000000000000000000000000000000000000000010000110000000000000000000000000000000000110000000000000000010000000000000000000101000000000000000000000000111000000000000000000000000000000000000000000000000000000000000000000000
000000000000000011011000001110011100000101000110110000000000000000000000000000000000000000000000000000000000000000000000001111000000000000000000000000000000000000110000000000000000101000000000000000000011000000000000000000000000000000000000000000000000000000000000000000000000011000000000000000000000
000000000000000000100000001101111000000111000000000000000000000000000000000000000000000000000000000000000000000000000000000000000000000000000000000000000000000000000000000000000000110000000000000000000001100000000000000000000000000000110000000000000000000000000000000000000000011000000000000000000000
000000100000000000000000000000011000000001100000000000000000000000000000000000000000000000000000000000000000000000000000000000000000000000000000000000000000000000000000001101100000100000000000000000000000000000000000000000000000000000110000000000000000000000000000000000110000000000000000000000000000
000001010000000000000000000000001000000000100000000000001100000000000000000000000000000000000000000000000000000000000000000000000000000000000000000000000000000000000000001101100000000000000000000001100000000000000000000000000000000000000000000000000000000000000000000001010000000000000000000000000000
000001010000000000000000010001001000000000000011000000010100000000000000000000000000000000000000000000000000000000000000000000000000000000000000000000000000000001100011101000100000000000000000000000001000000000000000000000111000000000000000000000000000000000000000000000100000000000000000000000000000
000000100000000000000000010000000000000000000000100000011000000000000001100000000000000000000000000000000000000000000000000000000000000000000000000000000000000001100000000111000000000000000000000000001000000000000000000000000000000000000000000000000000000000000000000000000000000000000000000000000000
000000000000000000000001010001110000000000000011000000000000000110000001100000000000000000000010000000000000000000000000000000000000000000000000000000000000000000000000000010000000000000000000000000000000000000000000000010000010000000000000000000000000000000000000000000000000000000000000000000011000
000000000000000000000000000000000000000000000000000000011000000110000000000000000000000000000010000000000000000000000000000000000000000000000000000000000000000000000000000000000000000000000000000000000000000000000000000010000010000000000000000000000000000000000000011100000000000000000000000000011000
000000110000000000000010100000000000000000000000000000011000000000000000000000000000000000000010000000000000000110000000000000000000000000000000110000000000000000000000000000000000000000000000000000000000000000000000000010000010000000000000000000000000000000000000000000000000000000000000000000000000
000000110000000000000011110000000011000001100000000000000000000000000000110000000000000000000000000000000000001001000000000000000000000000011000110000000000000000000000000000000000000000000000000000000000000000000000000000000000000000000110000000000000000000000000000000000000000000000000000000000000
000000000000000000000011010000000000100010010000000000000000000000000000110000000000011000000000000000000000000101000000000000000000000000011000110000000000000000000000000000000000010000000000000000000000000000000000011000111000000000001001000000000000000000000000000000000000000000000000000110000000
000000000000000000000100110000000011100001010000000000000000000000000000000000000001100100000000000000000000000010000000000000000000000010001000000000000000000000000000000000000000010000000000000000000000000000000000100100000000000000000110000000000000000000000000000000000011000000000000000110000000
000000000000000000000011100000000000110000100000000000000000000000000110000000000001100100000000000000000000000000000000000000000000000010010000000000000000000000000000000000000000010000000000000001100000000000000000011000000000000000000000000000000000011000000000000000000100100000000000000000000000
000000000000000000000001000000000000011000000000011100000000000000011010000000000000111000000000000000000000000000000000000000000000000000000100000000000000000000000000000000000000000001000000000010010000000001100000000000000000111000000000000000000000011000000000000010000011000000000000000000000000
000000000000000000000000000000001101101000000000101000000000000000011000001000000000000000000000000000000000000000000000000000011000001001000110010010100000000000000000000000000000000010100000000001100000000010010000000000000000000100000000000000000000000000000000000010000000000000000000000000000000
000000000000000000000000000000000110101100000000000000000000000000011010001001000000000001010000000000000000000000000000000000100100011010111010001000000000000000000000000000000000000010100000000000000000000010010000000000001010100010000000000000000000000000000000000010000000000000000000000000000000
000010000000000000000000000000000011101000000001000000000000000000000110001001000000000001001000000000000000000000000000000000100100001011110000000000100000000000000000000000000000000001000000000000000000000001100000000000000010000010000000000000000000000000000000000000000000000000000000000000000000
000101000000000000000000000000000000111000000000000001000000000000000000000100100000000000000000000000011000000000000000000000011000000000110000001010000000000000000000000100000000000000000000000000000000000000000000000000100000000010000000000000001000000000000000001000000000000000000000000000000000
000110000000000000000000000000010000000000000100000010000000000000000000001101000000000001110000111000011000000000000000000000000000000000000000000100000000000000000000001010000000000000000000000000000000000000000000000000100100010100000000000000110110000000000000010100000000000000000000000000000000
000000000000000000000000000000100010000000000101000000000000000000000000001110000000001101000000000000000000000000000000000000000000000000000000000000000000000000000000010001001000000000000000000000000000000000000000000000101000011000000000000000100100000000000000010100000000000000000000000110000000
000000000000000000000000000000100000000000000010001000000000000000000000000100000000000110000100000000000000000000000000000000000000000000000000000000000000000000000000001101101000000000000000000000000000000000000000000000000000000000000000000010001000000000000000001000000000000000000000000110000000
000000000000000000000000000000100001000000000000000000000000000000000000000000000000000000001000000000000000000000000000000000000000000000000000000000000000000000000000000011000000000000000000000000000000000000000000000000011010000000000000000010001000000000000000000000000000000000000000000000000000
000000000000000000000000000000100000000000000000000000000000000000000000000000000000000000001010000000000011000000000000000000000000000000000000000000000000000001100000000000100000000000000000000000001100000000000000000000000010000000000000000001100000000000000000000000000000000000000000000000000000
000000000000000000000000000000010010000000000000000000000000000000000011000000000000000000000100000000000100100000000000000000000000000000000000000000000000000001100000000110000000000000000000000000010010000000000000000000000000000000000000000000000000000000000000000110000000000000000010000000000000
000000000000000000000000000000000100000000000000000000000000000000000100100000000000000000000000000000000011000000000000000000000000000000000000000000000000000000000000001010000000000000000000000000000010000000000000000000000000000000000000000000000000000000000000000110001000000000000101000000000100
000000000000000000000000000000000000000000000000000000000000000000000010010000000000000000000000000000000000000000000000000000000000000000000000000000000000000000000000000001000000000000000000000000000010000000000000000000100000000000000000000000000001110000000000000000001000000000000101000000001010
000000000000000000000000000000000000000000000000000000000000000000000010100000000000000000000000000000000000000000000000000000000000000000000000000000000000000000000000000110000000000000000000000000000100000000000000000000100000000000000000000000000000000000000000000000001000000000000010000000001001
000000000000000000000000000000000000000000000000000000000000011000100000000000000000000000000000000000000000000000000000000000000000000000000000000000000000000000000000000000000000000000000000000000000000000000000000000000100000000000000000000000000000000000000000000000000000000000000000000000000110
000000000000000000000000000000000000000000000000000000000000001111010000000000000000000000000000000000000000000000000000000000000000000000000000000000000010000000000000000000000000000000000000000001000000000000000000000000000000000000000000000000000000000000000000000011100011100000000000000000000000
000000000000000000000000000000000000000000000000000000000000000011001000000000000000000000000000000000000011000000000000000000000000000000000000000000010101100000000000000000000000000000000000000000110000000000000000000000000000000000000000000000000000000000000000000000000000000000000000000000000000
000000000000000000000000000000000000000000000010000000000110000000110000000000000000000000000000000000000011000000000000000000000000000000000000000000010000010000000000000000000000000000000001100110000000010000000000000000000000001100000000000000000000001110000000000000001000000000000000000000000000
000000000000000000000000000000000000000000000111011010001111011000000000000000000000000000000000000000000000000000000000000000000000000000000000000001100000100000000000000000000000000000000010010000001000010000000000000000000000001100000000000000000000011010000000000000001000000000000000000000000000
000000000000000000000000000000000001000000001101011100001101011000000000000000000000000000000000000000000000000000000000000000000000000000000000000001111110010000000000000000000000000000000000000010010000000000000000000000000000000000000000000000000000100010000000000000001000000000000000000000000000
000000111000000000000000000000111000000000001000011100000011000000000000000000000000000000000000000000000000000000000000000000000000000000000010100000000100011000000000000000000000000000000000000001000000000000000000000000000000000000100000000000000001111100000000000000000000000000000001110000000000
000000000000000000010000000000100000110000111000000000000010000000000000000000000000000000000000000000000000000000000000000000000000000000001110110000000000001100000000000000000000000000000001000000110000001010000000000000000000000000100000000000000001101100000000000000000000000000000000000000000000
000000000000000000101000000011100001100000000000000000001100000000000000000000000000000000000000000000000000110000000000000000000000000000000000000000000000000100000000000000000000000000110000000000010000001100000000000000000000000000100000000000000101000000000000000000000000000000000000000000000000
000000000000000001000100000011000001000000000000000000010000110000000000000000000000000000000000000000000000110000000000000000000000000000000000000000000000011000000000000000000000000001001000000000000000000000000000000000000000000000000000000000000100001110000000000000000000000000000000000000000000
000110000000000000101000000000000000000000000000000000000000100000000000000000000000000000000000000000000000000000000000000000000000000000000000000000000000000000000000000000000000000001001000000000000000000000000000000000000000000000000000000000000100010100000000000000000000000000000000000000000000
000110000000000000010000000000000000000000000000000000111110000000000000000000000000000000000000000000000000000000000000000000000000000000000000000000000000000000000000000000000000000000110000000000000000000000000000000000000000000000000000000000000011111000000000000000000000000000000000000000000000
