300 300
000000000000001100001000000000000000000000000000000000000000000000000000001100000000000111000000000000000000000000000000000000000000000000010000000000000000000000000000000000000000000000000000000000000000000000000000001100000000011000000000000000000000000000000000000000000000000000000010000000000000
000000000000010010001000000000000000000000000000000000000000000000000000000010000011001011000000000000000000000000000000000000000000000000101000000000000000000000000000000000000000001100000111000000000000110000000000010010000000100100001100000000000000000000000000000000000000000000000010000000000000
000000000000001100001000000000000000000000000000000000000000000000000000001110001001000000000101000000000000000000000000000000000000000000101000000000000000000000000000000000000000001100000000000000000000110000010000010010000000011000010010000000000000000000000000000000000000000000000010000000000000
000000000000000000000000000000000000000000000000000000000000000000000110000110010110000100000110000000000000000000000000000000000000000000010000000000000000000000000000000000000000000000000000000000000000000000010000001100000000000000010100000000000000000000000000000000000000000000000000000000000000
000000000000000000000000000000000000000000000000000000000000000000001001000001000000000010000110000000000000000000000000000000000000000000000000000000000000000000001000000000000000000000000000000000000000000000010000000000000000000000001000000000000000000000000000000000000000000000000000000000000000
000000000000000000000000000000000000000000000000000000000000000000000110000001111000000011011000000000000000000000000000000000000000000000000000000000000000000000011100000000000000000000000000000000000000000000000000000000000000000000000000000000000000000000000000000000000000000000000000000000000000
000000000000000000000000000000000000000000000000000000000000000000000000000001001101000000111000000000000000000000000000000000000000000000000000000000000000000000010010000000000000000000000000000000000000001100000000000000000000000000000000000000000000000000000000000000000000000000000000000000000000
000000000000000000000000000000000000000000000000000000000000000000000000000001101001000000000000000000000000000000000000000000000000000000000000000000000000000001011110000000000011000000000000000000000000001100000000000000000000000000000000000000000000000000000000000000000000000000000000000000000000
000000000000000000000000000000000000000000000000000000000110000000000000000001000001000000000000000000000000000000000000000000000000000000000000000000000000000011011000000000000011000000000000000000000000000000000000000000000000000000000000000000000000000000000000000000000000000000000000000000010000
000000000000000000000000000000000000000000000000000000000101000000000000000000000110000000000000000000000000000000000000000000000000000000000000000000000000000000000000000000000000000000000000000000000000000000000011000000000000000000000000000000000000000000000000000000000000000000000000000000010000
110001100000000000000000000000000000000000000000000000000010000000000000000011000000000000000000000000000000000000000000000000000000000000000000000000000000000000100000000000000000000000000000000000000000000000000011110000000000000000000000000000000000000000000000000000000000000000000000000000010000
110001100000000000000000000000000000000000000000000000000000000000000000000000000000000000000000000110000000000000000000000000000000000000000000000000000000001100000000000010000000000000000000000000000000000000000010110000000000000000000000000000000000000000000000000000000000000000000000000000000000
000000000000000000000000000000000000000000000000000000000000000000000000000000000000000000000000000110000000000000000000000000000000000000000000000000000000001100001110000011000000000000000000000000000000000000000000110000000000000000000000000000000000000000000000000000000000001100000000000000000000
000000000000000000000000000000000000000000000011100000000000011000000000000000000000000000000000000000000000000000000000000000000000000000000000000000000000000000000001110011000000000000000000000000000000000000000000000000000000000000000000000000000000000000000000000000000000000100000000000000000000
000000000001100011000000000000000000000000000000000000000000011000000000000000000000000000000000000000000000000000000000000000000000000000011000000000000000000000100000110011100000110000000000000000000000000000000000000101000000000000000000000000000000000000000000000000000010000000000000000000000000
000000000001100011000000000000000000000000000000000000000000000000000000000000000000000000000000000000000000000000000000000000000000000100011000000000000000000000001000000011100001001000000000000000000000000000000000001100000000000000000000000000000000000000000000000000000100000000110000000000000000
000000000000000000000000000000000000000000110000000000000000000000000000000000000000000000000000000000000000000000000000000000000000001010000000000000000000000011011100011110000000110000000000000000000000000000000000001100000000000000000000000000000000000000000000000000001000001010000000000000000000
000000000000000000001000000000000000000000110000110000000000000000000000000000000000000000000000011000000000000000000111000000000000000110000000011000000000000001011000001100000000000000111000000000000000000000000010111000000000000000000000000000000000000000000000000000001000010110001000000000001100
000000000000000000001000000000000000000000000000110000000000000000000000000000000000000000000000111000000000000000000000000000000000000000000000011000000000000000010011000000000000000000000000000000000000000000000111000000110000000000000000000000000000000000000000000000000111000010010000000000010100
000000000000000000001000000000000000000000000000000000000000000000000000000000000000000000000000101011000000000000000000000000000000000000000000000000000000000000011101000000000000000000000000000000000000000000000000000000101000000000000000000000000000000000000000000000000110000001000000010000001000
000000000000000000000000000000000000000000000000000000000000000000000000000000000000000000000001110011100001100000000000000001110000000000000000000000000000000110001001110000000000000000000000000000000000000000000000011000010000000000000000000000000000000000000000000000000000000000000000101000000000
000000000000000000000011100000000000110000000000000000000000000000000000000000000000000000000110010011000011000000000000000000000000000000000000000000000000000110000000000000000000000000000000000000000000000000000101000000000000000000000000000000000000000000000000000000000000000000000000101000000000
000000000000000000000000000000000000110000000000000000000000000000000000000000000000000000001100000010000011000000000000000000000100000001100000000000000000000000000000000000000000000000000000000000000000000000001100000000000000000000000000000000000000000000000000000000000000000000000000010000000000
000000000000000000001000000000000000000000000000000000000000000000000000000000000000000000000010000000011000000000000000000000000100000001100000000000011000000000000000000000000000000000000000001100000000000000000000000000000000000000000000000000000000000000000000000000000000000000000000000000000000
000000000000000000001000000000000000000000000000000000000000000000000000000000000000000000000000000000001000000000000000000000000100000000000000000000100100000000000000000000000000000000000000001100000000000000000000011100000000000000000000000000000000000000000000000000000000000000000000000000011100
000110000000000000001000000000000000000000000000000000000000000000000000000000000000000000000000000000000000000000000000000000000000000000000000000000101000000001100000000000000000000000000000000000000000000000000000011010000000000000100000000000000000000000000000000000000000000000000000000000000000
001001000000000000000000000000100000000000000000000000000000000000000000000000000000000000000000000110000000000000000000000000000000000000000000000000010000000001100110000000000000000000000000000000000110000000000000100010000000000001010000000000000000000000000110000000000000000000000000000000000000
001010000001100000000000000001010000000000000000000000000000000000000000000000000000000000000000000110000000000000000000000000000000000000000000000000000000000000000110000000000000000000110000000000000110000000000000011100000000011001010000000000000000000000000110000000000000000000000000000000000000
000100000010010000000000000001010000000000000000000000000001100000000000000000000000000000000000000000000000000000000000000000000000000000000000000000000000000000000000000010000000000000110000110000000000000000000000011100000000011000100000000000000000000000000000000000000000000000000000000011000000
000000000001010000000000000000100000000000000000000000000001100000000000000000000000000000000000000000000000000000000000000000000000000000000000000000000000000000000000001010000000000000000000110000000000000000000000000000000000000000000000000000000000000000000000000000000000000000000000000100100000
000000000000100000000000000000000000000000000000000000000000000000000000000000000000000000000001110000000000000000000000000010000000000000000000000000000000000000000000001010000000000000000001000000000000000000000000000000000000000000000000000000000000000000000000000000000000000000000000000011000000
000000000000000000000000000000000000000000000000000000000000000000000000000001100000000000000010010000000000000000000000000101000000000000000000000000000000000000000000000000000000000000000000110000000000000000000000000000000000000000000000000000000000000000000000000000000000000000000000000000000000
000000000000000000000000000000000000000000000000110000000000000000000000000001100000000000001101110000000000000000000000000010000000000000000000000000000000000000000000000000000000000000000000110000001110000000000000000000000000000000000000000000000000000000000000001000000000000000000000000000000000
000000000000000000000000000000000000000000000000110000000000000000000000000000000000000000011111000000000000000000000000000000000000000000000000000000000000000000000000000000000000000000000000000000000010000000000000000000000000000000000000000000000000000000000001000000000000000000000000000000000000
000000000000000000000000000000000000000000000000000000000000000000000000000000000000000000010010000000000000000000000000000000000000000000000000000000000000001000000000000000000000000000000000000000001110000000000000000000000000000000000000000000000000000000001111001000001100000000000000000000000000
000000000000000000000000000000000000000000000000000000000000000000000000000000000000000000001110000000000000000000000000000000000000000000000000000000000000010100000000000000000001000000000000010000000000000000000000000000000000000000000000000000000000000000000000000000001100000000000000000000000000
000000000000000000000000000000000011100000011110000000000000000000000000000000000000000000000100000000000000000000100000000000000001000000000000000000000000100110000000000000011010100000000000100100000000000000000000000000000000000000000000000000000000000000000000000000000000000000000000000000000000
000000000000000000000000000000000100001110110111100000000000000000111000000000000000000000000000000000000000000001010000000000000010100000000000000000000000011100000000000000011011000000000000010010000000000000000000000000000000000000000000000000000000000000000000000000000000000000000000000000000000
000000000000000000000000000000000111000001010000010000000000000001001000000000000000000000000000000000011000000000100000000000000010100000000000000000000000010100000110000000000000000000000000000000000000000000000000000000000000000000000111000000000000000000000000000000000000000000000000000000000000
000000000000000000000000000111000000000110001110010000000000000000000100000000000000000000000000000000011000000000000000000000000001000000000000000000000000011111001001000000000000000000000000000000000000000000000000000000000000000000000000000000000000000000000000000000000000000000000000000000000000
000111000000000000000000000101000000000110000100110000000000000001100000001000000000000000000000000000000000000000000000000000000000000000000000000000000000011011000110000000000000000000000000000000000000000000000000000000000000000000010000010000000000000000000000000000000000000000000000000010011100
000000000000000000000000000111000000000000000011000000000000000001100010010100000000000000000000000000000000000000000000000000000000000000000000000000000000001010000000000000000000000000000000001010000000000000000000000000000000000000010000010000000000000000000000000000000000000000000000000111110010
000000000000000000000000000000000000000000000000000000000011000000000010011000000000000000000000000000000000000000000000000000000000000000000000000000000000010000100000000000011000000000000000000100000000000000000000000000000000000000010000010000000000000000000011000000000000000000000000001001101110
000000000000000000000000000000000000000000000000000000000011000000001000000000000000000000000000000000000000000000000000000000000000000000000000000000000000010110100000000000100100000000000000000000000000000000000000000000000000000000000000000000000000000000000011000000000000000000000000011010000000
000000000000000000000011011000000000000000000000000000000000000000111000000000000000000000000000000000000000011100000000000000000000000000000000000000000000010000100000000000010100000000000000000000011000000000000000000000000000000000000111000000000000000000000000000000000000000000000000001000100000
000000000000000000000110000000000000000000000000000000000000000000110000000000000000000000000000000000000000000000000000000000000000000000000000000000000000000101000000000000001000000000000000000000100100000000000000000000000000000000000000000000000000000000000000000000000000000000000000001000100000
000000000000001100000011101000000000000001100000000000000000000001110000000000000000000000000000000000000000000000000000000000000000000000000000000000000000001101100000000000000000001100000001100000011000000100000000000000000000000000000000000000000000000001000000000000000000000000000000001101000000
000000000000010010000000001000000000000000110000000011100000000000100000000000000000000000000000000000000000000000000000000000000000000000000000000000000000001101100000000000000000010010000001010000000000000100000000000010000000000000000000000000000000000010100000000000000000000000100000001110000000
000000000000001010000001001000000000000110100000000010010000000011110000000000000000000000000000000000000000000000000000001100000000000000000000000000000100000010000000000000000000010000000001110000000000000100000000000101000000000000100000000000000000000010100000000000000000000110010000000011100000
000000000000000100000000110000000000000110000000000011111100000100011000000000000000000000000000000000000000000000011100000110000000000000000000000000001010000000000000000000000001100000100000000000000000000000000000000101000000000001100000000000000000000001000000000001100000001011110000000001100000
000000000000000000000000000000000000000111111000000000001100001110000000000000000000000000000000000000000000000000000000001100000000000000000000000000001100000000000000000000000001011000000000000111000000000000000000000010000000000011000000100000000000000000000000000010100000001000001100000000000000
000000000000000000000000000000000000000001001000000000101100000101110000000000000000000000000000000000000000011100010110001000000000000000000000000000000000000000000000000000000001000000100000000000000000000000000000000000000000000000000001010000000000000000000000000000000010000110000010000000000000
000000000000000000000000000000000000000000111000000001100000000011110000000000000000000000000000000000000000000000000011000000000000000000000000000000000000000000000000000000000000000000000000100000000000000000000000000000000000000001010001011010000000000000000000000000000001000111110000000000000000
000000000000000000000000000000000001100000000000000000110000000001010000000000000000000000000000000000000000000000000100100000000000000000111000000000000000000000000000000000000000000000000001010000000000000000000000000000000000000000010000100011000110000000000000000000000001100000110110000000000000
000000000000000000000000000000000001100000000000000000000000000000000000000000000000000000000000000000000000000000000011000000000000000001000100000000000000000000000000000000000000000000000011011000000000000000000000000000000000000001110000000100100110000000000000000000000011100000100100000000000000
000000000000000000100000000000000000000000000000000000000000000000000000000000000000000000000000000000000000000000000000000000000000000000010100000011010000000000000000000000000000000000100000011000000000000000000000000000000000000001001000001111100000000000000000000000000000000000010110000000000000
000000000000000001000000000000000000000000000000000000000000000000000000000000000000000000000000000000000000000000000000000000000000000000001000000011111000000000000000000000000000000000110000000000000000000000000000000000011000000001111000001001000000000000000000000000101001100001000010000000000000
110000000000000000100000000000000000000000000000000000000011000000000000011000000000000000000000000000000000000000000000000000000000000010000000001000000110000000000000000000000000000000000000010000000000000000000000000000011000000000000100010001000000000000000000000000001100010010000001000000001000
110000000000000000000000000000000000000000000000000000000011000000000000100100000000000000000000000000000000000000000000000000000000000000000000001000000110000000000000000000000000000000000000100000000000000000000000000000000000000000001010111001000000000000000000000000000011100001011110000000001000
000000000000000000000000000000000000000000000011000000000000001000000000011000000000000000000000000000000000000000000000000000000000000100000010001001000110000000000000000000000000000000000000100000000000000000000000000000000000000000110100000010000000000000000000000000000001000000001010000000001000
000000001100000000000111000000000010000000000011000000000000001000000000000000000000000000000000000000000000000000000000000000000000001100000101000110011000000000000000000000000000000000000000000000011000000000000000000000000000000000011010001010000000001000000000000000000000000000010000000000000000
000000010010000000000111000000000101000000000000000000000000001000000000000000000000000000000000000000000000000000000110000000000000010000000000000001110000000000000000000000000000000000000000000000011000000000000000000000000000000000001001101100000000001000000000000000000000000000001100000000000000
000000001100000000000100000000000011000000000000000000000000000000000001100000000000000001000000000000000000000000000110000000000000001110000100000001110000000110000000000000000000000000000000000000000000000000001110000000000000000000000000000000000000001000000000000000000000000110000000000000000000
000000000000000000000011100000000000000000000000000000011011000000000001100000000000000001000000000000000000000000001011000000000000001111111000000000000000000110000000000000000000000000000000000000000000000000000000000000000000000000000000000000000000000000000000000000000000000110000000000000000000
000000000000000000000011100000000000000000000000000000010001000000000000000000000000000001000000000000000110000000001011000000000000000101001100000000000000000000000000000000000000000000000000000111110000100000011000000000000000000000000000000000000000000000000000000000000000000000000000000000000000
000000000000000000000000000000000000000000000000000000001110000000010000000000000000000000000000000000000110000000001010000000000000000000000000000000000000000000000000000000000000000000000000010001100010010000111000000000000000000000000000000000000000000000000000000000000000000000000000000000000000
000000000000000000010000000000000000000000000000000000001110001100001000000000000000000000000000000000000000000000000000000000000000000000000000000000000000000000000000110000000000000000000000010011101100110001001000000000000000000000100000000000000000000000000000000000000001100000000000000000000000
000000000000000000101000000000000000000000000000000000000000011100011000000000000000000000000000000000000000000000000000000000000000000000000000000000011000000000000000110000000000000000000000010010000100000001110000000000000000000000010000000000000000000000000000000000000110010000000000000000000000
000000000000000000011000000000000000000000000000000000000000000000000001000000000000000001100000000000000000000000000000000000000000000000000000000000100100000000000000000000000000000000000000001101000000000000100000000000000000000000100000000000000000000000000000000000000100001000000000000001000000
000000000000000000000000000000000000000000000000000000000000000001000000100000000000000001100000000000000000000000000000000000000001000000000000000000011000000000000000000000000000000000000000000111110000000000000000000000000000000000000001100000000000000000000000000000000100001100000001100011000000
000000000000000000000000000000000000000000000000000000000000000010000000010000000000000000000000000000000000000000000000011000000011100000000011000000000000000000000000000000000000000000000000000110110000000000000000000000000000000000000011000000000000000000000000000000000011101100000001101111000000
000000000000000000000000000000000000000000110000000000000000000110000001000000000000000000000000000110000000000000000000011000000111010000000011000000000000000000000000000000000000000000000000000000000001110000000000000000000111000000000010000011100000000000000000000000000000000000000100001000000000
000000000000000000000000000000000000000000110000000000000000010000000101000000000000000000000000000110001000101000100000000000001000010000000000000000000000000000000000000000000000000000000000000000000010010000000000000000001000010000000000000000000000000000000000000000000011100001100101000011000000
000000000000000000000000000000000000000000001000000000000000110000000100001000000000000000000000000000001000000101100000000000010001100000110000000100000000000110000011100000000000000000000000000001000100000001000000000000000110001000000000000000000000000000000000000000000011100001100010001010000000
000000000000000000000000000000000000000000110000000000000011000000000001011000001100000000000000000000001001000010110000000000110011000000101000000110000000001001000000000000000000000000011000000001000001110101110000000000000000101000000000000000000000000000000000000000000000000000000000000010000000
000000000000000000000000000000000000000000100001000000000011010101001000010000010111000000000000000100000000000000010000000001110110000000001000000111100000000110000000000000000000000001111000000000000000011001001000000000000000101000000000000000000000000000000000000000000000000000000000010110000000
000000000000000000000000000000000000000000000001000001110001010101100000001000010000100000000000001010000000110111010000000000100100000001101100111000110000000000000000000000000000000010111000000000000000010000111000000000000000110000000000000000000000000000000000000000000000000000000000011100010000
000000000000000000000000000000000000000000000000001100010001010101000000000100010000100000000000000010000000000000000000000000011000000000001100111000000000000000000000000000000000000000000000000000000000010100000000000000000000000000000000000000000000001000000000000000000000000000000000000100010000
000000000000000000000000000000000000000000000000100000100000110001000000100100110110000000000000011110100000000000000000000000000000000000001000100000000000000000000000000000000000001000000001100000000000000001000000000000000000000000000000000000000000001000001110000000000000000000000000000100001000
000000000000110000000000000000000000000101100000000000000000011010000000011010110100000000001000000010000000000000000000000000000000000000001000000000000000000000000000000000000000010100000000000000000000001000100000000000001100000000000000000000000000111000000000000000000000000000000000000100001000
000000000001001000001000000011100000001110000000011010000000000100000000000100111000000000010100000010000000000000000000110000000000000100010000000000000000000000000000000000000000010011010000000000000000000100100000000000011010000000000000000000000001100000000000000000000000000000000000000000000000
000000000001010000100010000010010000111110000000000000000111100000110000011011011000000000000000000000100000000000000000011000000000000010000000000000000000000000000000000000000000000000100000000000000001101111010001100000011010000000000000000000000011000000000000000000000000000000000000000010000000
000000000000100000100001000001110001100000000000000000000100110001001000000010110000000000000100000100000000000000000000100000000000000000000000000000000000000000000000000000000110000000110000000000000001000001111001100000000100000000001100000000000001100000000000000010000000000000000000000000010000
000000000000000001000001000000000011000000000110000000000011011000101100010110100000011001000000000100000000000000000000000000000000000000000000000000000000000000000000000000000110000000011000000000000001000010011101100000000000000000010010000000000000000000000000000111000000000000000000001010010000
000000000000000010000110000000000001100000000111000000001000000111001100001000000000011000100110000000000000000000000000000000000000000000000000000000000000000000000000000000000000000011101000010000000000111010001100000000000000000000001100000000000000000000000000001101100000000000000000010000100000
000000000000000001010000000000000000110000000110010000011100000101111100000000000000000000111110000001000000000000000000000000000101000000000000000000011100000000000000000000000000000010001000010000000011100000010100000000000000000000000000000000000000000000000000000100110000000000000000001111000000
000000000000000000100000000110000000010000000001010000000001100001100000001100000000000000010110000110000000000000000000000000000010000000000000110000000000000000000000000000000000000001010000010000110010010000001000000000000000000000000000000100000000000000000000010100000000000000000000000110000000
000000000000000000000000000110000000000000000001110000000001001010000000010010000000000000011000100000000000000000000000000000000000000000000001001000000000000000000000000000000000000000100000000001100000000000000000000000000000000000000000001010000000000000000000000000000000110000000000000000000000
000000000000000000000000000110000000000000000000000000000001001000000000010010000000000000111001010001110010000000000000100000000000000000000000110000000000000000000000000000000000000000000000001100010000100100000000000000000000000000000000001010000000000000000001011000010001010000000000000000000000
000000000000000000000000000110000000000000000000000000100100000100000000001100000000000001000001001010001101100000000011011000000000010000000000000000000000000000000000000000000000000000000000001100000000010100011000000000000000000000000000000100000000000000000001100000011100100000000000000000000000
000000000110000000000000001101100000000011000000000000100000100011000000000000000000000000100000000101100101000000000000010100000000101000000000000000000000000000000000000000000000000000000001000000000000000000110100000000000000000000000000000000000000000000000000000001001100000000000000000000000000
000000000101000000000010100101100001100011000000000000010000100011100000000000010000000000000000111110000010000000000000000100000001100000111000000000000000000000000000000000000000000011000001000000000000000000110110000000000000000000000011000000011000000000000000000110000100000000000100000000000000
000000000010000000000010010011000001100000000000000000001000100000100000000000101000000000000010000100000000000000000011010110000000000000000000000000000000000000000000000000000000000011000001000000111000000000000000000000000000000000000100100000100100000000000000000101000000000000000100000000001100
000000000000000000000100110000000000000000000000000000000010000000000000000000101000000000000101101000000000000000000000000111000000000000000000000000000000000000000000000000000000000000000000000000110000000000000000000000000000000000000011000000011000000000000000000101100001000000000100000000001100
000110000000000000000100100000000000000000000000000000010000000000000000000000010000000000000000101000000000000000000000111110000000000000000000000000000000000000000000000000000000110000000000000000001000000000000000000000000000000000000000000000000000000110000000000101100111000000000000000000000000
000110000000000000000111000000000000000000000000000000111000000000011000000000000000000000000000000000000000000000000000000110000000000000000000000000000000110000000000000000000000110000000000000000000000000000000000000000000000000000000000000100000000000110000000001100000010000000000000000000000000
000000000000000000000000000000000000000000000011000001101000000000100100000000000000000000001000000000000000000000000000001110000000000000000000000100000001001000000000000000000000000000000000000000000011100000000000000000000001000000000000001010000000000000000000010010000000000000000000000000000000
000000000000000000000000000000000000000000000000000010000100000000010100000000000000000000001000000000000000000000011000000110000000000000000000000110000001101100000000000000000000000000001000000000000000000000000000000000000010100000000000001010000000000000000000010010000000000000000000000000000000
000000000000000000000000000000000000000000000100000001111100000000001000000000000000000000000000001010000000000000010010001010000000000000000000000110000000101000000000000000000000000000010100000000000000000000000000000000000010100000000000000100000000000000000000101010000000011100000001000000000000
000000000000001100000000000000000000000000000110000000000010000000000000011100000000000000000000000000000000000000000001101110000000000000000000100000000000010000000000000000000000000000010100000000000000000000110110000000000001000000000000000000000000000000000000000000000000000000000010100000000000
000000000000001100000000000000000000000000000101000000000110000000000001100010000000000000000000001011000000000000000000110010000000000000000010001000000000000000110000000000000000000000001000000000000000000000100010000000000000000000000000000000000000000000000000000000000000000001000100100000000000
000000000000000000000000000000000000000000000011000001100100000000100000000100000000000000000000011111000100000000000000001100000000000000000100001000000000000011111000000000000000000000000000000000000000000000011100011000000000000000000000000000000000000000000000000000000000000001000011000000000000
000000000000000000000000000000000000000000100000000001101000000010000000000100000000000000000000010011101010000000000000000000000000000000000110000000000000000101001110000000000000000000000000000000000000111000001000011000000000000000000000000000000000000110000000110010000000000001000000000000000000
000000000000000000000000000000000000000001010000000100001000000000000000101000000000000000000000100000001100000000000000000000000000110000000000000000000000001001000000000000000000000110000000000000000001000100000000000000000000000000000000000000000000000110000000011100000000000000000000000000000000
000000000000000000001100000000000000000001100000000011100000011010000000000000000000000000000000101000000000000000000000011000000000110000000000000000000000000100110000101100000000011001000000000000000001100010000000000000000000000000000000000000000000000000000000011100000000000000000000000000000000
000000000000000011001100000000000000000000111000000001000000000010010000000000000000000000000000000000000000000000000000011000000000000000000000000000000000000010000001110100000000100000000000000000000001100110000000000000000000000000000000110000000000000000000000000000000000000000000000000000000000
000000000000000011000000000000000000000000010100000000000000011001110000000000000000000000000000000000000000000000000000000000000100000000000000111000000000000011100000000000000011000010000000000000000011000110000000000000000000000000000000110000000000000000000000000000000000000000000000000000000000
000000000000000000000000000000000000000000110110000000000000000000000000101000000000000000001000111000000000000000000000000000001000000000000001000010000000000000001010010110000101000010000000000000000011001100000000000000000000000000000000000000000000000000000000000000000000000000000000000000000000
000000000000000000000000000000000000000000111110000000000000000000000000101000000000000000001000100100000000000000000000000000001000110000000000100011000000000000000100010000010000000100000000000000000000000000000000000000000000000000000000000000000000000000000000000000000000000000000000000000000000
000000000000000000000000000000000000000001110110000000000000000000000000100000000000000000001000111000000000000000000000000000001100000000000000100000100000000000000001101111100011111000000000000000000000000000000000000000000000000000000000000000000000000000000000000000000000000000000000000000000000
000000000000000000000000000000000000000000000000000000000000000000000000000000000000000000000001000000000000000000000000000000000000000000000000000110110000000000001111110000101001000000000000100000000000000000000000000000000000000000000000101000000000000000000000000000000000000000000000000000000000
000000000000000000000000000000000000000000000000000000000000000000000000010000000000000000000001100000000000000000000000001110000000000000000000000110100100000000010100100001110000000000000001000011110000000000000000000000000000000000000000101100000000000000000000000000000000000000000000000000000000
000000000000000000000000000000110000000000000000000000000000000000000001100000000000000000000001100000000000000000000000011101000000000000000000000000010100000000110100100010000000000000000001000010000000000000000000000000000000000000110000000100000000001100000000000000000000000000000000000000000000
000000000000000011100000000000110000000000000000000000000000000000000001001000000000000000000000000000000000000000000000011001000000000000000110000000001000000000110111111100000000000000000000000100101000011000000000000000000000000000110000000100001100001100000000000000000000000000000000000000000000
000000000000000000000000000001000000000000000000000000000000000000000001110000000000000000111000000000000000000000000000110100000000000000001001000000000000000000100101110000000000000000000000000001101000011000000000000000000000000001000000000000001100000000000000000000000000000000000000000001100000
000000000000000000000000000110010000000000000000000000000000000000000000000000000000000000000000000000000000000000000000000011000000000000001010000000000000000000101101000000000000000000000000110001100000000000000000000000000000000000110000000000000000000000000000000000000000000000000000000010100000
000000000000000000000000001101101000000000000000000000000000000000000000000000000000000000000000000000000000000000000000000001000000000000000100000000000000000000101000000000000000000000000001011101110000000000000000000000000000000000110000000000000000000000000000000000000000000000000000000010100000
000000000000000000000000000100011100000000000000000000000000000000000000000010001110000000000000000000000000000010000000000000000000000001100000000000000000000000111001000000000000000000000001001100000000000000000000000000000000000000000000000000000000000000000000000000000000000000000000000000100000
000000000000000000000000001000101000000001000011000000000000000000000000001111101000000000000000001100000000000101000000000000000000000010010000000000000000000000010100000000000000000000000000111100000000000000000000000000000000000000000011001100000000000000000000000000000000000000000000000011100000
000000000000000000000000000110110000000010100100000111010000000000000001001101111000000000000000001100000000000101000000000000000000000001100000000000000000000000001100000000000000000000000000000000000000000000101000000000000000000011000011001110000000000000000000000000000000000000000000000000110000
000110000000000000000000000110000000000101000010111100010000000000000010001001010000000000000000000000000000000010000000100000000000000000000000000000000000000000000000000000000000000000000000000000000000000000100100000011000000000100100000001100000000000000000000000000000000000000000000001011111000
000110000000000000000000000000110000000000000011000110010010000000000011001001100000001000001000000000000000000000000001010000000000000000000000000000000000000000000000000000000000000000000000000000000000000001101100000011000000000010100001111000000000000000000000000000000001100000000000001010000000
000000000000000000000000000000010000000000000011100000100010000000000001001000110000010100010110000000000000000000000000100000000000000000000000000000000000000001000000000000000000000000000000000000000000000001100100000000000000000001000000110000000000000000000000000000001100000000001110001001110000
000000000000000000000000000001010000000000000011010011000000000000000000100000001000010001000010000000000000000000000000000000000000000000000000000000000000000001000000000000000000000000000000000000000000000001100000000000000000000000000000100000000000000000000000000000000000001001111110011000000000
000000000000000000000000000001100000000000000001100011000000000000000100000111110000000001000010001000000000000000000000000000000000000000000000000000000000000001000011000000000100000000000000000000000000000000010100000011100000000000000000000000000000000000000000000000100111000000000000000100000000
000000000000000000000000000000000010000000000000100000000000000000000010000000100000000000010000001100000000000000000000000000000000000010000000001000000000000000000011000000000100000000000000000000000000000000000000000100010000000000000000000000000000000000000000000000100101000001100000000000000000
000000000000000000000000000000000010000000000000000000000000000000000010000100000000000101001000001010000000000000000000001100001000001101000000001000000000000000000000000000000100000000000000000000000000000000001111001000001000000000000000000000000000000000000000000000101000001000111000000000000000
000000000000000000000000000000000010000000000000000000000000000000000110001000000000000011110000000100000000000000000000001100010100001100000000001000000000000000000000000000000000000000000000000000000000000000000001100000001000000000000000011000000000000000000000110000010001010000001000001010000000
000000000001110000000000000000000000000000000000000000000000000001000000100000000000000000110000000000000000000000000000000000100010011010000000000000000000000000000000000000000000000000000000000000000000000000010100000001101000000000000000011000000000000000000001001000000010000000001000000011000000
001100000001001000000000000000000000000000000000000000000000000110101000110000000000000000000000000000000000000000000000000000100010011000000000000011100000000000000000000000000000000000000000000000000000000001111011100001000000000010000000000000000000000000000000110000000001100000000000000110000000
010100000001000100000000000000001100000000000000000000000000001010101000001000000000000000000000000000000000110000000000000000011100001011100000000000000000000000000000000000000000000000000000000000000001111010001001001010000000001100000000000000000000000000000000000000000000110000000000000100000000
010010000000000100000000000000001010000000000001000000000000001000100000001100000100000000000000000000000011011000000000000000000010000111100000001000000000000000000000000000000000000000000000000000000110111111111011000000000000001110000000000000000000000000000000000001000000000000000000000000000000
011100000001000100000000000000000100000000000110110000000000000001011010000010001110000000000000000000000000001000000000000000010100100110100000001000001000000000000000000011000000000000000000000000000110000111111000000000000000010010000000000000000000100000110110000110110000000000000000000000000000
010110000001001000000000000000000000000000000100000000000000000101101100000010010111000000000000000000000000001011000000000000010000000011010000001000010100000000000000000100100000000000000000000000000101000000000000000000000000011110000000000000000000100000100101001000001000000000000000000000000000
001010000001110000000001110000000000000000000100010000000000000010000000110110110000000000000000000000000000001000000000000000000100111110111000000000010100000000000000000011000000000000000000000000000000000001000000000000000001000000000000000000000000100000010101101100000000000000000000000000000000
001101100000000000000010010000000000000000000011100000000000000000000000000100010100000000000000000000000001110111000000000000000001000110011000000000001000000000000000000000000000000000000000000000000000000100110000000000000001010100100000000000000000000000001011100001000100000000000000000000000000
000111000000000000000010001000000000000000000000000100000000000000000000110000000100000000000000000000000000100000000000000000000000000000000000000000000000000000000000000000000000000000000000000000000000011110001000000000000000001100100000000000001110001101010000000000011000000000000000000110000000
000011011100000000000100111100000000000000000000001110000000000000000000110000010010100000000000000000000000000000000000000000000000000000000000000110000000110000000000000000000000000000000000000000000100011100001100000000000000110000010000000000000000000100011001000000000000000000000000000110000000
000000000000000000000011111010000000000000000000011111000000000000000000000000001001000000000000000000000000000000000000000000000000000000000000001001000001001000000000000000000000000000000000000000001010010000000000000000000000000011100000000000000000000000000111000110000011100000000000000000000000
000001000001000000000000000000000000000000010000110001100000000000000000000000001111000000000000000000000000000010000000000000000000000000000000000110000000110000001010000000000001000000000000000000001100000001101100000000000000000001000000000000000000000001000001001101100011100000000000000000000000
000001000001111000000000000100000000000000111001110001110000000000000000000000000000000000000000000000000000001100000000000000000000000000000000000000000000000000001001000000000010100000000000000000000100000000000000000000000000000000000000000000000000011000100010000111100000000000001100000000000000
000001000001111000000110000000010000000001010100110001100000000000000000000000000000000000000000000000000000001110000000000000000000000000000000000000001000000000000001000000000010100000000000000000000000000000010000000000000000000000110000000000000000011000000010000011100000000000001100000000000000
000000000000000000000110000001010000000011101110011111000000011000000000000000000000010000000000000000000000000110100000000000000000111000000000000000010100000000000101100000000001000000000000000000000000000001001000000000000000001100110000000000000000000000010000000000110000000000000000000000000000
000000011100000000110010011000100000000001010100001110000000100100000000000000000000010000000000000000000000000001100000000000000001000000000000000000010100000000001101100000000000000000000000000000000000000001000100000000000000001100000010000000000000000000000000000000110000000000000000000000000000
000000000000000000111100011000000000000000111000000100010000010100000000000000000000010000000000000000010000000001100000000000000001000100000000000000001000000000001101100000000000000000000000000000000000000001000100000000000000000000000101000000000000000000101000000000000000000000000000000000000000
000000000000000001000011000000000000000000010000000000101000001000000000000000000000000000000000000000101000000000010000000000000110000100000000000000000000000000000000000000000000000000001110000000000001110000111000000000000000000000000100100000000000000001010100000000000000000000000000000000000000
000000000000000000000010100000000000000000010000000000011000000000000000000000000000000000000000000000101000000000011000000110001001000000000000000000000000000000000000000000000000000000000000000000000000000000000000000000000000000000000011000000000000000000000000000000000000000000000000000000000000
000000000000000011110110110000000000000000010000000000000000000000000000000000000000000000000000000000010000000000011000001000010001011000000000000000000000000000001000000000000000000011000000000000000100000101101000000000000000000000000000000000000000000100000001000000000000000000000000000000000000
000001000000000011011001100000000000000000010000000000000000000000000000000000000000000000000000000000000000000000000000000000001001100000000000000000000000000000010000000000010000000011000000000000000100000101101000000010000000000000000000000000000000001000000000100000000000000000000000000000000000
000001000010000000000100000000011000000000000000000000000000000000000000000000000000000000000000000000000111000000000000000000001110000000000000000000000000000000011000000000101100000000000000000000000100000100010000000010000000000000000000000000000000000100000001000000000000000000000000000000000000
110001000111000010000000000000100100000000000000000000000001110000000000000000000000000000000000000000000000000000000000000000101110000000000000000000000001000000000000000000101100000000000000000000000000000000000000000010000000000000000000000000000000001000010000100000000000000000000000000000000000
110000001001000000110000000000011000000000000000000000000000000000000000000000000000000000000000000000000000000000000000000000100000000000000000000000000010100000000111000000010010000000000000000000000001110000000000000000000011100000000000000000000000000000101000000000000000000000000000000000000000
000000000111000001000000000000000000000000000000000000000000000000000000001000000000000000000000000110000000000000000000000001000000000000010000000000000010100000000011000000001100000000000000000000000000000000000000000000000000000000010000000000000000000101000101000000000000000000000000000000000000
000000011011000010000000000000000000000000000000000000000000000000000000011000000000000000000000000110000000000000000000000000110000000000010000000000000001000000000011000000001100000000000000000000000000000000000000000000000000001000101000000000000000000000000000000000000000000000000000000000000000
000000001010000001000000000000000000000000000000000000000000000000000000111000000000000000000000000000000000000000000000000001101000000000010000000000000000000000000000000000000000000000000000000000000000000000000000000000000000001000101000000000000000110000000000000000000000000000000000000000000000
000000000100000000000000000000000000000000000000000000000000000000000000100000000000000000000000000000000000000001000000000000101000000000000000000000000000000000000000000000000000000000000000000000000000000000000000000000000000001000010000000000000000110000000000000000000000000000000000000000000000
000000000000000000000000000000000000100000000000000000000000000000000010000000000000001100000000000000000000000001000000000000010000000000000000000000000000000000000000000100000000000000000000000000110000000000000000000000000000000000000000011000000000000001100110000000000000000000000000000000000000
000000000000000000000000000000000000100000000000000000000000000000000010001100000000001100000000000000000000000001000000000000000000001100000000000000000000000000000000001100000000000000000000000000110000000000000000000000000001000000000000011000000000000000000011000000000000000000000000000000000000
000000000000000000000000000000000000100000000000000000000000000000000000001100000000000000000000000000000011000000000111000000000000001100000000000000000000001000010000001000000000000000000000000000000000000000000000000000000010100000000000000000000000000011110011000000000000000000000000000000000000
000000000000000000000000000000000000000000000000000000000000000000000001000000000000000000000000000000000100100000011000100000000000000000000000000000000000011000100000000000000000000000000000000000000000000000000000000000000100100000111000000000000000000001000110000000000000000000000000000000000000
000000000000000000000000000000000000000000000000000000000000000000000000100100001000000000000000000000000101000000001111000000000000000000000000011000000000011001001000000000000000000000000000000000000000000000000000000000000011000000000000000000000000000000000100000000000000000000000000000000001000
000000000000000000000000000000000000000000110000000000000000000000000000111000001000000000000000000000000110000000000110000000000000000000000000100100000000010000001000000000000000000000000000000000000000000000000000000000000000000010000010000000000000000000000000000000000000000000000000000000010100
000000000000000000000000000000000000000000001000000000000000000000000000000000001000000000000000000000000000000000000000000000000000000000000100011000000000000000100100000000000000100000000000000000000000000000000000000000000000000010000010000000000000000000000001000000000000000000000000000000010100
000000000000000000000000000000000000000001000000000000000000000000000000000000000000000000000000000001100000000000011100000000000000000000000010000000000000000000011000000000000001010000000000000000000000000000000000000000000000000010000010000000000000000010000001000000000000000000000000000000001000
000000000000000000000000000000000000000000110000000000000000000000000000000011100011100000000000000011110000000000100000000000000000000000011011010000000000000000000000110000000010010000000000110000000000000000000000000000000000000000000000000000000000000101000001000000000000000000000000000000000000
000000000000000000000000000000000001100000000000000000000110000000000000000000000000000000010000000100101000000000111101000000000000000001101111111000000011100000000000110000000001100000000001001000000000000000000000000000000000000000111000000000000000000010000000000000000000000000000000000000000000
000000000000000000000000000000000001010000000000000000000110000000000000000000001000000000001000000110011011110000111010110000001000110001101111001100000100011000000000000000000000000000000001010000000000000000000000000000000000000000000000000000000000000011000000000000000000000000000000000000000000
000000000000000000000000000000011101010000000000000000000000000000000000000000001000000001000100011000001000110000100000011011001000110000000011001000001000011010010000000000000000000000000000100000000000000000000000000000000000000000000000000000000000000010000111000000000000000000000000000000000000
000000000000000000000000000000101101100000000000000000000000000000000000000000001000000001001110110000000010000011100000110000011000000000000011110000000001000001000100000000000000011000000000000000000000000000000000000000000000000000000000000000000000000010000110100000000000000000000000000001100000
000000000000000000000011100000100011000000000000000000000000000000000000000000000000000001110110000001011001000011001000100000100000000000110110010000110100000001100010000000001001001000000000000000000000011000000000000000000000000000000000000000000000000000000100100000010000000000000100000001100000
000000000000000000000000000000100110000000000000000000000000000110000000000000000000011100010111100010010000000000001100100011100000000000101010100000110100000000001011000000000000001000000000000000000000101000000000000000000000000000000000000100111000000000000001000000101000000000000100000000000000
000000000000000000001000000000011100000000000100000000000000000110000000000000000000011100001011010110011100000000000100011100000000000000100000100000001000000000000011100000001100010000000000000000000001010000000000000000000000000000000000001110100000011100000000000000101000000000000100000000000000
000000000000000000001000000000000000000000001010000000000000000000000000000000000000010010010010000010000000000000000000000000000000000000000100100000000000000000000011100000000111000000000000000000000000100000000000000000000000000000000000010101100000011000000000000000010000000000000000000000000000
000000000000000000001000000001110000000000000110000000000000000000000000000000000000000111011010000001000000100011000000000000000000000000000110000000000000000000000011100000000000000000000000000000000000000000000000000000000000000000000000010101000000010110000000000000000000000000000000000000000000
000000000000000000000000000001111100000000000000000000000000000000000000000000000000000110000001000001100000100000100000000110000000000000000000000000000000000000000011000000000000000000000000000000000000000000000000000000000000000000000000001110000000000010011000001100000001100000000000000000000000
000000000000001000000011000000000100000001100000000000000000000000000000000000000000000000101000001110110000100001000000001111000000000000000000000000000000000001010110000000000000000000000000000010000000000000000000000000000000000000000000000100000000000001010000010010000001100000000000000000000000
000000000000001000000011000001111100010001100000000000000000000000000000000000000000010001110000000101000000001001000000010011110000110000000000000011000000000000010100000000000000000000000000000101000000000000000000000000000000000000000000000000000000110100010000001100000000000000000000000000000000
000000000000001000000000000001110000111000000110000000000000000000000000000000000001110000000000000000000000001110000000001100011000110000000000000011000000000000011110110000000000000000000000000101000000000000000000000000000000000000000000011000000000010100010000000000000000000000000000000000000000
000000000000000000000000000000000000001110000110000000000000000000000000000000000000000100010000000000000000000000000000000111101100000000000000000000000000000001000100010000000000001101100000000010000000000000000000000000000000000000000000011000000000010111100000000000000000000000000000000000000000
000000000000000000000000000000000000000111011100000000000000000000000000000000000010000110110010000000000000000000000011011111101000000000000000000000000000110000000100000100000000001101100000000000000000000000000000000000000000000000000000000000000000010100000000000000110000000000000000000000000000
000000000000000000000000000000001110000010111000000000000000000000000000000000000010000010011001000000000000000000000001011001110000000000000000000000000000110000000000001100000000000000000000000000000000000000000000000000000000000000000000000000000000000010000000000000110000000000000000000000000000
000000000000000000000000000000010001110001111100000010000000000000000000000000000001000011001010000000000000000000000000000100000000000011100000000000000000000000000001001100000000000000000000000000000000000000000000000000000000000000000000011000000000000000000000000000000000000000000000000000000000
000000000000000000000000000000010111110001100010000101000000000000000000000000000001000010000000010000000000000000000000010100000000000000000000000000000000000000000010000000000000000000000000000000000000000000000000000000000000000000000000100100000001100000000000000000000000000000001100000000000000
000000000000000000000000000000001100000011000010000011000000000000000000000000000000010000000011100000000000000000000000001000000000000000000000000000000000000000000100000001000000110000000000000000000110000000000000000000000000000000000000101000000001101100000000000000000000000000001100000000000000
000000000000000000000000000000000000000110110100000000000000000000000011100000000000000000000011100000000000000000000000000000000000000000000000011000000000000000001000010001000000110000000000000000000110000000000000000000000000000000000000010000000000101000000000000000000000000000000000000000000000
000000000000000000000000000000000000000010110000000000000000000000000000000000000000000000000000000000000000000000000000000000000000000000000000010100000000000000000000011111000000000000000000000000000000000000001110000000000000000000000000000000000000010000000000000000000000011000000000000000000000
000000000000000000000000000000000000000010010000000000000000000000000000000000000011100000000000000000000000000000000000000000000000000000000000100100000000000000000001101110000000000000000000000000000000000000100001000000000000000000000000000000000000000000000000000000000000011000000000000000000000
000000000000000000000000000000000000000001110000000000000000000000000000000000000000000000000000000000000000000000000000000000000000000000000000001000000000000000000000011010000000000000000000000000000000000001101011001100000000000000000000000000000000000000000000000011000000000000000000000000000000
000000000000000000000000000000000000000000000000000000000000000000000000000000000000100000000000000000000000000000000000000000000000000000000000000000000000000000010000011000000000000000000000000000000000000011000011010100000000000000000000000000000000000000000000000000000000000000000000000000000000
000000000000000000000000000000000000000000000000000000000000000000000000000000000000000000000000000000000000000000000000000000000000000000000000000000000000000000001000011000000000000000000000000000000000000101100000000100000000000110000000000000000001000010000000000000000000000000000000001000000000
000000000000000000000000000000000000000000000000000000000000000000000000000000000000000000000000000000000000000000000000000000000000000000000000000000000000000000000000011000000000000000000000000000000000000011011000000000000000000011000000000000000110000110000000000000000000000000000000010100000000
000000000000000011011000000000000000000000000000000000000011000000000000100000000000011100000000000000000000000000000000000000000000000000000000000000000000000000000000110000000000000001000000000000000000000000110000000000000000000000000000000000001000100101100000000000000000000000000000010100000000
000000000000000011010100000000000000000000000000000000000011000000000001110000000000100100000000000000000000000000000000000000000000000000000000000000000000000000000000100000000000000011100000000000000000000000010000000000000000000000000000000000001100100000000000000000000001100000000000001000000000
000000000000000001100100000000000000000000000000000000000000000000000011001000000000001000000000000000000000000000000000000000000000000000000000000000000000000000000000000000111000000000000000000000000000000000000000000000000000000000000000000000110000100000101101100000011111000000000000000000000000
000000000000000100000000100000000110000000000000000000000000000000000010001000000100000000000000000000000000000000000000000000000000000000000000000110000000000000000000000000000000000000000000000000000000000001100000011000000000000000000000000010100010000000001001111101100001000000000000000000000000
000000000001100111111000100000000110000000000000000000000000000000000010110000000100011000000000000000000000000000000000000000000000000000000000000010000000000000000000000000000000000011100000000000000000000100000001100101100000000000000000000100001110000011011000111000000000000000000000000001000000
000000000010011011110000100000000000000000000000000000000000000000000011000000000100011000000000000000000000000000000000000000000000000000000000000000000000000000000000000000000000000001000000000000000000000100100001000100000000000000000000000010110000000001110100001000000101100000000000000001110000
000000000100010000000000000000000000000000000000000000000000000000000000000000000000111000000000000000000000000000000000000000000000000000001000000000000100000000000000010000000000000000000000000000000000000001000001000101100000000000000000000001010100000000100001000100011001100000011000000010011000
000000001000000000000000000000000000000000000000000000000000000000000000000000000000000000000000000000000000000000000000000000000110000000111000000000000100000000000000101000000000000110000000000000000000000000000000110000000000000000000010000000000100000000000000000000010000000000101000000000010100
000000000000000000000000000000000000000000000000000000000000000000000000000000000000000000000000000000000000000000000000000000000110000000100000000001000100000000000000101000000000000001000000000000000000000000000000000000000000000000000010000000000100000000000000000000110000000000101000011011011011
000000100000000001000000000000100000000000000000000000000000000000000000000000000000000000000000000000000000000000000000000000000000000000111000000010100000000000000000010000000000000110000000000000000000000000000000000000000000000000000010000000000000000000000000000001110000000001110000111000000011
000000100000100010100000000000100000000000000000000000000000000000000000000010100000000000000000000000000000000000000000000000000000000000000000000000100000000000000000000000000000000000000000000000000000000000000000000000000000000000000000000010000000000001100000000000110000000000000000110110000011
000000100000100011000000000000100000000000000000000000000000000000000000001000000000000000000000000000000000000000000000000000001000000000000000001101000000000000000000000000000000000000000000000000000000000000000000000000000000000000000000000010000000000010010000000001001000000000000000111110000000
000000000000000000000000000000000000000000000000000000000000000000000000010000100000000000000000000000000000000000000000000000010100000000000000000110000000000000000000000000000000000000000000000000000000000000000000000000000000000000000010000010000000000001100000000000000000000000000000111001000000
000000001110000000000000000000000000000000000000000000000000000000000000010000000000000000000000000000000000000000000000000000001000000000000000000000000000000000000000000000000000000000000000000000111000000000000000000000000000000000001100000000000000000000000000000000000000000000010001100011000000
000000000000000000000000000000000000000000000000000000000000010000000000001000000000000000000000000000000000000000000000000000000000000000000000000000000000000000000000000000000000000000000000000011011000000100000000100000000000000000001110000000000000000000000000000000000000000000111000110100000000
000000000000000000000010000000000000000000000000000000000000101000000000000000000000000000000000000000000000000000000000000000000000000000000000000000000000000000000000000000000000000000000000000010000100000011000001010000000000000000000000000000000000000000000000000000100000000001101100010000000000
000000000000000000000101100000011000000000000000000000100110101000000000000000000000000000000000000000000100000000000000000000001000000000000000000000000000000000000000000000000000000000000000000000010000000100000001010000000000000000011000000000000000000000000000000000100000000000111000000000000000
000000000000000000010000110000011000000000000000000001000001010000000000000001100000000000000001110000000100000000000000000000010100000000000000000000000000000000000000000000000000000000000000011010010000000000000000100001000000000000010000000000000000000000000000000000010000000000010000000000000000
000000000000000000000001100000000000000000000000000011010011000011010000000001100000000000000000000000000100000000000000000000010100000000000000000000000000000000000000000000000000000000000000000100000110000000000000000110010000000000000001000000000000000000000000000000000000000000000000000000000000
000000000000000000101001100000000000000000000000000001010000000001011000110000000000000000000100000000000000000000000000000000001000000000000000000000000000000000000000000000000000000000000000000001000110000000000000000000001000000000000010100010000000000000000000011000000000000000000000000000000000
000000000000000001000011000000000000000000000000000000010000000000000111110000000000110000000100000000000000000000000000000000000000000000000000000000000000000000000000000000000000100000000000000011000010000000000000000000000100000000000010100011100000000000000000110000000000000000001100000000000000
000000000000000001100100000000000000000000000000000000000000000001000001000000000000110000000100000000000000100000000000000000000000000000000000000000000000000000000000000000000000100000000000000001100100000000000000000000011000000000000000000000000000000000000001011000000000000000001100000110000000
000000000000100000000000000000000000000000000000000000000000000001000001000000000000000010000000000000000000100000000000000000000000000000000000000000000000000000000000000000000000100000000000000000010000000000000000000000000000000000000000000000001000000000000001100000000000000000000000000110000000
000000000001100000000000000000000000000000000000000000000000000000100010000000000111000011000001110000000000100000000000000000000000000000000000000000000000000000000000000000000000000000000000000000000000000000000000001000000000000000000000000000101000000000000111000000000000000000000001000000000000
000000000010000000000100000000000000000000000000000000000000000000011100000000000111000000100000000000000000000000000000000000010000000000000000000000000000000000000000000000000000001000000000000000001100000000000000010100011100000000000000000000100000000000001110000000000000000000000011100000000000
000000000110000000000100000000000000000000000000000000000011000000000000000000000000010010100000000000000000000000000000000000011000000000000000000000000000000000000000000000000000010100000010000000010010000000000000110110100010000000000000000000000000000000010011000000000000000000000010110000000000
000000000000000100000000000000000000000000000000000000000011000000000000000000001111001001000000000000000000110000000000000000000100000000000000000000000000000000000000000000000000100010000010000000010010000000001100100100110010000000000000000000000000000110011010001100000000000000000000000000000000
000000000110000010000000000000000000000000000000000000000000000000000000000000001101101001000000000000000000110000000000000000001000000000000000000000000000011100000000000000000000000010000010000000100010000000001101101100001001000000000000000000000000000110001100000100000000000000000000000000000000
000000000000100110000000000000000000000000000000000000000000000000000000000000001110001110000000000000000000000000000000000000000000000000011000000110000000000000000000000000110000000011000000000000010100000000000000101000000000000000000000000000000000000000000000100100000000000000001011000000000000
001100000000010001000000000000000000000000000000000000000000000000000000000000000111000100000000000000000000000000000000000000000000000000100100000110000000000000000000000000110001100100000000000000001000000000000000010000000000000000000000000000000000000000000000101000000000000000000111000000000000
001100000000010010000000000000000000000000000000000000000000000000000000000000000100111000000000000000000000000000000000000000000000000000011000000000000000000000000000000000000010000000000111000000000000000000000000000000000000000000000000000000000000000000000000000000000000000000000111000000000000
000000000000001100000000000000000001100000000000000000000000000000000000000000000100011000000000000000000000000000000000000000000000000000000000000000000000000000111000000000000001010000000000000000000000000000000000000000000000000000000000000100000000000000000000000000000000000000000000000000000110
000000000000000000000000000000000010010000000000000000000000000000000000000000000110110100000000000000000000000000000000000000000000000100000000000000000000000000000000000000000000110010000000000001100000000000000000000000000000000000000000001100000000000000000000000000000000000000000000000000000110
000000000000000000000000000000000001100000000000000000000000000000000000000000000111011011000000000000000000000000000000000000000000000100000000000000000000000000000010000000000000001100000000000010010000000000000000000000011000000000000000010100000000000000000000000000000000000000000000000000000000
000000000000000000000000000000000000000000000000000000000000000000000000000000000011000000000000000000000000000000000000000000000000000100000000000000000000000000000010000000000000000000000001100001100000000000000000000000010100110000010000000000000000000000000000000000000000000000000000000001100000
000000000000000000000001100000000001100000000000000000000000000000000000000000000110011011000000000000000000000000000100000000000000000000000000000000000000000000000010000000000000000000000001100000000000000000000000000000000000000001001000110001110000000000000000000000000000000000001100000001100000
000000000000000000000001100000000010010000000000000000000000000000000000000000001100011000000000000000000000000000001010000000000000000000000000000000000000000000000000000000000000000000000000000000000000000000000000000000000000111011001101110001000000000000000000000000110000000000010010000000000000
000000000000000000000000000000000001100000110000000000000000000000000000000000000110110000000000000000000000000000011011000000000011101110000000000000000000000000000000000000000000000000000000000000000000111000000000000000000001111100000000110111000000000000000000000000110000000000001100000000000000
110000000000001100000000000000000000000001001000000000000000000000000000000000000010111000000000000000000000001000010001000000000010000010000000000000000000000000000000000000000000000000000000000000000000110000000000000000000001100101110100100010000011000000000000000000000000000000000000000000000000
110000000000001100000000000000000000000000110000000000000000000100000000000000000001001000000000000110100000001000011101000000000010000010000000000000000000000000000000000000000000000000000000000000000000110110101000000000000000100001100000110100000001100000000000000000000000000000000000000000000000
000000000000000000000000000000000000000000000000000000000000000100000000000000000000110000000000101101110000001000001010000000000001000100001010000000000000000000000000000000000000000000000000000000100000000010101000000000000101000000011010110110000011000000000000000000000000000000000000000000000000
000000000000000000000000000000000000110000000000000000000000000100000000000000000000000000000001110100001000000000000000000000000000111000101010000000000000000000000000000000000000000000000000000011110000001001101000000000001101000000001010000000000010000000000000000000000000000000000000000000000000
000000000000000000010000000000000001001000000000000000000000000000000000000000000000000000000010000101110000000000000000000000000000000001000010000000000000000000000000000000000000000000000000000100001000000000000000000000000010000000000010000000000111001000000000000000000000000001000000000000000000
000000000000000000101000000000000000110000000000000000000000000000000000000000000000000000000001110110100000000000000000000000000000000001000010000000000000000000000000000000000000000000000000000000010000000000011101000000000000000000000000000000000111111000000000000000000000000010100000000000000000
000000000000000000101000000000000000000000000000000000000000000000000000000000000000000000000000101100000000000000000000000000000000000000100001000000000000000000000000000000000000000000000000000100000000000000010101000000000000000000000000000000000100011000000000000000000000000010010000000000000000
000000000000000000010000000000000000000000000000110000000010000000000000000000000000000000000000000000000000000000000000000000000000000000010001000000000000000000000000000000000000000000000000000000000000011001100000000000000000000000000000000000000000000000000000000000000000000001100000000000000000
000000000000000000000000000000000000000000000001001000000111000000000000000000000000000000000000000000000000000000000000000000000000000000010000100000000000000000000000000000000000000000000000000000000000000010100001000000000000000000000000000000000000000000000000000000000000000000000000000110000000
000000001000000000000000000000000000000000000001010000001001100000000000000000000000000000100000000000000000000000000000000000000000000000010000100000000000000000000000000000000000000000000000000000000001100000100001000000000000000000001100000000000000000000000000000000000000000000000000001001000000
000000001000000000000000000000000000000000000000100000001000100000000000000000000000000000100000000000000000000000000000000000000000000000110000100000000000000011000000000000000000000000000000000001000001100001000000000000010000000000010100000000000000000000000000000000000000000000000000000101000000
000000001000000000000000000000000000000000000000000000000010100000000000000000000000000000100000000000000000000000000000000000000000000000010110000000000000000100100000000000000000000000000000000001010001011001000101000000101000000000001000000000011000000000000000000000000000000000000000000010000000
000000000000000000000000000000000000000000000000000000000000000000000000000000000000000000000000000000000000000000000000000000000000000100000000000000000000000011000000000000000000000000000000000000001001110001001101100000101000000000010000000001101000000000000000000000000000000000000001000000000000
000000000011100000000000000000000001000000000000000000011011000000000000000000000000000000000011000000000000000000000000000000000000011011000000000000000000000000000000000000000000000000000000100001001000000000000101000000010000000000000000000000000000000000000000000000000000000000000010100000000000
000000000000001110000000000000000001000000000000000000000010000110000000000000000000000000000011000000000000000000000000000000000000000101110000000000000000000000000000000000000000000000000001011001000000000100110000000000000000000001000000000001100000000000000000000000000000000000000001100000000000
000000000000000000000111000000000001000000000000000000011100000110000000000000000000000000000000000000000000000000000000000000001100000000010000000000000000000000000000000000000000000000000010000001100000000000100010000000000000000110000000000001100000000000000000000000000000000000000000000000000000
000000000000000000000000000000000000000000000000000000010000000000000000000000000000000000000000000000000000000000000000000000000000000000101000000000000000000000000000000000000000100000000001001001100000011100011100000000000000000110000110110000000000000000000000000000000000000000000000000000110011
000000000000000000000000000000000000011100000000000000001111000000000000000000000000000000000000000000000000000000000000000000000000000000010000000000000000000000000000000000000001100000000000110001100000100100000000000000000000000000000001100000000000000000000000000000000000000000000000000000110011
000011100000000000000000000000000000000000000000000000000001000000000000000000000000000000000000000000000100000000000000000000000000000000010000000000000000000000000000000000000011111111000000000011101110010000000000000000000000000011000000011100000000000111000000000000000000000000000000000000000000
000000000000000000000000000000000001000000000000000000000100000000000000000000000000000000000000000000001010000000000000000000000000000000000000000000000000000000000000000000000110000011000000000001101110011100000000000000000000000001000000011100000000000100100000000000000000000000000000000000000000
000000000000000000000000000000000001000000000000000000000001000000000000000000000000000000000000000000000110000000000000000000000000000000000011000000000000000000110000000000001100010000000000000000110100010000000001110000000000000001001110000000000000000101100000000000000000000000000000000000000000
000000000000000000000000000000000001000000000000000000000110000000000000000000000000000000000000000000000000000000000000000000000000000000000011000000000000000000110011000000000111000011000000000000011000100000000000000000000000000000000000000000000000011000000000000000000000000000000011100000000000
000000000000000000000000000000000000000000000000000000000100000000000000000000000000000000000000000000000000000000000000000000000000000000000000000000000000000000000000000000000001100001100110000000000001000000000000000000000000000000000100100000000000011000000000000000000000000000000000000000000000
000000000000000000000000000000000000000000000000000000000000000000000000000000000000000000000000000000000000000110000000000000000000000000000000000000000000000000000011011000000001100000000110000000000000110000000000000000000000000000000100100000000000100100000000000000000000000000000000000000000000
000000000000000000000000000000000000000000000000000000000000000000000000000000000000000000000000000000000000000110000000000000000000000000000000000000000000000000000011000100000000000000001110000000000000000000000001000000000000000000000010100000000000011000000000000000000000000000000000000000000000
000000000000000000000000000000000000000000000000000000000000000000000000000001100000000000000000000000000000000000000000000000000000000000000000000000000000000000000001001000000000000010110100000000000000000000000001000000000000000000000110000000000000000000000000000000000000000000011100000000000000
000000000000000000000001010000000000000000000000000000000000000000000000000010010000000000000000000000000000000000000000000010000000000000000000000000000000000000000000110000000000000010111100000000000000000000000001000000000000000000001100000000000000000000000000000000000000000000000000000000000000
000000000000000000000001000000000000000000010000000000000000000000000000000010100000000000000000000000000000000000000000000011001000000000000000000000000000000000000000000000001000000010000000000000000111000000000000000000000000000000010010000000000000000000000000000000000000000000000000000001000000
000000000000000000000001001100000000000000110000000000000000000000000000000001000000000000000000000000000000000000000000000100000100000000000000000000000000000000000000000000010000000000000000000000000100100000000000000000000000010000001010000000000000000000000000000000000000000000000000000010100000
000000000000000001100000100010000000000000100010000000000000000000000000000000000000000000000000000000000000000000000000011100000100000000000000000000000000000000000000000000011000000000000000000000001000000000000000000000000001100001100100000000000000000000000000000000000000000000000000000010100000
000000000000000011110001001001000000000010101011100000000000000000000000000000000000000000000000000000000000000000000000011000000100000000000000000000000000000000000000000000001000000000000000000000010000010000000000000000000001000000000000000000000000000000000000000000000000000000000000000001000000
000000000000000111001000000010000000000010101000010000000000000000000000000000000000000000000000000000000000000000000000000010001000000000000000000000000000000000110000000000000000010000000000000000001101100000000000000000000001001000000000000000000000000000000000000000000000000000000000000000000000
000000000000000011101000111000000000000101100000110000000000000000000000000000000000000000000000000000000000000000000000001000100000000000000000000000000000000000110000000000000001100000000000000000000100000000000000000000000000111000000000000000000000000000000000000000000000011000000000000000000000
000000000000000001110000000000000000000010000000100000000000000000000000000000000000000000000000000000000000000000000000001000000000000000000000000000000000000000000000000000000001000000000000000000000001000000000000000000000000000000110000000000000000000000000000000000000000011000000000000000000000
000000100000000000100000000000001100000001100000000000000000000000000000000000000000000000000000000000000000000000000000000000000000000000000000000000000000000000000000000000100001110000000000000000000001000000000000000000000000000000110000000000000000000000000000000000110000000000000000000000000000
000001010000000000000000000000001100000001100000000000001100000000000000000000000000000000000000000000000000000000000000000000000000000000000000000000000000000000000000110101010000000000000000000000000000000000000000000000000000000000000000000000000000000000000000000001010000000000000000000000000000
000001010000000000000000000000001000000000000000000000010100000000000000000000000000000000000000000000000000000000000000000000000000000000000000000000000000000001100011001111100000000000000000000000000000000000000000000000111000000000000000000000000000000000000000000000100000000000000000000000000000
000000100000000000000000010000100000000000000001100000011000000000000001100000000000000000000000000000000000000000000000000000000000000000000000000000000000000001100000100000100000000000000000000000000000000000000000000000000000000000000000000000000000000000000000000000000000000000000000000000000000
000000000000000000000001100001110000000000000000000000000000000110000001100000000000000000000010000000000000000000000000000000000000000000000000000000000000000000000000000101000000000000000000000000000000000000000000000010000010000000000000000000000000000000000000000000000000000000000000000000011000
000000000000000000000000000000000000000000000000000000011000000110000000000000000000000000000010000000000000000000000000000000000000000000000000000000000000000000000000000010000000000000000000000000000000000000000000000010000010000000000000000000000000000000000000011100000000000000000000000000011000
000000110000000000000010010000000000000000000000000000011000000000000000000000000000000000000010000000000000000110000000000000000000000000000000110000000000000000000000000000000000000000000000000000000000000000000000000010000010000000000000000000000000000000000000000000000000000000000000000000000000
000000110000000000000110111000000000000001100000000000000000000000000000110000000000010000000000000000000000001001000000000000000000000000001001001000000000000000000000000000000000000000000000000000000000000000000000000000000000000000000110000000000000000000000000000000000000000000000000000000000000
000000000000000000001110011000000000000010010000000000000000000000000000110000000000111000000000000000000000000101000000000000000000000000010100110000000000000000000000000000000000010000000000000000000000000000000000011000111000000000001001000000000000000000000000000000000000000000000000000110000000
000000000000000000000110011000000000000001010000000000000000000000000100000000000000110100000000000000000000000010000000000000000000000000001100000000000000000000000000000000000000010000000000000000000000000000000000100100000000000000000110000000000000000000000000000000000011000000000000000110000000
000000000000000000000110010000000000000000100000011100000000000000001110000000000001010100000000000000000000000000000000000000000000000000011000000000000000000000000000000000000000010000000000000001100000000000000000011000000000011000000000000000000000011000000000000000000100100000000000000000000000
000000000000000000000011100000000011110000000000010000000000000000011010000000000000111000000000000000000000000000000000000000000000001000101010000000000000000000000000000000000000000001000000000010010000000001100000000000000000000100000000000000000000011000000000000010000011000000000000000000000000
000000000000000000000001000000001111111100000000010100000000000000110000001000000000011000000000000000000000000000000000000000011000010111110011000000000000000000000000000000000000000010100000000001100000000010010000000000000011100010000000000000000000000000000000000010000000000000000000000000000000
000000000000000000000000000000001001000000000000000000000000000000011010010001000000000000000000000000000000000000000000000000100100100010110100000000000000000000000000000000000000000010100000000000000000000010010000000000000001000001000000000000000000000000000000000010000000000000000000000000000000
000010000000000000000000000000000100011100000000000000000000000000001110010000100000000001110000000000000000000000000000000000100100011000000000000010000000000000000000000000000000000001000000000000000000000001100000000000000000001001000000000000001000000000000000000000000000000000000000000000000000
000101000000000000000000000000000000010000000000000000000000000000000100001100000000000010010000000000011000000000000000000000011000000000000000001110000000000000000000001110000000000000000000000000000000000000000000000000000000000001000000000000110110000000000000001000000000000000000000000000000000
000110000000000000000000000000000000010000000000000000000000000000000000000011100000000100000000111000011000000000000000000000000000000000000000000000000000000000000000001111100000000000000000000000000000000000000000000000100000010110000000000001000000000000000000010100000000000000000000000000000000
000000000000000000000000000001010000000000000110000000000000000000000000000110000000001000100000000000000000000000000000000000000000000000000000000000000000000000000000010001010000000000000000000000000000000000000000000000111000011000000000000001000000000000000000010100000000000000000000000110000000
000000000000000000000000000000001000000000000000000000000000000000000000000100000000001010000000000000000000000000000000000000000000000000000000000000000000000000000000001100001000000000000000000000000000000000000000000000001100000000000000000011010110000000000000001000000000000000000000000110000000
000000000000000000000000000000001000000000000000000000000000000000000000000100000000000100000000000000000000000000000000000000000000000000000000000000000000000000000000000010110000000000000000000000000000000000000000000000000110000000000000000011010000000000000000000000000000000000000000000000000000
000000000000000000000000000001010000000000000000000000000000000000000000000000000000000000001100000000000011000000000000000000000000000000000000000000000000000001100000001001000000000000000000000000001100000000000000000000000000000000000000000000000000000000000000000000000000000000000000000000000000
000000000000000000000000000000000000000000000000000000000000000000000011000000000000000000000000000000000100100000000000000000000000000000000000000000000000000001100000000101000000000000000000000000001001000000000000000000000000000000000000000000000000000000000000000110000000000000000010000000000000
000000000000000000000000000000000000000000000000000000000000000000000100110000000000000000000000000000000011000000000000000000000000000000000000000000000000000000000000000100100000000000000000000000001001000000000000000000000000000000000000000000000000000000000000000110001000000000000101000000000100
000000000000000000000000000000000000000000000000000000000000000000000110110000000000000000000000000000000000000000000000000000000000000000000000000000000000000000000000000001000000000000000000000000000101000000000000000000100000000000000000000000000001110000000000000000001000000000000101000000001010
000000000000000000000000000000000000000000000000000000000000000001000011100000000000000000000000000000000000000000000000000000000000000000000000000000000000000000000000000000000000000000000000000000000000000000000000000000100000000000000000000000000000000000000000000000001000000000000010000000001001
000000000000000000000000000000000000000000000000000000000000011101100000000000000000000000000000000000000000000000000000000000000000000000000000000000000000000000000000000000000000000000000000000000000000000000000000000000100000000000000000000000000000000000000000000000000000000000000000000000000110
000000000000000000000000000000000000000000000000000000000000011101110000000000000000000000000000000000000000000000000000000000000000000000000000000000000110100000000000000000000000000000000000000000100000000000000000000000000000000000000000000000000000000000000000000011100011100000000000000000000000
000000000000000000000000000000000000000000000010000000000000000000001000000000000000000000000000000000000011000000000000000000000000000000000000000000011000000000000000000000000000000000000000000001110000000000000000000000000000000000000000000000000000001100000000000000000000000000000000000000000000
000000000000000000000000000000000000000000000111100000000000100000110000000000000000000000000000000000000011000000000000000000000000000000000000000000011000010000000000000000000000000000000001100100100000000000000000000000000000001100000000000000000000010011000000000000001000000000000000000000000000
000000000000000000000000000000000000000000001001000000000000011000100000000000000000000000000000000000000000000000000000000000000000000000000000000000000000000000000000000000000000000000000001100000000000000000000000000000000000001100000000000000000000111011000000000000001000000000000000000000000000
000000000000000000000000000000110000000000000001011000000001001000000000000000000000000000000000000000000000000000000000000000000000000000000000000001010000000000000000000000000000000000000000000010000000000000000000000000000000000000000000000000000000000010000000000000001000000000000000000000000000
000000111000000000000000000000110001110000011000111100000011110000000000000000000000000000000000000000000000000000000000000000000000000000000110110000110011000100000000000000000000000000000000000000010000000000000000000000000000000000100000000000000000000110000000000000000000000000000001110000000000
000000000000000000111000000001110001010000011000011000000111100000000000000000000000000000000000000000000000000000000000000000000000000000000110110000000000110110000000000000000000000000000000000001001000001100000000000000000000000000100000000000000000100110000000000000000000000000000000000000000000
000000000000000001000100000000000010010000011000000000001111100000000000000000000000000000000000000000000000110000000000000000000000000000000110000000000000010100000000000000000000000000110000000000110000001100000000000000000000000000100000000000000000110010000000000000000000000000000000000000000000
000000000000000001000100000000000001100000000000000000011011010000000000000000000000000000000000000000000000110000000000000000000000000000000000000000000000001000000000000000000000000001001000000000000000000000000000000000000000000000000000000000001101011011000000000000000000000000000000000000000000
000110000000000001000100000000000000000000000000000000000111010000000000000000000000000000000000000000000000000000000000000000000000000000000000000000000000000000000000000000000000000001001000000000000000000000000000000000000000000000000000000000001101000010000000000000000000000000000000000000000000
000110000000000000111000000000000000000000000000000000011110100000000000000000000000000000000000000000000000000000000000000000000000000000000000000000000000000000000000000000000000000000110000000000000000000000000000000000000000000000000000000000000011110000000000000000000000000000000000000000000000
