300 300
000000000000001100000000000000000000000000000000000000000000000000000000000000000111000010000000000000000000000000000000000000000000000000010000000000000000000000000000000000000000000000000010000000000000000000000000001100000000011000000000000000000000000000000000000000000000000000000000000000000000
000000000000010010011100000000000000000000000000000000000000000000000000000000001001100101000000000000000000000000000000000000000000000000101000000000000000000000000000000000000000001100000010000000000000110000000000010010000000100100001100000000000000000000000000000000000000000000000111000000000000
000000000000001100000000000000000000000000000000000000000000000000000000000000000000011000100000000000000000000000000000000000000000000000101000000000000000000000000000000000000000001100000010000000000000110000000000010010000000011000010010000000000000000000000000000000000000000000000000000000000000
000000000000000000000000000000000000000000000000000000000000000000000110000110001111100101000000000000000000000000000000000000000000000000010000000000000000000000001110000000000000000000000000000000000000000000111000001100000000000000010100000000000000000000000000000000000000000000000000000000000000
000000000000000000000000000000000000000000000000000000000000000000001001000110000011000010000000000000000000000000000000000000000000000000000000000000000000000000001010000000000000000000000000000000000000000000000000000000000000000000001000000000000000000000000000000000000000000000000000000000000000
000000000000000000000000000000000000000000000000000000000000000000000110000000000000000000000000000000000000000000000000000000000000000000000000000000000000000000001110000000000000000000000000000000000000000000000000000000000000000000000000000000000000000000000000000000000000000000000000000000000000
000000000000000000000000000000000000000000000000000000000000000000000000000000000000000000000000000000000000000000000000000000000000000000000000000000000000000000000000000000000000000000000000000000000000001100000100000000000000000000000000000000000000000000000000000000000000000000000000000000000000
000000000000000000000000000000000000000000000000000000000000000000000000000000000000000000000000000000000000000000000000000000000000000000000000000000000000000000000000000000000011000000000000000000000000001100001110000000000000000000000000000000000000000000000000000000000000000000000000000000000000
000000000000000000000000000000000000000000000000000000000110000000000000000000000001000000000000000000000000000000000000000000000000000000000000000000000000000000000000000000000011000000000000000000000000000000011111000000000000000000000000000000000000000000000000000000000000000000000000000000000000
000000000000000000000000000000000000000000000000000000000101000000000000000000000101000000000000000000000000000000000000000000000000000000000000000000000000000000000000000000000000000000000000000000000000000000110001100000000000000000000000000000000000000000000000000000000000000000000000000000111000
110001100000000000000000000000000000000000000000000000000010000000000000000000000011000000000000000000000000000000000000000000000000000000000000000000000000000000000000000100000000000000000000000000000000000001110001110000000000000000000000000000000000000000000000000000000000000000000000000000000000
110001100000000000000000000000000000000000000000000000000000000000000000000000000000000000000000000110000000000000000000000000000000000000000000000000000000000011000000000100000000000000000000000000000000000000110001100000000000000000000000000000000000000000000000000000000000000000000000000000000000
000000000000000000000000000000000000000000000001000000000000000000000000000000000000000000000000000110000000000000000000000000000000000000000000000000000000000011000000001000000000000000000000000000000000000000011111000110000000000000000000000000000000000000000000000000000000000000000000000000000000
000000000000000000000000000000000000000000000001000000000000011000000000000000000000000000000000000000000000000000000000000000000000000000000000000000000000000000000000000000000000000000000000000000000000000000001110000101100000000000000000000000000000000000000000000000000000000000000000000000000000
000000000001100011000000000000000000000000000001000000000000011000000000000000000000000000000000000000000000000000000000000000000000000000011000000000000000000000000000000000000000110000000000000000000000000000000100000000100000000000000000000000000000000000000000000000000000000000000000000000000000
000000000001100011000000000000000000000000000000000000000000000000000000000000000000000000000000000000000001000000000000000000000000000100011000000000000000000000000000000000000001001000000000000000000000000000000000000010100000000000000000000000000000000000000000000000000010000000010000000000000000
000000000000000000000000000000000000000000110000000000000000000000000000000000000000000000000000000000000011100000000010000000000000001010000000000000000000000001010001000000000000110000010000000000000000000000000000010011000000000000000000000000000000000000000000000000000101110000101000000000000000
000000000000000000000000000000000000000000110000110000000000000000000000000000000000000000000000011100000100000000000010000000000000000110000000011000000000000010100000111100000000000000010000000000000000000000000100101100000000000000000000000000000000000000000000000000001001010100001000000000001100
000000000000000000011100000000000000000000000000110000000000000000000000000000000000000000000000100010000110110000000010000000000000000000000000011000000000000001110010010000000000000000010000000000000000000000001110111000110000000000000000000000000000000000000000000000010110100001110000000000010100
000000000000000000000000000000000000000000000000000000000000000000000000000000000000000000000001000110000100001000000000000000100000000000000000000000000000000011100100111010000000000000000000000000000000000000010010000000101000000000000000000000000000000000000000000000111100010011000000010000001000
000000000000000000000001000000000000000000000000000000000000000000000000000000000000000000000001001101000011110000000000000000100000000000000000000000000000000110000100101010000000000000000000000000000000000000000111000000010000000000000000000000000000000000000000000000011000000110000000101000000000
000000000000000000000001000000000000110000000000000000000000000000000000000000000000000000000011100000000000010000000000000000100000000000000000000000000000000110000110100100000000000000000000000000000000000000000010000111000000000000000000000000000000000000000000000000000000000000000000101000000000
000000000000000000000001000000000000110000000000000000000000000000000000000000000000000000000001000101100000000000000000000000000000000001100000000000000000000000000010000000000000000000000000000000000000000000000000111001000000000000000000000000000000000000000000000000000000000000000000010000000000
000000000000000000000000000000000000000000000000000000000000000000000000000000000000000000000000111100000000010000000000000000001110000001100000000000011000000000000001010000000000000000000000000000000000000000000100101000100000000000000000000000000000000000000000000000000000000000000000000000001000
000000000000000000011100000000000000000000000000000000000000000000000000000000000000000000000000010110100000100000000000000000000000000000000000000000100100000000000000100000000000000000000000000000000000000000000010000000110000000000000000000000000000000000000000000000000000000000000000000000001000
000110000000000000000000000000000000000000000000000000000000000000000000000000000000000000000000000000011000000000000000000000000000000000000000000000101000000001100000000000000000000000000001100000000000000000000001100000010000000000100000000000000000000000000000000000000000000000000000000000001000
001001000000000000000000000000100000000000000000000000000000000000000000000000000000000000000000000000011000000000000000000000000000000000000000000000010000000001100110000000000000000000000001100000000110000000000000100001001000000001010000000000000000000000000110000000000000000000000000000000000000
001010000001100000000000000001010000000000000000000000000000000000000000000000000000000000000000000000000000000000000000000000000000000000000000000000000000000000000110000000000000000000000001100000010010000000000000010000110000011001010000000000000000000000000110000000000000000000000000000000000000
000100000010010000000000000001010000000000000000000000000001100000000000000000000000000000000000000000000000000000000000000000000000000000000000000000000000000000000000000000000000000000000000010000000001000000000000000000000000011000100000000000000000000000000000000000000000000000000000000011000000
000000000001010000000000000000100000000000000000000000000001100000000000000000000000000000000000100000000000000000000000000000000000000000000000000000000000000000000000000000000000000000000000000000100000100000000000001000000000000000000000000000000000000000000000000000000000000000000000000100100000
000000000000100000000000000000000000000000000000000000000000000000000000000000000000000000000000010000000000000000000000000010000000000000000000000000000000000000000000000000000000000000000000000000000000000000000000010100000000000000000000000000000000000000000000000000000000000000000000000011000000
000000000000000000000000000000000000000000000000000000000000000000000000000001100000000000000001100000000000000000000000000101000000000000000000000000000000000000000000000000000000000000000010000000011110011000000000010100000000000000000000000000000000000000000111000000000000000000000000000000000000
000000000000000000000000000000000000000000000000110000000000000000111000000001100000000000110001000000000000000000000000000010000000000000000000000000000000000000000000000000000000000000000010000000000000100100000000001000000000000000000000000000000000000000000000000000000000000000000000000000000000
000000000000000000000000000000000000000000000000110000000000000000001000000000000000000001000000000000000000000000000000000000000000000000000000000000000000000000000000000000000000000000000000000000000001111110000000000000000000000000000000000000000000000000010000010000000000000000000000000000000000
000000000000000000000000000000000000000000000000000000000000000000100000000000000000000001000000000000000000000000000000000000000000000000000000000000000000000000000000000000000000000000000000000000000000100100000000000000000000000000000000000000000000000000010000010000001100000000000000000000000000
000000000000000000000000000000000000000100000000000100000000000000010000000000000000000000000100000000000000000000000000000000000000000000000000000000000000000000000000000000000001000000000000000000001101011000000000000000000000000000000000000000000000000000010000010000001100000000000000000000000000
000000000000000000000000000000000000010010010000001111000000000000000000000000000000000000100100000000000000000000100000000000000001000000000000000000000000000000000000000000011010100000000000000000001011100000000000000000000000000000000000000000000000000000000000000000000000000000000000000000000000
000000000000000000000000000000001101000010101000010001100000000000010000000000000000000000001100000000000000000001010000000000000010100000000000000000000000000000000000000000011011000000000000000000001100100000000000000000000000000000000010000000000000000000000111000000000000000000000000000000001100
000000000000000000000000000000001101000100100010001101010000000000001100000000000000000000000000000000011000000000100000000000000010100000000000000000000000000000000110000000000000000000000000000000000111000000000000000000000000000000000010000000000000000000000000000000000000000000000000000000001100
000010000000000000000010000000010001000100011101000110011000000000101100000000000000000000000000000000011000000000000000000000000001000000000000000000000000000000001001000000000000000000000000000000000010000000000000000000000000000000000010000000000000000000000000000000000000000000000000000000000000
000010000000000000000101000000001100000000000101100101110000000000011000000000000000000000000000000000000000000000000000000000000000000000000000000000000000000000000110000000000000000000000000000000000000000000000000000000000000000000000000000000000000000000000000000000000000000000000000000000000000
000010000000000000001000100000001110000000000000100111100000000000010110001000000000000000000000000000000000000000000000000000000000000000000000000000000001100000000000000000000000000000000000000000000000000000000000000000000000000000111000111000000000000000000000000000000000000000000000000000000000
000000000000000000001000110000000000000000000000110110000011000000000000110100000000000000000000000000000000000000000000000000000000000000000000000000000010010000000000000000011100000000000000000000000000000000000000000000000000000000000000000000000000000000000011000000000000000000000000000000000000
000000000000000000011001110011000000000000000000011000000011000000110011110100000000000000000000000000000000001000000000000000000000000000000000000000000001100000000000000000100100000000000000000000000000000000000000000000000000000000000010000000000000000000000011000000000000000000000000000000000000
000000000000000000011000111111000000000000000000000000100000000001100000001000000000000000000000000000000000001000000000000000000000000000000000000000000000000000000000000000011100000010000000000000011000000000000000000000000000000000000010000000000000000000000000000000000000000000000000000000000000
000000000000000000011100011000000000000111100000000001010000000000101000000000000000000000000000000000000000001000000000000000000000000000000000000000000000000000000000000000001000000010000000000000100100000000000000000000000000000001000010000000000000000000000000000000000000010000000000000000000000
000000000000001100000000111000000000000111100000011110010000000000011000000000000000000000000000000000000000000000000000000000000000000000000000000000000000001000000000000000000100000011000000011000011000000000000000000000000000000011100000000000000000000001000000000000000001001000000000000000000000
000000000000010010000011011010000000001001010000100011100000000100000000000000000000000000000000000000000000000000000000000000000000000000000000000000000000110110000000000000000000000000000000000000000000001110000000000010000000000110110000000000000000000010100000000000000000001000000000000000000000
000000000000001010000001100010000000000011100000011110000000001000000000000000000000000000000000000000000000000000000000000001101100000000000000000000000100110110110000000000000000000000000000010100000000000000000000000101000000000010110000000000000000000010100000000000000000001000000000000000000000
000000000000000100000001100010000000000011100000001000010000001010000000000000000000000000000000000000000000000000001000000001110000000000000000000000001010110001010000000000000000000000000000100000000000000000000000000101000000000000010011000000000000000001000000000000101000000000000000000000000000
000000000000000000000000100000000000000001000010000000111000000100000000000000000000000000000000000000000000001000001110000001110000000000000000000000001100001100010000000000000000000000000000100100000000000000000000000010000000000010111100010000000000000000000000000000010000010000000000000000000000
000000000000000000000001011000000000000000001111000000111000000000000000000000000000000000000000000000000000001000011011110000000000000000000000000000000000000001100000000000000000000000000000000100000000000000000000000000000000000000011000010000000000000000000000000000000000000000000000000000000000
000000000000000000000001101100000000000000111000100000000000000000011000000000000000000000000000000000000000001000000100010000100000000000100000000000000000000101000000000000000000000000000110000100000000000000000000000000000000000000100100001000000000000000000000000000001110000000000000000000000000
000000000000000000000000101100000001100001001111000000000110000000011000000000000000000000000000000000000000000000000011010000100000000001111100000000000000000010000000000000000000000000001100000000000000000000000000000000000000000000111101000000000110000000000000000000000000000000000000000000000000
000000000000000000000000010000000001100001010000000000101110000000000000000000000000000000000000000000000000000000000100001001000000000000001100010000000000000000000000000000000000000000001101100100000000000000000000000000000000000000001001000100000110000000000000000000000000000000000000111000000000
000000000000000000000000000000000000000000100000000000011100000000000000000000000000000000000000000000000000000000001101001010000000000000100000101000110000000000000000000000000000000000111110000100000000000000000000000000000000000111110000011000000000000000000000000000000000000000000000100100000000
000000000000000000000000000000000000000000000000000000000000000000000000000000000000000000000000000000000000000000000101000000000000000000111000000000110000000000000000000000000000000000110000000100000000000000000000000000011000000111100000000000000000000000000000000000000000000010000000100010000000
110000000000000000000000000000000000000000000000000000000011000000000000011000000000000000000000000000000000000000000010000000000000000000001000100000000011000000000000000000000000000000000000101000000000000000000000000000011000000110000000000000000000000000000000000000000000001101000000000010000000
110000000000000000000010000000000000000000000000000000000000100000000000100100000000000000000000000000000000000000000000000000000000000000000001100000000010010000000000000000000000000000000000010000000000000000000000000000000000000000000000000000000000000000000000000000000000000101000000100010011100
000000000000000000000101000000000000000000000011000000000000000000000000011000000000000000000000000000000000000000000000000000000000001000000110000010111010010000000000000000000000000000000000000000000000000000000000000000000000000000000000000000000000000000000000000000000000001010000000100100000000
000000001100000000000101000000000010000000000011000000100011101100000000000000000000000000000000000000000000000000000000000000000000010010000100001010111001010000000000000000000000000000000000000000000000000000000000000000000000000000000000000000000000000000000000000000000000000000000000111000000000
000000010010000000000010000000000101000000000000000001110010100100000000000000000000000000000000000000000000000000000000000000000000010000110000111000000000000000000000000000000000000000000000000000000000000000000000000000000000000000000100000000000000011100000000000000000000000000000000000000000000
000000001100000000000000000000000011000000000000000000001011001000000001100000000000000000000000000000000000000000000000000000000000000000101000000000011000000110000000000000000000000000000000000000000000000000111000000000000000000000001010000000000000000000000000000000000000000110000000000000000000
000000000000000000000000000000000000000000000000011000011000010000000001100000000000000011100000000000000000000000000000000000000000000110011000000011001000000110000000000000000000000000000000000011000000000000101000000000000000000000001100000000000000000000000000000000000000000110000000000000000000
000000000000000000000000000000000000000000000000010001010100100000000000000000000000000000000000000000000110000000011100000000000000000011101010000011110000000000000000000000000000000000000000000000000000000000111000000000000000000000000000000000000000000000000000000000000000000000000000000000000000
000000000000000000000000000000000000000000000000011010101100010000000000000000000000000000000000000000000110000000000000000000000000000011000001000011000000000000000000000000000000000000000000000100100000000000000000000000000000000000000000000000000000000000000000000000000000000000000000000000000000
000000000000000000000000000000000000000000000000000110000000001000000000000000000000000000000000000000000000000000000000000000000000000000100010000000000000000000000000110000000000000000000000001001100000000000100000000000000000000000000000000000000000000000000000000000000000000000000000000000000000
000000000000000000000000000000000000000000000000000111111111001000000000000000000000000000000000000000000000000000000000000000000000000000000000000000011000000000000000110000000000000000000000001101000000000001110000000000000000000000000000000000000000000000000000000000000000110000000000000000000000
000000000000000000000000000000000000000000000000000001000010011000000000000000000000000001100000000000000000000000000000000000000000000000000000000000100100000000000000000000000000000000000000001110000000000010010000000000000000000000000001000000000000000000000000000000000001011000000000011000000000
000000000000000000000000000000000000000000000000000000010100010000000000000000000000000001100000000000000000000000000000000000000000000000000000000000011000000000000000000000000000000000000000000000000010000010100000000000000000000000000010100000000000000000000000000000000000100100000000010100000000
000000000000000000000000000000000000000000000000000000010001100000000000000000000000000000000000000000000000000100000000011000000000100000000011000000000000000000000000000000000000000000000000000000000111100000000000000000000001100000000100100001000000000000000000000000000000011000000000001000000000
000000000000000000000000000000000000000000000000000000000000000001100000000000000000000000000000000110000000001010000000011000000001110000000000100000000000000000000000000000000000000000000000000000001100010001100000000000000011011000000011000001000000000000000000000000000000000000000000000000000000
000000000000000000000000000000000000000000000010000000010000001001100000000000000000000000000000000110000000001010000000000000000001010000000011100000000000000000000001000000000000000000000000000000001010001000110000000000000000011000000000000001000000000000000000000000000000000001100000000000000000
000000000000000000000000000000000000000000000010000000010000000100000000000000000000000000000000000000011100000100000000000000000100000000000001010000000000000110000001000000000000000000000000000000001010000010110000000000000011010000000000000000000000000000000000000000000001100001100000000000000000
000000000000000000000000000001000000000000000010000000110000001100000000000000000000000000000000000000000000000000000000000000000000000000000000010000000000001001000001000000000000000000000000000000000100000110110100000000000011010000000000000000000000000000000000000000000010110000000000000000000000
000000000000000000000000000001100000000000000000000000010100001000000000110000000000000000000000000000000000000000000000000000011000000000000000000000000000000110000000000000000000000000001100000000000000010010001000000000000000010000000000000000000000111100000000000000000010010000000000000000000000
000000000000000000000000000011110000000000000000000000001101100000000001001000000000000000000000000000000000000000000000000000110000000000000011100000000000000000000000000000000000000100010000000000000001100001100100000000000001100000000000000000000001000100000000000000000001110000000000000000000000
000000000000000000000000001111011000000000000000000000000000000000000000110000000000000000000000000000000000000000000000000111111000000000000110010000000000000000000000000000000000000100000000000000000000000000011100000000000000000000000000000000001010000100000100000000000001100000000000001010000000
000000000000000000000000010011110000000000000000000000000000000000110000000000000000000000000000000000000000000000000000000001000000000000000000011000000000000000000000000000000000000101100100000000000000000000010010000000000000000000000000000000011100001000000100000000000000000000000000010001000000
000000000000110000000000001110000000011101000000000000000000000101111000000000000000000000000000000000000000000000000000000010000000000000000111000000000000000000000000000000000000000000100000000000000000000000001100000000000000000000000000000001000000001000000100000000000000000000000000001000100000
000000000001001000000000001100000000000000100000000000000000001000000100000000000000000000000000000000000000000000000000000000000000000000000000000000000000000000000000000000000000000000010010000000000000000000000000000000000111000000000000000010000101010000000000000001000000000000000000000000010000
000000000001010000000000000000000000000000110000000000000000000111110100000000000000000000000000000000000000000000000000000000000000000000000000000000000000000000000000000000000000000000010001000000000000000000000000000000000110100000000000000010000000010000000000000011100000000000000000000011000000
000000000000100000000011000000000000000001000010000000000000000000011000000000000000000000000000000000000000000000000000000000000000000000000000000000000000000000000000000000000110000000011010000000000011000000000001110000010100100000001100000011011000000000000000000010110000000000000000000000000000
000000000000000000000011000000000000100000000101100000000000011100000001010000000000011000000101000000000000000000000000000000000000000000000000000000000000000000000000000000000110000001101100000000000011000001000000000000000001000000010010000000110000111000000000100001100000000000000000000000000000
000000000000000000000000000000000000100000000100100000000000100100000010010000000000011000000101000000000000000000000000111000000000000000000000000000001000000000000000000000000000000010100000000000000100000011000000000000110010000000001100000000000000000000000001010001100010111000000000000000000000
000000000000000001100000000000000000000000000100100000000000110100000001010000000000000000001100100011000000000000000000001000000000000000000000000000001000000000000000000000000000000010100001110000000010011000000000000000110100000000000000000000000000000000000000001001100101011000000000000000000000
000000000000000001100000000000000000100100000010100000000000100000000000000000000000000000000010101100100000000000000000010000000000000000000000110000001000000000000000000000000000000000010000010000000010011011100000000000010100000000000000000100000000000000000100010000101100000000000000000000000000
000000000000000000000000001000000000010000000001111000000000000100000000000000000000000000000001010011000000000000000000000000000000000000000001001000000000000000000000000000000000000011111001100000000000000111100000000000001000000000000000001010000000000000000000111001010000000000000000000000000000
000000000000000000000000011000000000000000000000001000001110001010000000000000000000000000000000110000000000000000000000000000000000000000000000110000000000000000000000000000000000000010101001000000000000011000001000000000000000000000000000001010000000000000000110001101010001010000000000000000000000
000000000000000000000000111000000000000000000010010000000010001010000000000000000000000000000000000000000000000000000011100000000000000000000000000000000000000000000000000000000000000111000000000000000000010001111100000000000000000000000000000100000000000000000000001101100000001000000000000000000000
000000000110000000000000111000000000000011000001100000010100000100000000000000000000000000000000000000000000000000000101011000000000000000010000000000000000000000000000000000000000000110000000110000000000000100001100000000000000000000000000000000000000000000000000000010010001101100000000000000000000
000000000101000000000000011000000001100011000000000000010000000000000000000000010000000000000000000000000000000000000100000000000000000000010000000000000000000000000000000000000000000001000001010000000000000011000111000000000000000000000011000000011000000000000000000000100001000100000000000000000000
000000000010000000000000000000000001100000000000000000010001000000000000000000101000000000000000000000000000000000000100010000000000000000010000000000000000000000000000000000000000000000000001100000000000000000010011000000000000000000000100100000100100000000000000000000100000111000001110000000001100
000000000000000000000000000000000000000000000000000000001010000000000000000000101000000000000011011000000000000000000010100000000000000000000000000000000000110000000000000000000000000000000000000000000000000000001001000000000000000000000011000000011000000000000000000000000000000000000000000000001100
000110000000000000000000000000000000000000000000000000000100000000000000000000010000000000000010001000000000000000000011000000000000000000000000000000000000000111000000000000000000110000000000000000000000000000000110000000000000000000000000000000000000000110000000000000000010000000000000000000000000
000110000000000000000000000000000000000000000000000100000000000000011000000000000000000000000010001000000000000000000000000000000000000000000000000000000000010000000000000000000000110000000000000000000000000000000000000000000000000000000000000100000000000110000000000000000101000000000000000000000000
000000000000000000000000000000000000000000000000001110000000000000100100000000000000000000000001010000000000000000000110000000000000000000000000000000010000001000100000000000000000000000000000000000000000001110000000000000000001000000000000001010000000000000000000000000000101000000000000000000000000
000000000000000000011011000000000000000000000000000000000000000000010100000000000000000000000000100000000000000000000010000000000000000000000000000000010100001100110000000000000000000000001000000000000000001111000100000000000010100000000000001010000000000000000001000000000010001000000000000000000000
000000000000000000010001000000000000000000000000001100000000000000001000000000000000000000000000000000000000000000000011100000000000000000000000000000010110000001100000000000000000000000010100000000000000001110111000000000000010100000000000000100000000000000000010100000000000001000000001000000000000
000000000000001100001110000000000000000000000000001100000000000000000000100000000000000000000000101000000000000000001001010100000000000000000000000000000000000001000000000000000000000000010100000000000000100000110100000000000001000000000000000000000000000000000011000000000000001000000010100000000000
000000000000001100001110000000000000000000010000000000000000000000000001110000000000000000000000101000000000000000011101010010000000000000000000000000000000000000000000000000000000000000001000000000000000111011000000000000000000000000000000000000000000000000000000000000000000000000000100100000000000
000000000000000000000000000000000000000000000100000000000000000000000010011000000000000000000000010000000000000000010001010000000000000000000110001110000000000000000000000000000000000000000000000000000000000011000000000000000000000000000000000000000000000000000000000111000000000011100011000000000000
000000000000000000000000000000000000000001100100000000000000000000000001001000000000000000000000000000000000000000000110000000000000000000000110001010000000000000000000000000000000000111000000000000000001010001000000000000000000000000000000000000000000000110000000000011000000000000000000000000000000
000000000000000000000000000000000000000011100100000000000000000000000001000100000000000000000000000000000000000000000000000000010000110000000000010011000000000000000000000000000000001000100000000000000001000001000000000000000000000000000000000000000000000110000000000100000000000000000000000000000000
000000000000000000001100000000000000000110001000000000000000000000001101100010000000000000000000000000000000000000000000000000111000110000000000010010000000000000001000000000000000010000010000000000000001000000000000000000000000000000000000000000000000000000000000000000000000000000000000000000000000
000000000000000011001100000000000000000110100100000000000000000100001011011100000000000000000000011100000000000000000000000001100100000000000000011000000000000000010001100000000000010000010000000000000000100001000000000000000000000000000000110000000000000000000000000000000000000000000000000000000000
000000000000000011000000000000000000000011110100000000000000000011100111000000000000000000000000010000000000000000000000000010001100000000000000000000000000000000010010100001110000010000010000000001000000100010000000000000000000000000000000110000000000000000000000000000000000000000000000000000000000
000000000000000000000000000000000000000001111000000000000000000101000100000000000000000000000000010100000000000000000000000110000000000000000000000011000000000000001100000001100000001000100000000011100000010100000000000000000000000000100000000000000000000000000000000000000000000000000000000000000000
000000000000000000000000000000000000000000000000000000000000000010010100000000000000000000000000001100000000000000000000001110000000000000000000000110000100000000010000000000100000000111000000000110110000000000000000000000000000000001110000000000000000000000000000000000000000000000000000000000000000
000000000000000000000000000000000000000000000000000000000000000010101000000000000000000000001100001000000000000000000000000110000000000000000000000110001110000000101000000000110000000000000000001100011000000000000000000000000000000011001000000000000000000000000000000000000000000000000000000000000000
000000000000000000000000000000000000000000000000000000000000000001110000000000000000000000000110011100000000000000000000000010001100000000000000000000011011000001101000000000010000000000000000000110110000000000000000000000000000000000001100000000000000000000000000000000000000000000000000000000000000
000000000000000000000000000010000000000000000000000000000000000000100000000000000000000000000100000100000000000000000000000001100100000000000000000000000001100000001010111000001100000000000000000000000000000000000000000000000000000100010100000000000000000000000000000000000000000000000000000000000000
000000000000000001000000000001000000000000000000000000000000000000000000000000000000000000000000000100000000000000000000000000111000000000000000000000000001110001101001100000000000000000000000000000000000000000000000000000000000001100001000000000000000001100000000000000000000000000000000000000000000
000000000000000001000000110000000000000000000000000000000000000000000000000000000000000000000000011000000000000000000000000000010000000000000110000000000001100001101000000000000000000000000000000000000000011000000000000000000000010010000000000000001100001100000000000000000000000000000000000000000000
000000000000000001000001100000000000000000000000000001110000000000000000000000001100000000000000000000000000000000000000000000000000000000001001000000011011000001101000000000000000000000000000100000000000011000000000000000000000010100000000000000001100000000000000000000000000000000000000000000011000
000000000000000000000000101001100000000000000010000001010000000000000000000000000001100000000000000000000000000000000000000000000000000000001010000000001110000000011000100000000000000000000100100000000000000000000000000000000000001000000001100000000000000000000000000000000000000000000000000000011000
000000000000000000000000001100000000000000000001000001001100000000000000000000000000110000000000000000000000000000000000000000000000000000000100000000000100000000000100100000000000000000001011000000000000000000000000000000000000000000000001010000000000000000000000000000000000000000000000000000110000
000000000000000000000000000010010000000000110000101110000100000000000000000000011101100000000000000000000000000010000000000000000000000001100000000000000000000000000010100000000000000000000000000000000000000000000000000000000000000000000000100000000000000000000000000000000000000000000000000000011000
000000000000000000000000000000000000000001001100001000011100000000000000000000011010000000000000000000000000000101000000000000000000000010010000000000000000000000000000000000000000000000000111000000000000000000000000000000000000000000010000000000000000000000000000000000000000000000000000000100000000
000000000000000000000000000011100000000001010000011100100000000000000000000000000111000000000000000000000000000101000000000000000000000001100000000000000000000000000000000000000000000000000111000000000000000000010000001110000000000111011000000000000000000000000000000000111000000000000000110000000000
000110000000000000000000000011001100000000100010010010110000000000000000000000000011000000110001110000000000000010000000100000000000000000000000000000000000000000100000000000000000000000000111000000000000000000100110001101000000000110001100000000000000000000000000000000100100000000000000111000000000
000110000000000000000000000000000000000000000110010100100000000000000000000000010001011000111010000000000000000000000001010000000000000000000000000000000000000011011000000000000000000000000000000000000000000001000110001101000000000101010000000000000000000000000000000010000100000000000011001000000000
000000000000110000000000000000000000000000000010101111100000000000000000000000010001011000000010010000000000000000000000100000000100000000000000000000000000000011000000000000000000000000000000000000000000000000110100000010000000000000111100000100000000000000000000000011100000000000000000100000000000
000000000000001000000000000000000000000000000001000100100000000000000000000000000001000100000001100001100000000000000000000000010001000000000000000000000000000011000000000000000000000000000000000000000000000000001110000000000000000000111100000010000000000000000000000000101110000011100000100000000000
000000000010111000000000000000011000000000000000000001100000000000000000000000000001000100000010000001010000000000000000000000010001000000000000000000000000000001111100000000000000000000000000000000000000000000000000000000001100000000000000001000000000000000000000000000110000000000000011000000000000
000100000110000000000000000000011100000000000000000001100000000000000000000000000001000100000000000000011000000000000000000000010010110000000000000000000000000000000000000000001110000000000000000000000000000000000000000000010001000000000000110000000000000000000000000001010110110000000000000000000000
001011001100001000000000000000100100000000000000010010000000000000000000110000000000010000000000000000110000000000000000000000001000000000000000011100000000000000000000000000000000000000000000000000000000000000000000001000000000100000000000100000000000000000000000000011010010110000000000100011100000
011011010001000000000000000000011100000000000000011000000000000000000000000100000000000000000000000000100010000000000000000110000011010000000000000000000000000000000000000000000000000000000000000000000000000000000000001000001101100000000000100100000000000000000000000000110001011000000000101100010000
000000000000000000000000000000011000000000000000001000000000000000001110111000000000000000000000000000000111000000000000000110000101000000111000000001000000000000000000000000000000000000000000000000000000000000000000000000101010001000000000011000000000000000000000000011100000001000000000100000101000
000011000010000000000000000000001100000000011000000000000000000000000010111000000000000000000000000000001000100000000000000000000100000001001000000001000000000000000000000000000000000000000000000000011110000000000000001110110101000000000000000000000000000000000011000010010000001100000000000100001000
000011011110000001100000000000001100000000010100000000000000001100000011100001000011000000000000000000000110100000000000000000000111001011100000000001000000000000000000000000000000000000000000000000110010000000110000001001011001000100000000000000000000000001000001100000010000101000000000000001001000
000110100001000001110000000000001010000000001000000000000000000000000000000010000110000000000000000000000011000000000000000000000000110110000000000000000000000000000000000000000000000000000000000001100100000001011000000100100000110100000000000000000000000011000001010000110010010000000000000001010000
000101000000000001100000000000000100000000000000000000000000000000000000010010110010100000000000000000000000000111000000000000000000100100000100011100001000000000000000000011000000000000000000000000100100000010011000000101000000001000000000000000000000000000000000000000110010000000000000000000000000
000100000000000000000000111000000000000000000000000000000000010100000000100111110010100000000000000000000000000101000000000000000000000000000100000000010100000000000000000100100000000000000000000000011000000110010000000000000000000000000000000000000000000000000000000100010100000000000000000000000000
000000000000000000010001000000000000000000000000001000000000001000000001000101110000000000000000000000000000000111000000000000000000011000000000000000010100000000000000000011000000000000000000000000000000000110000000000000000000000000000000000000000101000000000000000101000000000000000000000000000000
000000000000001100000000010000000000000000000000011100000000000000000000000000110011100000000000000000000000000000000000000000000001001000000000000000001000000000000000000000000000000000000000000000000000000010100110000000000001111110000000000000000101000010011000000000100000000000000000000000000000
000000000000001110010000000000000000000000000000000011000000000000000000100111010000100000000000000000000000000000000000000000000001010000000000000000000000000000000000000000000000000000000000000000000000001001011100000000000001111110000000000000001000000001011000000110100000000000000000000110000000
000000000000001100001000000000000000000000000000000011000000000000000000000000000010110000000000000000000000000000000000000000000000110000000000000110000000110000000000000000000000000000000000000000000000001110000000000000000000100100000000000000000111001101011000000110110001000000000000000110000000
000000100000000000000101000000000000000000000000000011000000000000000000001001101000000000000000000000000000000000000000000000000000000000000000001001000001001000000000000000000000000000000000000000000000000000000000000000000000011000000000000000000110001100100000000000000000100000000000000000000000
000011110000000000000010000000000000000000000000000000001010000000000000001111010010000000000000000000000000000000000000000000000000000000000000000110000000110000000000000000000001000000000000000000000000000000000000000000000000000000000000000000000000010100000000000000111110100000000000000000000000
000010001000000000000000000000000000000000000000000000001001000000000000000000000110000000000000000000000000000000000000000000000000000000000000000000000000000000000000000000000010100000000000000000000000000000000000000000000000000001000000000000000000011000000000000000011111000000001100000000000000
000001111000000000110000000000000000000010000000000000011011000000000000000000000010000000000000000000000000000000000000000000000000000000000000000000001000000000000000000000000010100000000000000000000000000000000000000000000000000011100000000000000000000000000000000010001110000000001100000000000000
000000010000000000111100000000000000000010000000000000110001011000000000000000000001010000000000000000000000000000000000000000000000000000000000000000010100000000000000000000000001000000000000000000000000000000010000000000000000000111100000000000000000000000000000000010000000000000000000000000000000
000000000000000001000100000000000000000010000000000001110000100100000000000000000000100000000000000000000000000000000000000000000010000000000000000000010100000000000000000000000000000000000000000000000000000000101000000000000000001100001110000000000000000010000010000000000000000000000000000000000000
000000000000000001110110000000000000000000000000000001110000010100000000000000000000000000000000000000010000000000100100000000000011010000000000000000001000000000000000000000000000000000000100000000000000110000110000000000000000000111100101000000000000000010000010000000000000000000000000000000000000
000000000000000011100110000000000000000000010000000000101000001000000000000000000000000000000000000000101000000011100111000000000010010100000000000000000000000000000000000000000000000000000100000000000000100100101000000000000000000011101100100000000000000010000010000000000000000000000000000000000000
000000000010000010010011000000000000000000101000000000011000000000000000000000000000000000000000000000101000000000100100000000000000010010000000000000000000000000000000000001100000000000000100000000000000010010101100000000000000000001100011000000000000000000000000000000000000000000000000000000000000
000000000101000001100010110000000000000000101000000000000000000000000000000000000000000000000000000000010000000000000000000000000000010100000000000000000000000000000000000010100001000011000000000000000000010100001000000000000000000000000000000000000000000000000000000000000000000000000000000000000000
000000000100100001010000011000000000000000010000000000000000000000000000000000000000000000000000000000000010000000000000000000000000001000000000000000000000000111000000000010000001100011000000000000001110000000101000000000000000000000000000000000000000000000000000000000000000000000000000000000000000
010000000011000000000010101100011000000000000000000000000000100000000000000000000000000000000000000000000010000000000000000000010000000000000000000000000000000101000000000000000010010000000000000000000000000000010000000111000000000000000000000000000000000000000000000000000000000000000000000000000000
101000000000000001100001101000100100000000000000000000000000100000000000000000000000000000000000000000000010000000000000000000100100000000000000000000000001000111000000000010010000110000000000000000000000000000010000000000000001000000000000000000000000000000000000000000000000000000000000000000000000
101000000000001101100001110000011000000000000000000000000000100000000000000000000000000000000000000000000000000000000000000000100100000000000000000000000010100000000001100001100000100000000000000000000000000000000000000000000001000000000000000000000000000000000000000000000000000000000000000000000000
010000000000011101100000000000000000000000000000000000000000000000000000011000000000000000000000000110000000000000000000000000011110000000000000000000000010100000000001100000000010100000000000000000000000000000000000000000000001000000010000000000000000000000000000000000000000000000000000000000000000
000000000000001101110000000000000000000000000000000000000000000000000000011000000000000000000000000110000000000000000000000000000000000000111000000000000001000000000000000000000001000000000000000000000000000000000000000000000000000000101000000000000000000010100000000000000000000000000000000000000000
000000010000001111000000000000000000000000000000000000000000000000000000000000000000000000000000000000000000000000000000000000000000000000000000000000000000000000000000000000011110000000000000000000000000000000000000000000000000011100101000000000000000001000110010000000000000000000000000000000000000
000000101000000110000000000000000000000000000000000000000000000000000000000000000000000000000000000000000000000000111000000010000000000000000000000000000000000000000000000000000000000000000000000000000000000000000000000000000000000000010000000000000000001000010011000000000000000000000000000000000000
000000100100000000000000000000000000000000000000000000000000000000000000000000000000001100000000000000000000000000101000000101000000000000000000000000000000000000000000001100011000000000000000000000110000000000000000000000000000000000000000011000000000000000010000100000000000000000000000000000000000
000000011000000000000000000000000001110000000000000000000000000000000000010000000000001100000000000000000110000000100100000101000000001100000000000000000000000000000000010010000000000000000000000000110000000000000000000000000001000000000000011000000000000000101000100000000000000000000000000000000000
000000000000000000000000000000000000000000000000000000000000000000000001001000000000000000000000000000000001100000001100000010000000001100000000000000000000011000000000001100000000000000000000000000000000000000000000000000000010100000010000000000000000000000010001000000000000000000000000000000000000
000000000000000000000000000000000000000000000000000000000000000000000001001000000000000000000000000000000110110000000000000000000000000000000000001000000000000100011000000000000000000000000000000000000000000000000000000000000100100000010000000000000000000000000000000000000000000000000000000000000000
000000000000000000000000000000000000000000000000000000000000000000000010001000000000000000000000000000000010001100000000000000000000000000000000010100000000100000100100000000000000000000000000000000000000000000000000000000000011000000010000000000000000000000000000000000000000000000000000000000001000
000000000000000000000000000000000000000000010000000000000000000000000011011000011100000000000000000000011010010000000000000000000000000000000000010000000000011000010100000000000000000000000000000000000000000000000000000000000000000000000000000000000000000000000000000000000000000000000000000000010100
000000000000000000000000000000000000000000110000000000000000000000000011010000000000000000000000000100011010100000000000000000000000000000000000001000000000000000001000000000000000100000000000000000000000000000000000000000000000000111000111000000000000000100000000000000000000000000000000000000010100
000000000000000000000000000000000000000000110000000000000000000000000011001110000001000000000000000110011100101000000011000000000000000000000001101000000000000000000000000000000001100000000000000000000000000000000000000000000000000000000000000000000000001010000000000000000000000000000000000000001000
000000000000000000000000000000001000000000100000000000000000000000000011000010000001000000000000000111000001110001100100100001000000000000000001110000000000000000000000110000000011100000000000110000000000000000000000000000000000000000010000000000000000010001000000000000000000000000000000000000000000
000000000000000000000000000000011100000000000000000000000110000000000001100010000001100000000000000000000010010000100100010010101100000000111000000000000000000000000000110000000000000000000001001000000000000000000000000000000000000000010000000000000000001010000000000000000000000000000000000000000000
000000000000000000000000000000001000000000000000000000000110000000000000110100000000001000000000000001000011100000000100100010100000110000000000000000000000000000000000000000000000000001000001010000000000000000000000000000000000000000010000000000000000000100000000000000000000000000000000000000000000
000000000000000000000000000000011011100000000000000000000000000000000000011000011100110010000000000110000100110000000000000001011111010000000000000000010010000000000000000000000000000000100000100000000000000000000000000000000000000000000000000000000000000000001100000000000000000000000000000000000000
000000000000000000000001000110000011100000000000000000000000000000000000000000000001101011000000000000110110000000000010100000000111100000000000000000100011000111100000000000000000000000110000000000000000000000000000000000000000000000000000000000000000000000001010000000000000000000000000000001100000
000000000000000000000001000110001001000000000000000000000000000000000000000000000001101010000000000000000000000000000010010000000001000000000000000000010011011000100000000000000000000000111000000000000000011000000000000000000000000000000000000000000000000001000100000000010000000000000000000001100000
000000000000000000000001000000001110000000000000000000000000000110000000000000000000000110000000000001100001000000000010000011000000000000000000000000010100000001000000000000000000000000110000000000000000101000000000000000000000000000000000000000000000000010100000000000101000000000001110000000000000
000000000000000000000000000000001000000000000100000000000000000110000000000000000000111000000000000000000001000000000000000000100000000000000001100000001100001010000000000000000000011000100000000000000001010000000000000000000000000000000000000100000000000100010000000000101000000000000000000000000000
000000000000000000011100000000000000000000001010000000000000000000000000000000000000010000000000000001001100110000000000000001000000000000000000001100010010000000000000000000000000010011000000000000000000100000000000000000000000000000000000001000000000001000011000000000010000000000000000000000000000
000000000000000000000000000000000000000000000110000000000000000000000000000000000000000000000000000000001000110000000000100100000000000000000000000000010100000000000000000000000000001110000000000000000000000000000000000000000000000000000000000100000000000001111000000000000000000000000000000000000000
000000000000000000000000000000000000000000000000000000000000000000000000000000000001110000000000000001000000000000000000011000000100000000000000101100001000000000000000000000000000000100000000000000000000000000000000000000000000000000000000000000000000001001111000001100000001100000000000000000000000
000000000000000000000011000000000000010000000000000000000000000000000000000000000001001000000000000001110000000001110000110000011011000000000000110000000000000000000000000000000000000000000000000010000000000000000000000000000000000000000000000000000000000000010000010010000001100000000000000000000000
000000000000011100000011000000000000100100000000000000000000000000000000000000000100011000000000000000000000000110110000000000011011000000000000000011000000000000000000000000000000000000000000000101000000000000000000000000000000000000000000000000000000000010100000001100000000000000000000000000000000
000000000000000000000000000000000000110111000000000000000000000000000000000000000111110100000000000000000000000010110000000000000000000000000000000011000000000000000000000000000000000000000000000101000000000000000000000000000000000000000000000000000000001000000000000000000000000000000000000000000000
000000000000000000000000000000000000000000000000000000000000000000000000000000000011100110000000000000000000000010010000000000000000000000000000000000000000000000000000000000000000001101100000000010000000000000000000000000000000000000000000000000000000001000001000000000000000000000000000000000000000
000000000000000000000000000000000000000000001110000000000000000000000000000000000000100100100000000000000000000100010000000000000000000000000000000000000000110000000000000000000000001101100000000000000000000000000000000000000000000000000000000000000011100000001100000000110000000000000000000000000000
000000000000000000000000000000101000000011101001000000000000000000000000000000000001001000011000000000000000001100000000000000001010000001000000000000000000110000000000000000000000000000000000000000000000000000000000000000000000000000000000000000000100100110001000000000110000000000000000000000000000
000000000000000000000000000000100100000011111110101110000000000000000000000000000010001000000000000000000000010000100000000000010010000001000000111000000000000000000000000000000000000000000000000000000000000000000000000000000000000000000000011000000001000000010000000000000000000000000000000000000000
000000000000000000000000000000101000000010010000001101000000000000000000000000000100000000000000000000000000001110000000000000110000000001000000111000000000000000000000000000000000000000000000000000000000000000000000000000000000000000000000100100000000000000000000000000000000000000001100000000000000
000000000000000000000000000000000000000001011000000111000000000000000001000000000000000000000000000000000000000100000000000000000000000000000000010000000000000000000000000001000000110000000000000000000110000000000000000000000000000000000000101000000000000000000000000000000000000000001100000000000000
000000000000000000000000000000000000000001010000000000000000000000000001100000000000000000000000000000000000000000000000000000000000000000000000010000000000000000000000000010100000110000000000000000000110000000000000000000000000000000000000010000000000000000000000000000000000000000000000000000000000
000000000000000000000000000000000000000000100010010000000000000000000000110000000100100000000000000000000000000000000000000000000000000000000000111000000000000000000000000010100000000000000000000000000000000000000000001000000000000000000000000000000000000000000000000000000000011000000000000000000000
000000000000000000000000000000000000000000000011000000000000000000000000110000000011100000000000000000000000000000000000000000000000000000000000111000000000000000000000000001000000000000000000000000000000000000010100001000000000000000000000000000000001100000000000000000000000011000000000000000000000
000000000000000000001000000000000000000000000000000000000000000000000010100000000000000000000000000000000000000000000000000000000000000000000000000000000000000000000000000000000000000000000000000000000000000000110100010111000000000000000000000000000111110000000000000000000000000000000000000000000000
000000000000000000011100000000000000000000110000000000000000000000000011000000000000000000000000000000000000000000000000000000000000000000000000000000000000000000000000000000000000000000000000000000000000000000011000001110100000000010000000000000001111101100000000000000000000000000000000000000000000
000000000000000000100100000000000000000001001000000000000000000000000000011000000000000010000000000000000000000000000000000000000000000000000000000000000000000000000000000000000000000000000000000000000000000000001010000111000000000101000000000000010000001100000000000000000000000000000000001000000000
000000000000000000111000000000000000000000110000000000000000000000000011111000000000000101000000000000000000000000000000000000000000000000000000000000000000000000000000000000000000000000000000000000000000000011100100000000000000000101000000000000001110010010000000000000000000000000000000010100000000
000000000000000000110010000000000000000000000000000000000011000000000011010000000000000100100000000000000000000000000000000000000000000000000000000000000000000000000000110000000000000000000000000000000000000011100000000000000000000010000000000000000110011011000000000000000001000000000000010100000000
000000000000000000010010000000000000000000000000000000000011000000000000000000000000000011000000000000000000000000000000000000000000000000000000000000000000000000000000110000010000000000000000000000000000000000001000000000000000000000000000000000000010011000000000000000000000100000000000001000000000
000000000000000011011010000000000000000000000000000000000000000000000000000000000000000000000000000000000000000000000000000000000000000000000000000000000000000000000000000000010000000000000000000000000000001110111000000000000000000000000000000000000000000111000000000000010000000000000000000000000000
000000000000000011101000000100000110000000000000000000000000000000000000000000000000000000000000000000000000000000000000000000000000000000000000000110000000000000000000000000010000000000000000000000000000001001110100000000000000000000000000000000001110000011011000000000000000000000000000000000000000
000000000110000100000100000100000110000000000000000000000000000000000000000000000000000000000000000000000000000000000000000000000000000000000000000110000000000000000000000000000000000000000000000000000000010000001100000000000000000000000000000000000000000000011000000000010000010000000000000000000000
000000000110000010100011000000000000000000000000000000000000000000000000000000000000000000000000000000000000000000000000000000000000000000000000000000000000000000000000000000000000000000000000000000000000001001001000110000000000000000000000000000100000100010001000000000001100011000000000000000000000
000000000000000010111110000000000000000000000000000000000000000000000001100000000000000000000000000000000000000000000000000000000000000000000000000000000000000000000000010000000000000000000000000000000000000011010000111000000000000000000000000000100000100010001000000000010100010100000110000111000000
000000000000000000000100000000000000000000000000000000000000000000000001100000000000001000000000000000000000000000000000000000000110000000111000000000001110000000000000101000000000000000000000000000000000000001100010000100000000000000000000000000100000100000010000000000000000000000000110000111000000
000000000000000000000000000000000000000000000000000000000000000000000000000000000000011000000000000000000000000000000000000000000110000000000000000000000000000000000000101000000000000000000000000000000000000000100000011000000000000000000111000000000000000001000000000000000000000000000000000000000000
000000000000000001000000000000000000000000000000000000000000000000000000000000000000010000000000000000000000000000000000000000000000000000000110000000000000000000000000010000000000000000000000000000000000000000010000000000000000000000000000000000001110000000000000000000000000000000100000000000000000
000001110000000010100000000001110000000000000000000000000000000000000000000000000000000000000000000000000000000000000000000000000000000001000010000000000000000000000000000000000000000000000000000000000000000000000000000000000000000000000000000000000000000000000000000000000010000000100000000000000000
000000000000000011000000000000000000000000000000000000000000000000000000000000000000000000000000000000000000000000000000000000001000000000000010000111000000000000000000000000000000000000000000000000000000000010000000000000000000000000000000000111000000000000000000000000000010000000100000000000000000
000000000100000000000000000000000000000000000000000000000000000000000000011000000000000000000000000000000000000000000000000000010100000000100100000010100000000000000000000000000000000000000000000000000000000010000000000000000000000000000000000000000000000000000000000000000010000000000000000000000000
000000000100000000000000000000000000000000000000000000000000000100000000011000000000000000000000000000000000000000000000000000001000000000010000000100000000000000000000000000000000000000000000000000000000000010000000000000000000000000000011000000000000000000000000000000000000000000000000000000000000
000000000100000000000000000000000000000000000000000000000000001100000000000000000000000000000000000000000000000000000000000000000000000000000000001000000000000000000000000000000000000000000000000000000000000000000000100000000000000000000011000000000000000000000000000000000000000000000000100000000000
000000000000000000000000000000000000000000000000000000000000000000000000000000000000000000000000000000000000000000000000000000000000000000000000001001000000000000000000000000000000000000000000000000000000111000111001010000000000000001110000000000000000000000000000000000000000000010000000100000000000
000000000000000000000010000000011000000000000000000000000000000000000000000000000000000000000000100000000000000000000000000000001000000000000000001110000000000000000000000000000000000000000000000000000000000000000001010000011100000000000000000000000000000000000000011100000000000100100001000000000000
000000000000000000001001101000011000000000000000000000000000000000000000000001100000000000000000100000001110000000000000000000010100000000000000000000000000000000000000000000000000000000000000000011100000000010000000100000010100000000000000000000000000000000000000010010000000000010010011000000000000
000000000000000000000001000100000000000000000000000000000000011100001000000001100000000000000000100000000000000000000000000000010100000000000000000000000000000000000000000000000000000000000000000011101000000010000000000000010011000000000000000000000000000000000001000000000000000001011011100000000000
000000000000000000100010110100000000000000000000000000000000011100001000000000000000001000000000000000000000000000000000000000001000000000000000000000000000000000000000000000000000000000000000000011111000000010000000000000000001000000000000000000000000000000000001000001000000000000110100100000000000
000000000000000000001000011000000000000000000000000000000000000000001000000000000000000000001110000000000000000000000000000000000000000000000000000000000000000000000000000000000000000000000000000011000000000000000000000000000101000000000000000000000000000000000000000010000000000000001000000000000000
000000000000000000111001100000000000000000000000000000000000000000000000000000000001000001000000000000000000000000000000000000000000000000000000000000000000000000000000000000000000010110000000000100100000000000000000000000000110000000000000000000000000000000000000000010000000000000001000000000000000
000000000001100001001001100000000000000000000000000011100000000000011100000000000010001001000000100000000001110000000000000000000000000000000000000000000000000000000000000000000000001100000000000010000000000000000000000000000000000000000000000000000000000000000000110110000000000000001000000000000000
000000000001100000111000000000000000000000000000000010011000000000101111000000000100100000000000100000000000000000000000000000000000000000000000000000000000000000000000000000000000000000000000000001110000000000000000000000000001100000000000000000000000000000000000000001000000000000001000000000000000
000000000110000000010000000000000000000000000000000001110000000000010011100000000100100000000000100000000000000000000000000000000000000000000000000000000000000000000000000000000000000000000000000001001000000000000000000000000100001000000000000000000000000000011100011000100000000000001100111000000000
000000000110000000000000000000000000000000000000000000100011000000110001100000000101001010000000000000000000000000000000000000000000000000000000000000000000000000000000000000000000110000000000000000110000000000000000000100000100000100000000000000000000000000000000011111000000000000001110011000000000
000000000000000000000000000000000000000000000000000000000011000000011001000000000000000100000000000000000000110000000000000000000000000000000000000000000000001000000000000000000000100000000111000000000000000000000000000100001101000000000000000000000000000000000000000000000000000000010010010100000000
000000000000000000110000000000000000000000000000000000000000000000000001000000000000000100000000000000000000110000000000000000000000000000000000000000000000001000000000000000000000010000100000000000000000000000000000000000001110011000000000000000000000000000000000000000000000000000001010001100000000
000000000000000001001000000000000000000000000000000000000000000000010010000000000000100000000000000000000000000000000000000000000000000000011000000110000000001000000000000000110000000100010000000000000000000000000000000000000111110000000000000011100000000000000001111100000000000000000001101000000000
001100000000000000110000000000000000000000000000000000000000000000001100000000001111110000000000000000000000000000000000000000000000000000100100000110000000000000000000000000110000010000001010000000000000000000000000001110000011100000000000000000000000000000000001101100000000000000010111110000000000
001100000000000000000000000000000000000000000000000000000000000000000000000000011010010000000000000000000000000000000000000000000000000000011000000000000000000000010000000000000000010010001010000000000000000000000000001110000000000000000000001101011000000000000001000100000000000000100100000000000000
000000000000000000000000000000000001100000000000000000000000000000000000000000011001110000000000000000000000000000001100000000000000000000000000000000000000000000010000000000000000000011110010000000000000000000000000000100000000000000101000000000000000000000000000111000000000000000100000000000000110
000000000000000000000000000000000010010000000000000000000000000000000000000000011000110000010000000000000000000000001111000000000000000000000000000000000000000000010000000000000000100100000000000000001100000000000000000000000000000000000000000010000100000000000000000000000000000000001100000000000110
000000000000000000000000000000000001100000000000000000000000000000000000000000000110110000000000000000000000000000010000100000000000000000000000000000000000000000000000000000000001001000000000000000001100000000000000000000011000000000100100000010000100000000000000000000000000000000011100000000000000
000000000000000000000000000000000000000000000000000000000000000000000000000000000100110000110000000000000000000000000011010000001100000011000000000000000000000000000111000000000000110000000001100000000000011000000000000000011000000000000110000110000100000000000000000000000000000000001010000001100000
000000000000000000000001100000000001100000000000000000000000000000000000000000000110000000100000000000000000000000000011111000010010000000000000000000000000000000000000000000000000000000000001100000000000010100000000000000000000000000001101000101000100000000000000000000000000000000001011000001100000
000000000000000000000001100000000010010000000000000000000000000000000000000000000010000100100000000000000000000000000000011100110010000000000000000000000000000000000000000000000000000000000000000000000000000000000000000000000000000000000000001111001000000000000000000000110000000000010010000000000000
000000000000000000000000000000000001100000110000000000000000000000000000000000011001000100000000000000000000000000000000101100011000000000000000000000000000000000000000000000000000000000000000000000000000000100000000000000000000000000001000000101110001100000000000000000110000000000001100000000000000
110000000000001100000000000000000000000001001000000000000000000000000000000000001100011000000000000000000110000000000011110010100100000000000000000000000000000000000000000000000000000000000000000000011000000000000000000000011100000000001010111000000010010000000000000000000000000000000000000000000000
110000000000001100000000000000000000000000110000000000000010000000000000000000000100000000000111000000001100000000000100010010110100000100000010000000000000000000000000000000000000000000000000000000001010000000000000000000000001100000001010100100000010010000000000000000000000000000000000000000000000
000000000000000000000000000000000000000000000000000000000011001110000000000000000011100000001001000000000101100000000000100001110100000110000111000000000000000000000000000000000000000000000000000000000010000000000000000001000000010000111011011010000001100000000000000000000000000000000000000000000000
000000000000000000000000000000000000110000000000000000000111101000000000000000000000000000111111000000000001100000000110100000000000000001000111000000000000000000000000000000000000000000000000000000000000000000000011000001000000010001000100011011000000000000000000000000000000000000000000000000000000
000000000000000000010000000000000001001000000000000000000000111000000000000000000000000000110000000000011111100000000000000000000000000010001101100000000000000000000000000000000000000000000000000000000000000000000010100001010010010000111000001010000000000000000000000000000000000001000000000000000000
000000000000000000101000000000000000110000000000000000001100111000000000000000000000000000110100000000010010000000000000000000000001110100000111000000000000000000000000000000000000000000000000000000000000000000000001000000000001100000010000000100000000000000000000000000000000000010100000000000000000
000000000000000000101000000000000000000000000000000000001100110000000000000000000000000000000110000000011100000000000000000000000001001000000111000000000000000000000000000000000000000000000000000000000010100000000000000000000000000000000000000000000000000000000000000000000000000010010000000000000000
000000000000000000010000000000000000000000000000110000000010100000000000000000000000000000001100000000000000000000000000000000000001000100000000000000000000000000000000000000000000000000000000000000000110100000000000000000000000000000000000000000000000000000000000000000000000000001100000000000000000
000000000000000000000000000000000000000000000001001000000000000000000000000000000000000000000000000000000000000000000000000000000000000100000000000000000000000000000000000000000000000000000000000000001000010000000000000000000000000000000000000000000000000000000000000000000000000000000000000110000000
000000000000000000000000000000000000000000000001010000000000000000000000000000000000000000000000000000000000000000000000000000000000000100000000000000000000000000000000000000000000000000000000000000110011110000011100000000000000000000001100000000000000000000000000000000000000000000000000001001000000
000000011100000000000000000000000000000000000000100000000100000000000000000000000000000001110000000000000000000000000000000000000000000010000000000000000000000011000000000000000000000000000000000001000110001000011100000111110000000000000100000000000000000000000000000000000000000000000000000101000000
000000000000000000000000000000000000000000000000000000001110000000000000000000000000000000000000000000000000000000000000000000000001000100000000000000000000000100100000000000000000000000000000000000000000010001010000000000001000000000000000000000000000000010000000000000000000000000000000000010000000
000000000001000000000000000000000000000000000000000000001001000000000000000000000000000000000000000000000000000000000000000000000000000000000000000000000000000011000000000000000000000000000000000001000010010001110100000000001000000001000000000000001100000111000000000000000000000000000001000000000000
000000000001000100000000000000000000000000000000000000000001100000000000000000000000000000000011000000000000000000000000000000000000100000000000000000000000000000000000000000000000000000000000000001010101000001001011011110110000000001100000000100010010001100100000000000000000000000000010100000000000
000000000001000100000010000000000011100000000000000000011110100110000000000000000000000000000011000000000000000000000000000000000001110000000000000000000000000000000000000000000000000000000000000000011000000000000011100000000000000001000000001100001100000111110000000000000000000000000001100000000000
000000000000000100000010000000000000000000000000000000111011000110000000000000000000000000000000000000000000000000000000000000000000000111000000000000000000000000000000000000000000111000000000000111010000000001011100101000000000100000000000000000000000000111110000000000000000000000000000000000000000
000000000000000000000010000000000000001000000000000011011111000000000000000000000000000000000000000000000000000000000000000000000000011111000000000000000000000000000000000000000000001001110000000000000000000011000000010000000001000000000000011000000000000110110000000000000000000000000000000000110011
000001000000000000000000000000000000001000000000000011100000000000000000000000000000000000000000000000000000000000000000000000000000001111000000000000000000000000000000000000001000011001000000000000000000000011100000000000000001000100000000000000000000011010100000000000000000000000000000000000110011
000001000000000000000000000000000000001000000000000000000000000000000000000000000000000000000000000000000100000000000000000000000000000000000000000000000000000000000000000011001101110010010000000000000000001001000000000000000000000010000000000000000000011111000000000000000000000000000000000000000000
000001000000000000000000000000000000000000000000000000100000000000000000000000000000000000000000000000001010000000000000000000000000000000000000000000000000000000000000000000111010000011100000000000110000000110000000100000000000001100000000000000000000101000000000000000000000000000000000000000000000
000000000000000000000000000000000011100000000000000000100001100000000000000000000000000000000000000000000110000000000000000000000000000000000000000000000000000000000110000100100111000000000000000000001000000000000000100000000000000000000000000000000010100000000000000000000000000000000001000000000000
000000000000000000000000000000000000000000000000000011110100000000000000000000000000000000000000000000000000000000000000000000000000000000000000000000000000000000110110000100000100000110000000000001010000000000000000100000000000000000000000000000000010111000100000000000000000000000000001000000000000
000000000000000000000000000000000000000000000000000000101010100000000000000000000000000000000000000000000000000000000000000000000000000000000000000000000000000000010101110001100100110100000000000000000000000000000000000000000000000000000000000000000000001000110000000000000000000000000001000000000000
000000000000000000000000000000000000000000000000000000010111000000000000000000000000000000000000000000000000000110000000000000000000000000000000000000000000000000011001001000001001000000000000000000000000000000000000000000000000000000000001100000000000000001000000000000000000000000000000000000000000
000000000000000000000000000000000000000000000000000000001010000000000000000000000000000000000000000000000000000110000000000000000000000000000000000000000000000000000100001000000000000110000000000000001001010000000000000000000000000001010011010000000010000000000000000000000000000000001000000000000000
000000000000000000000000000000000000000000000000000000000000000000000000000001100000000000000000000000000000000000000000000000000000000000000000000000000000000000000100000000000000100100000000000000000001010000000011100000000011000010011101011000000010000000000000000000000000000000001000000000000000
000000000000000000100000000000000000000000011000000000000000000000000000000010010000000000000000000000000000000000000000000000001110000000000000000000000000000000000010110000000000011100000000000000111010010000000000000000000100100011000010111000000000000000000000000000000000000000001000000000000000
000000000000000001000110000000000000000000100100000000000000000000000000000010100000000000000000000000000000000000000000000000000000000000000000000000000000000000000001000000000000000000111000000000011101000000000000000000000101000001000101000000000000000000000000000000000000000000000000000001000000
000000000000000001000001000010000000000000100100000000000000000000000000000001000000000000000000000000000000000000000000011100110000100000000000000000000000000000000000000000000000000000011100000000011111000000000000000000011000100000110101000000000000000000000000000000000000000000000000000010100000
000000000000000000111001000101000000000000011000000000000000000000000000000000000000000000000000000000000000000000000000000010110000100000000000000000000000000000000000000000000000000000011100000001101101000000000000000001000000010000000011100000000000000000000000000000000000000000000000000010100000
000000000000000000011110000101000000000000000000000000000000000000000000000000000000000000000000000000000000000000000000000100110000100000000000000000000000000000000000000000000000000000000000000001010000000000000000000001001100001000000001000000000000000000000000000000000000000000000000000001000000
000000000000000000000100000010000000000010000000000000000000000000000000000000000000000000000000000000000000000000000000000000000000000000000000000000000000000000110000000000000000000000000000000010000011000000000000000001000000001000000000000000000000000000000000000000000000000000000000000000000000
000000000000000000000000001000111000000101000000000000000000000000000000000000000000000000000000000000000000000000000000010000001110000000000000000000000000000000110000000000000100000000000000000001100001000000000000000000011000000101100000000000000000000000000000000000000000011000000000000000000000
000000000000000000000000110001001000000000100000000000000000000000000000000000000000000000000000000000000000000000000000010000000000000000000000000000000000000000000000000000000100000000000000000000101001110000000000000000001100000001000000000000000000000000000000000000000000011000000000000000000000
000000100000000110110000011011000100010000100000000000000000000000000000000000000000000000000000000000000000000000000000010000000000000000000000000000000000000000000000000000000100000000000000000000100000010000000000000000000000001010000000000000000000000000000000000000110000000000000000000000000000
000001010000000110010000000011010100010001100000000000001100000000000000000000000000000000000000000000000000000000000000010100000000000000000000000000000000000000000000000000000000000000000000000000010100000000000000000000010001100000000000000000000000000000000000000001010000000000000000000000000000
000001010000000111100000000011011100001011100000000000010100000000000000000000000000000000000000000000000000000000000000011100000000000000000000000000000000000001100000000000000000000000000000000000001000000000000000000000010000000000000000000000000000000000000000000000100000000000000000000000000000
000000100000000001000000000011001100000000000000000000011000000000000001100000000000000000000000000000000000000000000000001000000000000000000000111000000000000001100000000000000000000000000000000000000000000000000000000000010000000000000000000000000000000000000000000000000000000000000000000000000000
000000000000000000000001000000001100000000000000000000000000000110000001100000000000000000000000000000000000000000000000000000000000000000000001000100000000000000000000000000000000000000000000000000000000000000000000000000000000000000000000000000000000000000000000001000000000000000000000000000011000
000000000000000000000010100000101100000000000000000000011000000110000000000000000000000000000111000000000000000000000000000000000000000000000001000010000000000000000000000000000000000000000000000000000000000000000000000111000111000000000000000000000000000000000000001000000000000000000000000000011000
000000110000000000000010010010001100000000000000000000011000000000000000000000000000000000000000000000000000000110000000000000000000000000000000110001000000000000000000000000000000000000000000000000000000000000000000000000000000000000000000000000000000000000000000001000000000000000000000000000000000
000000110000000000000000100000011000000001100000000000000000000000000000000000000000000000000000000000000000001001000000000000000000000000000000000101000000000000000000000000000000000000000000000000000000000000000000000000010000000000000110000000000000000000000000000000000000000000000000000000000000
000000000000000000000000000000000000000010010000000000000000000000000110000000000000000000000000000000000000000101000000000000000000000000000000000010000000000000000000000000000000000000000000000000000000000000000000011000010000000000000001000000000000000000000000000000000000000000000000000110000000
000000000000000000000000000000000000000001010000011000000000000000000001000000000000000000000000000000000000000010000000000000000000000000000000000000000000000000000000000000000000111000000000000000000000000000000000100100010000000001000010000000000000000000000000000000000011000000000000000110000000
000000000000000000000000000000000000000000100000100100000000000000110000000000000000000000000000000000000000000000000000000000000000000010000000000000000000000000000000000000000000000000000000000001100000000000000000011000000000000001000000000000000000011000000000000000000100100000000000000000000000
000000000000000000000000000000000000111000000000100100000000000000010000000000000000000011000000000000000000000000000000000000000000000101000000000000000000000000000000000000000000000001000000000010010000000001100000000000000000000001010000000000000000011000000000000000000011000000000000000000000000
000000000000000000000000110000000000000000000000011000000000000000100011000000000000000001100000000000000000000000000000000000011000000101000000000000000000000000000000000011000000000010100000000001100000000010010000000000000000000000100000000001100000000000000000000111000000000000000000000000000000
000000000000000000000000101000000010000010000000000000000000000000010111000111000000000101000100000000000000000000000000000000100100000010000000000000000000000000000000001000100000000010100000000000000000000010010000000000000000000000001000000010000011000000000000000000000000000000000000000000000000
000010000000000000000000001100000010000010000000000000000000000001110001100111000000000110000110000000000000000000000000000000100100000000000000000110000000000000000000001000011000000001000000000000000000000001100000000000000000000000111000000000001000000000000000000000000000000000000000000000000000
000101000000000000000001011000000010000010000000000000000000000000000011100001100000000100000000010000011000000000000000000000011000000000000000001001000000000000000000001010111000000000000000000000000000000000000000000000000000000000010000000000000000000000000000001000000000000000000000000000000000
000110000000000000000110100000000000000000000000000000000000000000000000100000100000000100001011010000011000000000000000000000000000000000000000000110000000000000000000000000101000000000000000000000000000000000000000000000000000000111101000000100001000000000000000010100000000000000000000000000000000
000000000000000000000010100000000000111000000000000000000000000000001010101100000000000100001000010000000000000000000000000000000000000000000000000000000000000000000000000000101000000000000000000000010000000000000000000000100011000111010000000000010000000000000000010100000000000000000000000110000000
000000000000000000000001000000011000000000000000000000000000000000001101010101100000000000000000000000000000000000000000000000000000000000000000000000000000000000000000000000101000000000000000000001001100000000000000000001000101100000000000000010000000000000000000001000000000000000000000000110000000
000000000000000000000000000000011000000000000000000000000000000000001101101101100000000000000000000000000000000000000000000000000000000000000000000000000000000000000000000000101000000000000000000010000010000000000000000001000101100000000000000000000000000000000000000000000000000000000000000000000000
000000000000000000000000000000000000000000000000000000000000000000000011100000000000000000000000000000000011000000000000000000000000000000000000000000000000000001100000000000010000000000000000000100000001000000000000000000100001000000000000000000000000000000000000000000000000000000000000000000000000
000000000000000000000000000000000000000000000000000000000000000000000000000000000000000000000000000000000100100000000000000000000000000000000000000000000000000001100000000000010000000000000000000100001011001000000000000000010001000000000000000000000000000000000000000110000000000000000010000000000000
000000000000000000000000000000000000000000000000000000000000000000000000000000000000000000000000000000000011000000000000000000000000000000000000000000000000000000000000000000000000000000000000000000001001000110000000000000001110000000000000000000000000110000000000000110000000000000000101000000000100
000000000000000000000000000000000000000000001000000000000000110000000000000000000000000000000000000000000000000000000000000000000000000000000000000000000000000000000000000000000000000000000000000011000110111100000000000000000000000000000000000000000001011100000000000000011100000000000101000000001010
000000000000000000000000000000000000000000001000000000000000000000001100000000000000000000000000000000000000000000000000000000000000000000000000000000000000000000000000000000000000000000000000000000000011101000000000000001110000000000000000000000000000100010000000000000000000000000000010000000001001
000000000000000000000000000000000000000000000000000000000011000000000100000000000000000000000000000000000000000000000000000000000000000000000000000000000000000000000000000000000000000000000000000000000001110000000000000000000000000000000000000000000000011001000000000001000001000000000000000000000110
000000000000000000000000000000000000000000000000000000000000000000001100000000000000000000000000000000000000000000000000000000000000000000000000000000000000000000000000000000000000000000000000000001000100000000000000000000000000000000000000000000000000011010100000000001000001000000000000000000000000
000000000000000000000000000000000000000000000000000000000000000000000100000000000000000000000000000000000011000000000000000000000000000000000001110000000000000000000000000000000000000000000000000010110100000000000000000000000000000000000000000000000000001010010000000001000001000000000000000000000000
000000000000000000000000000000000000000001011001000000000000000000000100000000000000000000000000000000000011000000000000000000000000000000000010010000000000000000000000000000000000000000000000000100110100000000000000000000000000001100000000000000000000001101110000000000000000000000000000000000000000
000000000000000000000000000000000000000011001111011000000000000000000000000000000000000000000000000000000000000000000000000000000000000000000000010000000000000000000000000000000000000000000000000010000000000000000000000000000000001100000000000000000000011000100000000000011100000000000000000000000000
000000010000000000000000000000000000000000000100010100000100000000000000000000000000000000000000000000000000000000000000000000000000000000000011100000000000000000000000000000000000000000000000000001100000000000000000000000000000000000000000000000000000001110000000000000000000000000000000100000000000
000000010000000000000000000000000000000000000000010010000000110000000000000000000000000000000000000000000000000000000000000000000000000000000000000000000000000000000000000000000000000000000000000001100000000000000000000000000000000000000000000000000000000110000000000000000000000000000000100000000000
000000010000000010000010000001110000000000000000101100000100011000000000000000000000000000000000000000000000000000000000000000000000000000000000000000000000000000000000000000000000000000000000000000000000001100000000000000000000000001110000000000000000001100001000000000000000000000000000100000000000
000000000000000101000101000000000000000000000000000000000110011000000000000000000000000000000000000000000000110000000000000000000000000000000000000000000000000000000000000000000000000000110000000000000000001100000000000000000000000000000000000000000000000100000110000000000000000000000000000000000000
000000000000001000101000100000000000000000100001000000000011011000000000000000000000000000000000000000000000110000000000000000000000000000000001000000000000000001000000000000000000000001001000000000000000000000000000000000000000000000000000000000000000011000010010000000000000000000000000000000000000
000110000000000101000101000000000000000000001110000000000000000000000000000000000000000000000000000000000000000000000000000000000000000000000001100000000000000001000000000000000000000001001000000000000000000000000000000000000000000000000000000000000000110001110110000000000000000000000000000000000000
000110000000000010000010000000000000000000001100000000000000000000000000000000000000000000000000000000000000000000000000000000000000000000000000000000000000000000000000000000000000000000110000000000000000000000000000000000000000000000000000000000000000000001010000000000000000000000000000000000000000
