300 300
000000000000001100000000000000000000000000000000000000000000000000000000000000000000000000000000000000000000000000000000000000000000000000010000000000000000000000000100000000000000000000000010000000000000000000000000001100000000011000000000000000000000000000000000000000000000000000000000000000000000
000000000000010010011100000000000000000000000000000000000000000000000000000000000000000000101000000000000000000000000000000000000000000000101000000000000000000000000100000000000000001100000010000000000000110000000000010010000000100100001100000000000000000000000000000000000000000000000111000000000000
000000000000001100000000000000000000000000000000000000000000000000000000000000000000000001001000000000000000000000000000000000000000000000101000000000000000000000000100000000000000001100000010000000000000110000001000010010000000011000010010000000000000000000000000000000000000000000000000000000000000
000000000000000000000000000000000000000000000000000000000000000000000110000110000000000000101000000000000000000000000000000000000000000000010000000000000000000000000000000000000000000000000000000000000000000000011100001100000000000000010100000000000000000000000000000000000000000000000000000000000000
000000000000000000000000000000000000000000000000000000000000000000001001000110000000110000000000000000000000000000000000000000000000000000000000000000000000000001110001110000000000000000000000000000000000000000100011000000000000000000001000000000000000000000000000000000000000000000000000000000000000
000000000000000000000000000000000000000000000000000000000000000000000110000000000001000000000000000000000000000000000000000000000000000000000000000000000000000000000000000000000000000000000000000000000000000000011111000000000000000000000000000000000000000000000000000000000000000000000000000000000000
000000000000000000000000000000000000000000000000000000000000000000000000000000000000000000000000000000000000000000000000000000000000000000000000000000000000000000000100000000000000000000000000000000000000000000000110000000000000000000000000000000000000000000000000000000000000000000000000000000000000
000000000000000000000000000000000000000000000000000000000000000000000000000000000000000000000000000000000000000000000000000000000000000000000000000000000000000000000100000000000011000000000000000000000000000000000110000000000000000000000000000000000000000000000000000000000000000000000000000000000000
000000000000000000000000000000000000000000000000000000000110000000000000000000000000000000000000000000000000000000000000000000000000000000000000000000000000000000000100000000000011000000000000000000000000000000000100000000000000000000000000000000000000000000000000000000000000000000000000000000000000
000000000000000000000000000000000000000000000000000000000101000000000000000000000000000000000000000000000000000000000000000000000000000000000000000000000000000000000000000000000000000000000000000000000000000000000101000000000000000000000000000000000000000000000000000000000000000000000000000000111000
110001100000000000000000000000000000000000000000000000000010000000000000000000000000010000000000000000000000000000000000000000000000000000000000000000000000000000000000000000000000000000000000000000000000000000000101000011000000000000000000000000000000000000000000000000000000000000000000000000000000
110001100000000000000000000000000000000000000000000000000000000000000000000000000001010000000000000100000000000000000000000000000000000000000000000000000000000011000000000000000000000000000000000000000000000000000100011011000000000000000000000000000000000000000000000000000000000000000000000000000000
000000000000000000000000000000000000000000000001000000000000000000000000000000000000110000000000000100000001000000000000000000000000000000000000000000000000000011000000000000000000000000000000000000000000000000001110000000000000000000000000000000000000000000000000000000000000000000000000000000000000
000000000000000000000000000000000000000000000001000000000000011000000000000000000000000000000000001100000110110000000000000000000000000000000000000000000000000000000000000000000000000000000000000000000000000000000010000001000000000000000000000000000000000000000000000000000000000000000000000000000000
000000000001100011000000000000000000000000000001000000000000011000000000000000000000000000000000001100000110110000000000000000000000000000011000000000000000000000000000000000000000110000000000000000000000000000000000100010000000000000000000000000000000000000000000000000000000000000000000000000000000
000000000001100011000000000000000000000000000000000000000000000000000000000000000000000000000000000110000000100000000000000000000000000100011000000000000000000011000000000000000001001000000000000000000000000000000000001000000000000000000000000000000000000000000000000000000000000000000000000000000000
000000000000000000000000000000000000000000110000000000000000000000000000000000000000000000000000000011110001000000000010000000000000001010000000000000000000000011100000000000000000110000010000000000000000000000000000000000000000000000000000000000000000000000000000000000000000010011011000000000000000
000000000000000000000000000000000000000000110000110000000000000000000000000000000000000000000000000100010000000000000010000000000000000110000000011000000000000100100000011100000000000000010000000000000000000000000000000000000000000000000000000000000000000000000000000000011000011000100100000000001100
000000000000000000011100000000000000000000000000110000000000000000000000000000000000000000000011101000000110000000000010000000000000000000000000011000000000000011011000101100000000000000010000000000000000000000000000000000000000000000000000000000000000000000000000000001000000001000111100000000010100
000000000000000000000000000000000000000000000000000000000000000000000000000000000000000000000011000100100010000000000000000000100000000000000000000000000000000000101100000010000000000000000000000000000000000000000000011100000000000000000000000000000000000000000000000001001000000100010000010000001000
000000000000000000000001000000000000000000000000000000000000000000000000000000000000000000000011011000010110110000000000000000100000000000000000000000000000000000101100101100000000000000000000000000000000000000000000011100000000000000000000000000000000000000000000000000110000000001100000101000000000
000000000000000000000001000000000000110000000000000000000000000000000000000000000000000000000001001001100100000000000000000000100000000000000000000000000000000000010000100000000000000000000000000000000000000000000100000000000000000000000000000000000000000000000000000000000000000011100000101000000000
000000000000000000000001000000000000110000000000000000000000000000000000000000000000000000000000101011000010110000000000000000000000000001100000000000000000000000000001001000000000000000000000000000000000000000001000000000000000000000000000000000000000000000000000000000000000000000000000010000000000
000000000000000000000000000000000000000000000000000000000000000000000000000000000000000000000000001101000000000000000000000000001110000001100000000000011000000000000000100000000000000000000000000000000000000000011000000000000000000000000000000000000000000000000000000000000000000000000000000000001000
000000000000000000011100000000000000000000000000000000000000000000000000000000000000000000000000000110001100000000000000000000000000000000000000000000100100000000000010000000000000000000000000000000000000000000001110000000000000000000000000000000000000000000000000000000000000000000000000000000001000
000110000000000000000000000000000000000000000000000000000000000000000000000000000000000000000000000010001100000000000000000000000000000000000000000000101000000001100001000000000000000000000001100000000000000000001101000000000000000000100000000000000000000000000000000000000000000000000000000000001000
001001000000000000000000000000100000000000000000000000000000000000000000000000000000000000000000000000000000000000000000000000000000000000000000000000010000000001100001000000000000000000000010010000000000000000000010100000000000000001010000000000000000000000000110000000000000000000000000000000000000
001010000001100000000000000001010000000000000000000000000000000000000000000000000000000000000000000000000000000000000000000000000000000000000000000000000000000000000000000000000000000000000001010000000000000000000001100000000000011001010000000000000000000000000110000000000000000000000000000000000000
000100000010010000000000000001010000000000000000000000000001100000000000000000000000000000000000000000000000000000000000000000000000000000000000000000000000000000000000000000000000000000000000100000000000000000000000000000000000011000100000000000000000000000000000000000000000000000000000000011000000
000000000001010000000000000000100000000000000000000000000001100000001000000000000000000000000000000000000000000000000000000000000000000000000000000000000000000000000000000000000000000000000000000000000000001000000000001000000000000000000000000000000000000000000000000000000000000000000000000100100000
000000000000100000000000000000000000000000000000000000000000000000011100000000000000000000000000000000000000000000000000000010000000000000000000000000000000000000000000000000000000000000000000000000000000010100000000010100000000000000000000000000000000000000000000000000000000000000000000000011000000
000000000000000000000000000000000000000000000000000000000000000000110110000001100000000000000000000000000000000000000000000101000000000000000000000000000000000000000000000000000000000000000000000000000010100000000000010100000000000000000000000000000000000000000111000000000000000000000000000000000000
000000000000000000000000000000000000000000000000000000000000000001110111000001100000000000000000000000000000000000000000000010000000000000000000000000000000000000000000000000000000000000000000000000001101100000000000001000000000000000000000000000000000000000000000000000000000000000000000000000000000
000000000000000000000000000000000000000000000000000000000000000000110110000000000000000000000000000000000000000000000000000000000000000000000000000000000000000000000000000000000000000000000000000000000001100000000000000000000000000000000000000000000000000000010000010000000000000000000000000000000000
000000000000000000000000000000000000000000000000000000100000000000011100000000000000000000000000000000000000000000000000000000000000000000000000000000000000000000000000000000000000000000000000000000000101000000000000000000000000000000000000000000000000000000010000010000001100000000000000000000000000
000000000000000000000000000000000000000000000000000000010000000000001000000000000000000000000100000000000000000000000000000000000000000000000000000000000000000000000000000000000001000000000000000000001001000000000000000000000000000000000000000000000000000000010000010000001100000000000000000000000000
000000000000000000000000000000000000000000000001011100100000000000000000000000000000000000001010000000000000000000100000000000000001000000000000000000000000000000000000000000011010100000000000000000001010000000000000000000000000000000000000000000000000000000000000000000000000000000000000000000000000
000000000000000000000000000000000000000000001011000000000000000000000000000000000000000000001010000000000000000001010000000000000010100000000000000000000000000000000000000000100011000000000000000000001000110000000000000000000000000000000010000000000000000000000111000000000000000000000000000000001100
000000000000000000000100000001000000000000110000000101000000000000000000000000000000000000000100000000011000000000100000000000000010100000000000000000000000000000000110000000100000000000000000000000101000110000000000000000000000000000000010000000000000000000000000000000000000000000000000000000001100
000010000000000000001001000110000000000001010000100000000000000000000000000000000000000000000000000000011000000000000000000000000001000000000000000000000000000000001001000000100010000000000000000000011001010000000000000000000000000000000010000000000000000000000000000000000000000000000000000000000000
000010000000000000010010000001000000000000100000000000000000000000000000000000000000000000000000000000000000000000000000000000000000000000000000000000000000000000000110000000101100000000000000000000001011100000000000000000000000000000000000000000000000000000000000000000000000000000000000000000000000
000010000000000000001010000001000000000000000000000100000000000000000000000000000000000000000000000000000000000000000000000000000000000000000000000000000000000000000000000001100000000000000000000000000000100000000000000000000000000000000000111000000000000000000000000000000000000000000000000000000000
000000000000000000001000000000000011000000000000001111100000000101000000001000000000000000000000000000000000000000000000000000000000000000000000000000000010000000000000000001000000000000000000000000000011000000000000000000000000000011100000000000000000000000000011000000000000000000000000000000000000
000000000000000000110000000000000110000000000000010000000000000100100000001000000000000000000000000000000000001000000000000000000000000000000000000000000001000000000000000011000000000000000000000000000000000000000000000000000000000010100010000000000000000000000011000000000000000000000000000000000000
000000000000000000001000000000000000000000000000011011100000001001000110001000000000000000000000000000000000001000000000000000000000000000000000000000000000101100000000000000000000000010000000000000011000000000000000000000000000000000010010000000000000000000000000000000000000000000000000000000000000
000000000000000000000000000000000000000000000000011010000100000111001110000000000000000000000000000000000000001000000000000000000000000000000000000000000001000100000000000000001100000101000000000000100100000000000000000000000000011010100101000000000000000000000000000000000000000000000000000000000000
000000000000001100101001000000000000000000000000011100001100000110000110000000000000000000000000000000000000000000000000000000000000000000000000000000000001011000000000000000001100000101000000000000011000000000000000000000000000100001000000000000000000000001000000000000000000000000000000000000000000
000000000000010010011001100000000000000000000010010000001000000000000000000000000000000000000000000000000000000000000000000111000000000000000000000000000000100000011000000000001000000010000000000000000000001110000000000010000000100000000000000000000000000010100000000000000000000000000000000000000000
000000000000001010000000100000000000000000000011100000100000000000000000000000000000000000000000000000000000000000000110001001000000000000000000000000000000000000010000000000000000000000000000000000000000000000000000000101000000100010000010000000000000000010100000000000000000000000000000000000000000
000000000000000100000000000000000000000000000011000000111000000000000000000000000000000000000000000000000000000000001010001000100000000000000000000000000011000000010010000000000000000000000100000000000000000000000000000101000000010001010000000000000000000001000000000000000000000000000000000000000000
000000000000000000000000111000000000000001100000110000101100000000000000000000000000000000000000000000000000001000000000010101100000000001110000000000000111000000001100000000000000000000001010000000000000000000000000000010000000000100010001100000000000000000000000000000001000000000000000111000000000
000000000000000000000001111100000000000010010000101000001010000000000000000000000000000000000000000000000000001000001100100100000000000011111000000000000100101110000000000000000000000000010010000000000000000000000000000000000000000001010000000000000000000000000000000000010000000000000000100100000000
000000000000000000000010100010000000000000000000000000110011000000011000000000000000000000000000000000000000001000000000000001000000000011001100000000000111001100000000000000000000000000001100000000000000000000000000000000000000000001001101000000000000000000000000000000010000000000000011000100000000
000000000000000000000011000100000001100010001100000001100011100000011000000000000000000000000000000000000000000000000000101010000000000000000000111000000011000000000000000000000000000000001010000000000000000000000000000000000000000000111001000000000110000000000000000000000000000100000010100000000000
000000000000000000000000000000000001100010000100000001000001000000000000000000000000000000000000000000000000000000000000011000000000000000010001001000010111000000000000000000000000000000000100000000000000000000000000000000000000000000001001000000000110000000000000000000000000000100000010100110000000
000000000000000000000000000000000000000001000100000000111000000000000000000000000000000000000000000000000000000000000000000100110000000001110001000100100111100000000000000000000000000000001000000000000000000000000000000000000000001100000100000000000000000000000000000000000000001110000000000000000000
000000000000000000000000000000000000000000100100000000011011010000000000000000000000000000000000000000000000000000000100001100100000000000100000100100000010010000000000000000000000000000000100000110000000000000000000000000011000001100000000000000000000000000000000000000000000000000000001001000010000
110000000000000000000000000000000000000000010000000000000000010000000000011000000000000000000000000000000000000000000011000111000000000000101000101000010100000000000000000000000000000000000000001010000000000000000000000000011000000000000000000000000000000000000000000000000000000000000000001000111000
110000000000000000000010000000000000000000000000000000000001010000000000100100000000000000000000000000000000000000000110000010000000000000011000011000011100101000000000000000000000000000000000100100000000000000000000000000000000000000000000000000000000000000000000000000000000001110000001001000100100
000000000000000000000101000000000000000000000011000000000000000000000000011000000000000000000000000000000000000000000000000000000000000000000000001100011101100000000000000000000000000000000000011000000000000000000000000000000000000000000000000000000000000000000000000000000000000100000000000000011000
000000001100000000000101000000000010000000000011001110000011100000000000000000000000000000000000000000000000000000000000000000000000000000000000011100011101110000000000000000000000000000000000000000000000000000010000000000000000000000000000000000000000000000000000000000000000000100000010100000000000
000000010010000000000010000000000101000000000000000100000110000000000000000000000000000000000000000000000000000000000000000000000000000101100010110000010010000100000000000000000000000000000000000000000000000000111000000000000000000000000100000000000000011100000000000000000000000000000010101100000000
000000001100000000000000000000000011000000000000100110001100000000000001100000000000000000000000000000000000000000000000000000000000001000111110110000001110101000000000000000000000000000000000000001000000000000101000000000000000000000001010000000000000000000000000000000000000000000000011000100000000
000000000000000000000000000000000000000000000001001000110110000000000001100000000000000011100000000000000000000000000000000000000000001000011000011000000100101000000000000000000000000000000000000010100000000000000000000000000000000000001100000000000000000000000000000000000000000110000000100100000000
000000000000000000000000000000000000000000000001001000111000000000000000000000000000000000000000000000000110000000011100000000000000000100011000001000000000000000000000000000000000000000000000000010100000000000000000000000000000000000000000000000000000000000000000000000000000000000000000111000000000
000000000000000000000000000000000000000000000001110000111000011000000000000000000000000000000000000000000110000000000000000000000000000000000000000000000000000000000000000000000000000000000000000001000000000000000000000000000000000000000000000000000000000000000000000000000001110000000000000000000000
000000000000000000000000000000000000000000000000000001101000000000000000000000000000000000000000000000000000000000000000000000000000000000000000000000000000000000000000110000000000000000000000001101000000000000000000000000000000100000000000000000000000000000000000000000000000000000000000000000000000
000000000000000000000000000000000000000000000000000001011100000000000000000000000000000000000000000000000000000000000000000000000000000000000000000000011000000000000000110000000000000000000000010111000000000000000000000000000001110000000000000000000000000000000000000000000000001100000000000000000000
000000000000000000000000000000000000000000000000000001000100000000000000000000000000000001100000000000000000000000000000000000000000000000000000000000100100000000000000000000000000000000000000000110000000000001000000000000000001011000000001000000000000000000000000000000000000001100000000011000000000
000000000000000000000000000000000000000000000000000000000000000000000000000000000000000001100000000000000000000000000000000000000000000000000000000000011000000000000000000000000000000000000000000000000000000011110000000000000000000000000010100000000000000000000000000000000000001100000000010100000000
000000000000000000000000000000000000000000000000000000001111100000000000000000000000000000000000000000000000000100000000011000000000011000000000000000000000000000000000000000000000000000000000000000001100000010001000000000000000000000000100100001000000000000000000000000000001000000000000001000000000
000000000000000000000000000000000000000000000000000000001111100000000000000000000000000000000000000110000000001010000000011000000000101100000000000000000000000000000000000000000000000000000000000000000000000010001000000000000000000000000011000001000000000000000000000000000001000000000000000000000000
000000000000000000000000000000000000000000000010000000000000000110000000000000000000000000000000000110000000001010000000000000000000101100001110000000000000000000000001000000000000000000000000000000000000000000000000000000000000000000000000000001000000000000000000000000000011100111100000000000000000
000000000000000000000000000001010000000000000010000001001100110001000000000000000000000000000000000000011100000100000000000000001000010000001000000000000000000110000001000000000000000000000000000000000000000110100000000000000000000000000000000000000000000000000000000000000010111011100000000000000000
000000000000000000000000000010010000000000000010000001100000110110000000000000000000000000000000000000000000000000000000000000011100000000000001000000000000001001000001000000000000000000000000000000000000001010000000000000000010000000000000000000000000000000000000000000001101110000000000000000000000
000000000000000000000000000001000000000000000000000000000100000000000000110000000000000000000000000000000000000000000000000000110110000000001100000000000000000110000000000000000000000001100000000000000000010010000000000000000001110000000000000000000000000000000000000000001001100000000000000000000000
000000000000000000000000000000000011000000000000000000010100000000000001001000000000000000000000000000000000000000000000000000011100000000001110100000000000000000000000000000000000000011100000000000000000001000001101000000000000110000000000000000000000000000000000000000000110000000000000000000000000
000000000000000000000000000000000001100000000000000000010000000000000011010000000000000000000000000000000000000000000000000000001000000000001100011000000000000000000000000000000000000010010000000000000000000110000001000000000000010000000000000000000000000000000100000011100000000000000000000000000000
000000000000000000000000011000110001000000000000000000000000000000000000000000000000000000000000000000000000000000000000000000000000000000001100011000000000000000000000000000000000000011100000000000000000000001000001000000000000000000000000000000000011000000000100000100010000000000000000000000000000
000000000000110000000000011000111110000010000000000000000000000000000011000000000000000000000000000000000000000000000000000000000000000000001100011000000000000000000000000000000000000011000011100000000000000001000000000000000000000000000000011000000011100000000100000110110000000000000000000001100000
000000000001001000000000000000011100001101100000000000000000001000000001000000000000000000000000000000000000000000000000000000000000000000000010100000000000000000000000000000000000000011010100100000000000000000101000000000000000000000000000100100000000010000000000000000000000000000000000000001100000
000000000001010000000000000000000000001100010000000000000000010100000000000000000000000000000010000000000000000000000000000000000000000000000000000000000000000000000000000000000000000000000101100000000000000000000000000000010001110000000000100100000001000000000000000000000000000000000000000000000000
000000000000100000000011000000000000000011110000000000000000000100100000000000000000000000001111100100000000000000000000001110000000000000000000000000000000000000000000000000000110000010000000000000000000000000000001110000101001110000001100110110000010101100000000000000000010000000000000000000000000
000000000000000000000011000000000000000000010011000000000001001000101000001000000000011000010001100010000000000000000000000010000000000000000000000000000000000000000000000000000110000001100110000000111000000000110000000000101000000000010010001100000010000100000000000000101010000000000000000000000000
000000000000000000000000000000000000000000011100110000000010010000001110001110000000011000100111111011100000000000000000000100000000000000000000000000001000000000000000000000000000000000001011111000100110000001101000000000010000000000001100000000000011111000000111000000101000010000000000000000000000
000000000000000001100000000000000000000000011000010000000010000000000000000000000000000000010010001010001000000000000000000000000000000000000000000000001000000000000000000000000000000000001110100100110001000000011100000000001000000000000000000000000000110000000100011100001100010000000000000000000000
000000000000000001100000111000000000000000000000100000000100100000000000100000000000000000011111111101001000000000000000000000000000000000000000110000001000000000000000000000000000000000010000011000001101100000010110000000001110000000000000000100000000000000000111000000110000010000000000000000000000
000000000000000000000001010110000000000000000001100000000010011000000000100000000000000000001001010000101000000000000000000000000000000000000001001000000000000000000000000000000000000000010110000000000010000000001100000000000000000000000000001010000000000000000000000000111111000000000000000000000000
000000000000000000000001000101000000000000000000110000000011001101100000100000000000000000000111100000000000000000000011100000000000000000000000110000000000000000000000000000000000000000010100000000000000000000001000000000001010000000000000001010000000000000000000011100010000000000000000000000000000
000000000000000000000001010001000000000000000000010000000000000000100000000000000000000000000011100000000000000000001101010000000000000000000000000000000000000000000000000000000000000000000001000000000000000000000000000000000100000000000000000100000000000000000000010100000000010111000000000000000000
000000000110000000000000110101000000000011000000000000000000010001000000000000000000000000000000000000000000000000010001001000000000000000010000000000000000000000000000000000000000000000000010100000000000000000000000000000000000000000000000000000000000000000000000000100000000101000000000000000000000
000000000101000000000000001110000001100011000000000000000000000110000000000000010000000000000100001100000000000000000001011000000000000000010000000000000000000000000000000000000000000000000100010000000000000000000011100000000000000000000011000000011000000000000000000000011001000000000000000000000000
000000000010000000000000000000000001100000000000000000000000000000000000000000101000000000001110011111000000000000000001100000000000000000010000000000000000000000000000000000000000000000000010100000000000000000000110010000000000000000000100100000100100000000000000000000011000000001001110000000001100
000000000000000000000000000000000000000000000000000001101000000000000000000000101000000000011010010000100000000000000110000000000000000000000000000000001100000000000000000000000000000000000001000000000000000000000110000000000000000000000011000000011000000000000000000000000000100010000000000000001100
000110000000000000000000000000000000000000000000000010101001000000011100000000010000000000110000011100100000000000000100000000000000000000000000000000011110000000000000000000000000110000000000000000000000000000000000100000000000000000000000000000000000000110000000000000000000011100000000000000000000
000110000000000000000000000000000000000000000000000000011001000000010100000000000000000000011010001001100000000000011100000000000000000000000000000000100000100000001100000000000000110000000000000000000000000000000010100000000000000000000000000100000000000110000000000000000000000000000000000000000000
000000000000000001110001110000000000000000000000000000000110000000010100000000000000000000001110000110000000000000011110000000000000000000000000000001101010000010110010000000000000000000000000000000000000011000000011000000000001000000000000001010000000000000000000000000000000000000000000000000000000
000000000000000011010001011000000000000000000000000000000110000000000000110000000000000000000100000000000000000000100010000000000000000000000000000000100100000110101011000000000000000000011000000000000001011000000000000000000010100000000000001010000000000000000001000000000000001000000000000000000000
000000000000000101100000101100000000000000000000000000000000000000000000111000000000000000000000000000000000000000011100000000000000000000000000000000110000000100101110000000000000000000010100000000000011000000000000000000000010100000000000000100000000000000000010100000000000001000000001000000000000
000000000000000010000101101000000000000000000000000100000000000000000001100000000000000000000000010000000000000000000100000000010000000000000000000000010000000010011000000000000000000000001000000000000000011000100000000000000001000000000000000000000000000000000011000000000000001000000010100000000000
000000000000000000010000110000000000000000000000000100000000000000000000100000000000000000000000010000000000000000000001000000111000000000000000001110000000000000011000000000000000000111000000000000000010000001110000000000000000000000000000000000000000000000000000000000000000000000000100100000000000
000000000000000000000000000000000000000000000000000000000000000000000101000000000000000000000000010000000000000000100100100001101000000000000110000000100000000000000000000000000000001000011000000000000010000010011000000000000000000000000000000000000000000000000000000000000000000011100011000000000000
000000000000000000000001000000000000000000000000000000000000000000000010110000000000000000000000000000000000000000011001110001000000000000000110000000010000000000000110000000000000000000000100000001000010000000010000000000000000000000000000000000000000000110000000000000000000000000000000000000000000
000000000000000001000110000000000000000000000011000000000000000000000011100011000000000000000000000000000000000000000000000111000000000000000000000000000000000000001111000000000000100000000100000001000000100111100000000000000000000000000000000000000000000110000000000000000000000000000000000000000000
000000000000000000000100000000000000000000000010100000000000000000000000101000000000000000000000000000000000000000000000000001011100000000000000001100000000000000010111100000000001000000000010000011100000000001000000000000000000000000000000000000000000000000000000000000000000000000000000000000000000
000000000000000010001100000000000000000000000010100000000000000000000010000011000000000000000000000000000000000000000000000000011000000000000000000000000110000000101000000000000000100000001000000000000000100000000000000000000000000011000000110000000000000000000000000000000000000000000000000000000000
000000000000000010100000000000000000000000000001100000000000000000001011111000000000000000000010000010000000000000000000000001100000000000000000000011000001000000110000000000000001000000000100001000001011100000000000000000000000000011000000110000000000000000000000000000000000000000000000000000000000
000000000000000000000000000000000000000000010110000000000000000000001100101110000000000000001000000111000000000000000000001001000000000000000000000010000000100000000000000000000000100000001000100000000010100000000000000000000000000000000000000000000000000000000000000000000000000000000000000000000000
000000000000000000000000000000000000000000011000000000000000000000010100000000000000000000001000000001000000000000000000110000110000000000000000000011010001101000000000100000000000000000000001100001000000000000000000000000000000000000000000000000000000000000000000000000000000000000000000000000000000
000000000000000000000000000000000000000000001000000000000000000000010010000000000000000000011000000111000000000000000000001001000000000000000000000011100001111110000001011000110000001010100011000011100000000000000000000000000000000000000100000000000000000000000000000000000000000000000000000000000000
000000000000000000000000000000000000000000000000000000000000000000100000000000000000000000001100000110000000000000000000000001101100000000000000000000000110100110000001000000101000000101000001001110111010000000000000000000000000000001011100000000000000000000000000000000000000000000000000000000000000
000000000000000000000000110000000000000000000000000000000000000000000000000000000000000000001100000000100000000000000000000000011011000000000000000000000111000011000000000000010000000000000000110100010110000000000000000000000000110010100010000000000000000000000000000000000000000000000000000000000000
000000000000000001000001101000000000000000000000000001000000000000000000000000000000100000000100000100100000000000000000000001001000000000000000000000000111001001000000011000000000000000000000011000001100000000000000000000000001001010101100000000000000001100000000000000000000000000000000000000000000
000000000000000001000011111000000000000000000000000011100000000000000000000000000000010000000000000111000000000000000000000111000111000000000110000000000000001101000000010000000000000000000000000000000000011000000000000000000001010001000100000000001100001100000000000000000000000000000000000000000000
000000000000000001001001000001000000000000111000000010011000000000000000000000000100001000000000000000000000000000000000000001000000000000001001000000000000100100100010100000000000000000000000000000000000011000000000000000000001100000000000000000001100000000000000000000000000000000000000000000000000
000000000000000000001000000110110000000001000000000000111000000000000000000000010000010000000000000000000000000000000000000001101000000000001010000000000001111011100001000000000000000000000111000000000000000000000000000000000000000000000001100000000000000000000000000000111000000000000000000000000000
000000000000000000000100111000000000000010000100000000010100000000000000000000100011100000000000000000000000000000000000000000101000000000000100000001101110000010010000000000000000000000001000000000000000000000000000000100000000001100010001010000000000000000000000000000100100000000000000000000000000
000000000000000000000010100000000000000000011100000000011100000000000000000000100100000000000000000000000000000010000000000000010000000001100000000000101110000011011000000000000000000000010001000000000000000000000000000100000000000010010000100000000000000000000000000001000100000000000000000000000000
000000000000000000000000010000001000000011000111000000101100000000000000000000010000011000000000000000000000000101000000000000000000000010010000000000001001000001010000000000000000000000011010000000000000000000000000000100000000001100011000000000000000000000000000000001111100000000000000000000000000
000000000000000000000000001010101000000000000001100000110000000000000000000000000000000000000000000000000000000101000000000000000000000001100000000000001110000011000100000000000000000000000000000000000000000000000000100000000000000000000000000000000000000000000000000000111000000000000000000000000000
000110000000000000000000000000000000000000000100100001000000000000000000000000000001000100000000001100000000000010000000100000000000000000000000000000000100000100000000000000000000000000000000000000000000000000100011100001110000000000000000000000000000000000000000000000111000000000000000000000000000
000110000000000000000000000000000000000000000111000010001000000000000000000000000001111100000000010110000000000000000001010000000000000000000000000000000000000101000100000000000000000000000000000000000000000000101100100000000000000000000000000000000000000000000000000000000000000000000000000000000000
000000000000001100000000000000000000000000001001000100001100000000000000000000000001111010000000000101100000000000000000100000000000000000000000000000000000000101110100000000000000000000000000000000000000000000101000000100000000000000000000010000000000000000000000000000000000110000000000000000000000
000000000000000010000000000000000000000000001110011100000010000000000000000000000000000111000000001101101100000000000000000000001100000000000000000000000000000000000000000000000000000000000000000000000000000000000010000100000000000000000001101000000000000000000000000000000001001011100000000000000000
010000000000001001000000000000000000000000000000010100011010000000000000000000000001000001000110000101111010000000000000000000001100000000000000000000000000000000000000000000000000000000000000000000000000000000000100000100000000000001110001101000000000000000000000000011011011000000000000000000000000
110000001110000110000000000000000000000000000000010000001100000000000000000000000001111001000010110110000001000000000000000000000000000000000000000000000000000000000000000000001110000000000000000000000000000000000110000000000000001000000111010000000000000000000000000011100000000100000000000011100000
101000110000000000000000000000000000000000000000001010000000000000000000000000000001110010000011100010011101110000000000000000000000000000000000011100000000000000000000000000000000000000000000000000000000000000000000000000000000001100000100100000000000000000000000000000000010000100000000000011100000
000000100000010000000000000000000000000000000000001110000000000000001100010000000000000000000001000001011100010000000000000110000000000000001000000000000000000000000000000000000000000000000000000000000000000000000000000000000000110000000101110000000000000000000001000000000001111000000000000100100000
001100000000000000000000000000000000000000000000000000000000000000001100000000000000000000000000000001100010110000000000000110000000000000010110000001000000000000000000000000000000000000000000000000000000000000010000010000000000100110000000001000000000000000000010100001000000000000000000000011000000
001001010000100000000000000000000000000000011000000000000000000000011010111000000000000000000000000001100001000100000000000000000000000000010100000001000000000000000000000000000000000000000000000000110000000001101111101100000010000110000001110000000000000000000100010011000000000000000000000011101000
000100111000100000000000000000000100000000010100000000000000000000001101000000000000100000000000000000000110001100000000000000000000000000001000000001000000000000000000000000000000000000000000001100111001100000000011101100010111111000000001110000000000000011000010100011000000000000000000000000101000
000001010110000000000000000000001010000000001000000000000000000000000011010000000010100000000000000000011000000100000000000000000000000000000000000000000000000000000000000000000000000000000000011000010100100000000000010000001100001000000000000000000000000000000001000000000000000000000000000000000000
000000001000000000000000011000000100000000000000000000000000000000000001100000000001100000000000000000001100000000000000000000000000000000000000011100001000000000000000000011000000000000000000001011010001000000000000000010000011110000000000000000000000000011011000000000000000000000000000000000000000
000000001000000000000000100100000000000000000000000000000000000000000001101000000000000000000000000000000000000000111000000000000000000000000000000000010100000000000000000100100000000000000000000110001000000000000000001010000001000000000000000000011100000000000100000000000000000000000000000000000000
000100001000011000000000100100000000000000000000000010000000000000000001100000001100000000000000000000000000000000000000000000000000001000000000000000010100000000000000000011000000000000000000000000000000000110000000000000000010010000000000000000100010000000010010000000000000000000000000000000000000
000000010000100101100000011000000000000000000000000101000000000000000001101110101110010000000000000000000000000010000000000000000000110110000000000000001000000000000000000000000000000000000000000000000000001110000110000000000001100000000000000001000110001100000001000000000000000000000000000000000000
000100010000100111100000000000000000000000000000000010100000000000000000101010000110100100000000000000000000000010000000000000000000110110000000000000000000000000000000000000000000000000000000000000000000010000001110000000000000000000000000000001000010110010001001000010000000000000000000000110000000
000010011000100001100000000000000000000000000000000001000000000000000000000000000000100100000000000000000000000010000000000000000000100110000000000110000000110000000000000000000000000000000000000000000000110000000000000000000000000000000000000001010000000010001001000010000000000000000000000110000000
000001101000000000000000000000000000000000000000000000000000000000000000001010000000011000000000000000000000000000000000000000000000011000000000001001000001001000000000000000000000000000000000000000000000010000100000000000000000000000000000000000000000011001110110000010000000000000000000000000000000
000000101100001110000000000000000000000000000000000000011000000000000000000010000000000000000000000000000000000000000000000000000000000000000000000110000000110000000000000000000001000000000000000000000000011011000000000000000000000000001000000000000000010010001000000000000000000000000000000000000000
000000001111000000000000000000000000000000000000000000010000000000000000000000000000000000000000000000000000000000000000000000000000000000000000000000000000000000000000000000000010100000000000000000000000001110000000000000000000000000100100000000000000011001001000000000000000000000001100000000000000
000000000001000000000000000000000000000010000000000000010000110000000000000000000100100000000000000000000000000000000000000000000000000000000000000000001000000000000000000000000010100000000000000000000000011000000000000000000000000001010110000000000000110001110000000000000000000000001100000000000000
000010000000000001100000000000000000000010000000000000000000001110000000000000000100000000000000000000000000000000000000000000000000000000000000000000010100000000000000000000000001000000000000000000000000110000000000000000000000000011010001100000000000000000000000000000000000000000000000000000000000
000000000010000001100000000000000000000010000000000000000000010010000000000000000001100000000000000000000000000000000000000000001110000000000000000000010100000000000000000000000000000000000000000000000000010001100000000000000000000000010100000000000000000010000010000000000000000000000000000000000000
000001111100000000000000000000000000000000000000000000000101010110000000000000000000000000000000000000010000000000000000000000000000100000000000000000001000000000000000000000000000000000000100000000000000001000110000000000000000000100100000100000000000000010000010000000000000000000000000000000000000
000000000000000000000000000000000000000000010000000000000101011000000000000000000000000000000000000000101000000000000000000000000000111110000000000000000000000010000000000001000000000000000100000000000000000000010100000000000000000000100000000000000000000010000010000000000000000000000000000000000000
000000000010000100000000000000000000000000101000000000000000000000000000000000000000000000000000000000101000000000000000000000001110011111000000000000000000000010000000000010100101100000000100000000000110000000011010000000000000001100000010000000000000000000000000000000000000000000000000000000000000
000000000101001010000000000000100000000000101000000000000000000000000000000000000000000000000000000000010000000000000000000000000000010000000000000000000000000010000000000000000000011000000000000000000110000000010001000000000000000100000101000000000000000000000000000000000000000000000000000000000000
000000000100101100110000001101001000000000010000000000000000000000000000000000000000000000000000000000000010000000000000000000000000010010000000000000000000000000000000000000000101000011000000000000001100000000010001000000000000000000000101000000000000000000000000000000000000000000000000000000000000
010000000011000100011000000001000100000000000000000000000000100000000000000000000000000000000000000000000010000000000000000000000000001100000000000000000000000000111000000000000001000000000000000000000000000000100001000111000000000000000010000000000000000000000000000000000000000000000000000000000000
101000000000000011000000000010000100000000000000000000000000100000000000000000000000000000000000000000000010000000000000000001100000000000000000000000000001100000000000000001100111100000000000000000000000000000010010000000000001000000000000000000000000000000000000000000000000000000000000000000000000
101000000000000011000000000001000100000000000000000000000000100000000000000000000000000000000000000000000000000000000000000001100000000000000000000000000010000010000001100001101000001000000000000000000000000000011000000000000001000000000000000000000000000000000000000000000000000000000000000000000000
010000000000000000000000000001101000000000000000000000000000000000000000011000000000000000000000000110000000000000001000000000000000000000000000000000000010010010000001100000000111010000000000000000000000000000000000000000000001000000010000000000000000000000000000000000000000000000000000000000000000
000000000000000000000000000000100000000000000000000000000000000000000000011000000000000000000000000110000000000000011100000000000000000000111000000000000001110010000000000000000010000000000000000000000000000000000000000000000000000000101000000000000000000000000110000000000000000000000000000000000000
000000010000000000000000000000000000000000000000000000000000000000000000000000000000000000000000000000000000000000000010000000000000000000000000000000000000000000000000000000011100000000000000000000000000000000000000000000000000011100101000000000000000000000010000000000000000000000000000000000000000
000000101000000000000000000000000000000000000000000000000000000000000000100000000000000000000000000000000000000001010011000010000000000000000000000000000000000000000000000000010100000000000000000000000000000000000000000000000000000000010000000000000000000000100010011000000000000000000000000000000000
000000100100000000000000000000000000000000000000000000000000000000000001010000000000001100000000000000000000000011010011100101000000000000000000000000000000000000000000001100001010000000000000000000110000000000000000000000000000000000000000011000000000000000110100100000000000000000000000000000000000
000000011000000000000000000000000001110000000000000000000000000000000011011000000000001100000000000000000110000011000001000101000000001100000000000000000000000000000000010010000100000000000000000000110000000000000000000000000001000000000000011000000000000000000000011000000000000000000000000000000000
000000000000000000000000000000000000000000000000000000000000000000000101000000000000000000000000000000011110000010111110000010000000001100000000000000000000011000000000001100000100000000000000000000000000000000000000000000000010100000010000000000000000000000000000000000000000000000000000000000000000
000000000000000000000000000000000000000000000000000000000000000000000101000000000000000000000000000000011001000110000100000000000000000000000000000000000000000100011000000000000000000000000000000000000000000000000000000000000100100000010000000000000000000000000000000000000000000000000000000000000000
000000000000000000000000000000000000000000000000000000000000000000000111000000001000000000000000000000100001001010000000000000000000000000000000000000000000100000100100000000000000000000000000000000000000000000000000000000000011000000010000000000000000000000000000000000000000000000000000000000001000
000000000000000000000000000000000000000000010000000000000000000000000000000000011100000000000000000000011010001010000000100000000000000000000011000000000000011000010100000000000000000000000000000000000000000000000000000000000000000000000000000000000000001110000000000000000000000000000000000000010100
000000000000000000000000000000000000000000110000000000000000000000000000000000000001100000000000000110001110000100000001110001100000000000000111000110000000000000001000000000000001100000000000000000000000000000000000000000000000000111000111000000000000000000000000000000000000000000000000000000010100
000000000000000000000000000000010000000000110000000000000000000000000000000000011111100000000000001001000011111000000001010000000000000000000110000010000000000000000000000000000010010000100000000000000000000000000000000000000000000000000000000000000000100000000000000000000000000000000000000000001000
000000000000000000000000000000100000000000100000000000000000000000000000000000010001000000000000011100000000100001100000000110001100000000011100000100000000000000000000110000000010100001110000110000000000000000000000000000000000000000010000000000000000100000001000000000000000000000000000000000000000
000000000000000000000000000001110001000000000000000000000110000000000000010000000000000000000000011000110000000001100000000100000100000000110000000000000000000000000000110000000001000010011001001000000000000000000000000000000000000000010000000000000000100000000100000000000000000000000000000000000000
000000000000000000000000000000000011000000000000000000000110000000000000110000000000000010000000011000111010000000000000001000010000000000000000000000000000000011000000000000000000000011010001010000000000000000000000000000000000000000010000000000000000000011000010000000000000000000000000000000000000
000000000000000000000000000010010000000000000000000000000000000000000001010000001110000000100000010000100000000000000000001000011000000000000000000000000000000100110000000000000000000000000000100000000000000000000000000000000000000000000000000000000000001100000100000000000000000000000000000000000000
000000000000000000000001000000010000000000000000000000000000000000000001100000001110000011100000001010101001000000000000000011001000000000000000000000000000001000000000000000000000000000100100000000000000000000000000000000000000000000000000000000000000001100001000000000000000000000000000000001100000
000000000000000000000001000000000000000000000000000000000000000000000000000000001100000001100000000101010110000000000000000000000000000000000000000000000100000000010000000000000000001100100100000000000000011000000000000000000000000000000000000000000000001111010000000000010000000000000000000001100000
000000000000000000000001000000000000000000000000000000000000000110000000000000000000000001000000000000000000000000000000000000000000000000000000000000001011110000100000000000000000010100011000000000000000101000000000000000000000000000000000000000000000000000011000000000101000000000001110000000000000
000000000000000000000000000000000000000000000100000000000000000110000000000000000000100000000000000000000110000000000000000000001110000000000000000000011111000001000000000000000000010100000000000000000001010000000000000000000000000000000000000000000000001010000000000000101000000000000000000000000000
000000000000000000011100000000000000000000001010000000000000000000000000000000000000100000000000000000001110000000000000010000010001000000000000000000000011011110000000000000000000011000000000000000000000100000000000000000000000000000000000000000000000000110000000000000010000000000000000000000000000
000000000000000000000000000000000000000000000110000000000000000000000000000000000001010000000000000000010100000000000000111000100000100000000000000000001101101000000000000000000001000000000000000000000000000000000000000000000000000000000000000000000000000011110000000000000000000000000000000000000000
000000000000000000000000000000000000000000000000000000000000000000000000000000000001010000000000000011100000000000011001100111000100010000000000011000000110000000000000000000000001110000000000000000000000000000000000000000000000000000000000000000000000000000100000001100000001100000000000000000000000
000000000000000000000011000000000000011000000000000000000000000000000000000000000010001000000000000011111000000000011000100101000000010000000000100100000100000000000000000000000000101000000000000010000000000000000000000000000000000000000000000000000000000000000000010010000001100000000000000000000000
000000000000011100000011000000000000100100000000000000000000000000000000000000000000001000000000000011111000000000111000011111010001010000000000010100000000000000000000000000000000100100000000000101000000000000000000000000000000000000000000000000000000000000000000001100000000000000000000000000000000
000000000000000000000000000000010001001000000000000000000000000000000000000000000001110000000000000001010000000000000000001000110001100000000000001000000000000000000000000000000000100000000000000101000000000000000000000000000000000000000000000000000011111000000000000000000000000000000000000000000000
000000000000000000000000000000010000110000000000000000000000000000000000000000000101010000000000000000100000000000100000000000000000000000000000000000000000000000000000000000000000100001100000000010000000000000000000000000000000000000000000000000000010000110000100000000000000000000000000000000000000
000000000000000000000000000000010000000000000000000000000000000000000000000000000010010000000000000000000000000000011100000000000000000000000000000000000000110000000000000000000000000001100000000000000000000000000000000000000000000000000000000000000010000110001010000000110000000000000000000000000000
000000000000000000000000000000000000000000000001100010100000000000000000000000000001010000000000000000000000000000011100000000011000000001000000000000000000110000000000000000000000000000000000000000000000000000000000000000000000000000000000000000000001000110010010000000110000000000000000000000000000
000000000000000000000000000111000111000000001111100010100000000000000000000000000000100000000000000000000000000011000000000000100100000001000000000000000000000000000000000000000000000000000000000000000000000000000000000000000000000000000000011000000000111000001100000000000000000000000000000000000000
000000000000000000000000000000000000000000001100010000010000000000000000000000000000000000000000000000000000000011000000000000011000000001000000000000000000000000000000000000000000000000000000000000000000000000000000000000000000000000000000100100000000000000000000000000000000000000001100000000000000
000000000000000000000000000000010000000011111101011000100000000000000001100000000000000000000000000000000000100001000000000000000000000000000000000000000000000000000000000001000000110000000000000000000110000000000000000000000000000000000000101000000000000000000000000000000000000000001100000000000000
000000000000000000000000000000010000000011100111000000100000000000000001100000000000000000000000000000000000010010000000000000000000000000000000000000000000000000000000000010100000110000000000000000000110000000000000000000000000000000000000010000000000000000000000000000000000000000000000000000000000
000000000000000000000100000000010000000000100100001000000000000000000000000000000000000000000000000000000000010000000000000000000000000000000000000000000000000000000000000010100000000000000000000000000000000001100000000110000000000000000000000000000000000000000000000000000000011000000000000000000000
000000000000000000000010000000000000000001000000000000000000000000000000000000000110110000000000000000000000001100000000000000000000000000000000000000000000000000000000000001000000000000000000000000000000000110100000001111000000000000000000000000000000000000000000000000000000011000000000000000000000
000000000000000000000110000000000000000000000000000000000000000000000000000000000100010000000000000000000000000000000000000000000000000000000000000000000000000000000000000000000000000000000000000000000000000000000000001011100000000000000000000000000000000110000000000000000000000000000000000000000000
000000000000000000000000000000000000000000000000000000000000000000000000000000000100010000000000000000000000000000000000000000000000000000000000000000000000000000000000000000000000000000000000000000000000001001000000000000010000000010000000000000000000001011000000000000000000000000000000000000000000
000000000000000000000000000000000000000000110000000000000000000000000001011000000010100010000000000000000000000000000000000000000000000000000000000000000000000000000000000000000000000000000000000000000000001000100000000001100000000101000000000000000000011011000000000000000000000000000000001000000000
000000000000000000000000000000000000000000110000000000000000000000000001000100000001000101000000000000000000000000000000000000000000000000000000000000000000000000000000000000000000000000000000000000000000001000100000000001000000000101000000000000000000011011000000000000000000000000000000010100000000
000000000000000000000000000000000000000000000000000000000011000000000001101100000000000100100000000000000000000000000000000000000000000000000000000000000000000000000000110000000000000000000000000000000000001000100000000000000000000010000000000000000000011111100000000000000000000000000000010100000000
000000000000000001000000000000000000000000000000000000000011000000000000010000000000000011000000000000000000000000000000000000000000000000000000000000000000000000000000110000010000000000000000000000000000001000000000000000000000000000000000000000000000000011100000000000000000000000000000001000000000
000000000000010000000000000000000000000000000000000000000000000000000000000000000000000000000000000000000000000000000000000000000000000000000000000000000000000000000000000000010000000000000000000000000000000111000000000000000000000000000000000000000000000100000000000000000000010000000000000000000000
000000000011000000001000100000000110000000000000000000000000000000000000000000000000000000000000000000000000000000000000000000000000000000000000000110000000000000000000000000010000000000000000000000000000000010000110000000000000000000000000000000000000000011011000000000000001101100000000000000000000
000000000100100000000001010000000110000000000000000000000000000000000000000000000000000000000000000000000000000000000000000000000000000000000000000110000000000000000000000000000000000000000000000000000000000000010000000000000000000000000000000000000000010110001000000000000001000000000000000000000000
000000000100111010001000000000000000000000000000000000000000000000000000000000000000000000000000000000000000000000000000000000000000000000000000000000000000000000000000000000000000000000000000000000000000000010100000100000000000000000000000000000100001100111001000000000000001000100000000000010000000
000000000010001000000000000000000000000000000000000000000000000000000001100000000000000000000000000000000000000000000000000000000000000000011000000000000000000000000000010000000000000000000000000000000000000010000000011000000000000000000000000000100001100111010010000000000000111000000110000101000000
000000000000000000010000000000000000000000000000000000000000000000000001100000000000011000000000000000000000000000000000000000000110000000101100000000001110000000000000101000000000000000000000000000000000000001100111010110000000000000000000000000100000000000011110000000000000000000000110000101000000
000000000000000100010000000000000000000000000000000000000000000000000000000000000000100100000000000000000000000000000000000000000110000000100100101100000000000000000000101000000000000000000000000000000000000000000000111000000000000000000111000000000000000000001000000000000000000000000000000010000000
000000000000000000011000000000000000000000000000000000000000000000000000000000000000011000000000000000000000000000000000000000000000000000110111100001000000000000000000010000000000000000000000000000000000000000010000000000000000000000000000000000001110000000000000000000000000000000100000000000000000
000001110000000100110000000001110000000000000000000000000000000000000000000000000000000000000000000000000000000000000000000000000000000000010011000001000000000000000000000000000000000000000000000000000000000000000000000000000000000000000000000000000000000000000000000000000010000000100000000000000000
000000000000000111000000000000000000000000000000000000000000000000000000000000000000000000000000000000000000000000000000000000001000000000000110000101000000000000000000000000000000000000000000000000000000000011100000000000000000000000000000000111000000000000000000000000000010000000100000000000000000
000000000100000000000000000000000000000000000000000000000000000000000000011000000000000000000000000000000000000000000000000000010100000000000101000000000000000000000000000000000000000000000000000000000000000000100000000000000000000000000000000000000000000000000000001000000010000000000000000000000000
000000000100000000000000000000000000000000000000000000000000001100000000011000000000000000000000000000000000000000000000000000001000000000000010100011000000000000000000000000000000000000000000000000000000000011100000000000000000000000000011000000000000000000000000010110000000000000000000000000000000
000000000100000000000000000000000000000000000000000000000000001100000000000000000000000000000000000000000000000000000000000000000000000000000010100000000000000000000000000000000000000000000000000000000000000000100000100000000000000000000011000000000000000000000000110000000000000011000000000000000000
000000000000000000000011000000000000000000000000000000000000000000000000000000000000000000000000000000000000000000000000000000000000000000000001000000000000000000000000000000000000000000000000000000000000111000111001010000001110000001110000000000000000000000000000101110000000000101100001010000000000
000000000000000000000001000000011000000000000000000000000000000000000000000000000000000000000000100000000000000000000000000000001000000000000000000000000000000000000000000000000000000000000000000000110000000000000001010000010100000000000000000000000000000000000001101110000000000100011010010000000000
000000000000000000001000000000011000000000000000000000000000001000011100000001100000000000000000100000001110000000000000000000010100000000000000000000000000000000000000000000000000000000000000000001001000000010000000100001000000010000000000000000000000000000000010011000000000000101010110000000000000
000000000000000000010010000000000000000000000000000000000000010110010010000001100000000000000000100000000000000000000000000000010100000000000000001011000000000000000000000000000000000000000000000001001000000010000000000001011000001000000000000000000000000000000010000000000000000011101110110000000000
000000000000000000001100000000000000000000000000000000000000010000100110000000000000000000000000000000000000000000000000000000001000000000000000001001000000000000000000000000000000000000000000000011000000000010000000000000001000010000000000000000000000000000000001010000000000000000001100100000000000
000000000000000000100000000000000000000000000000000000000000001000001000000000000000000000001110000000000000000000000000000000000000000000000000001110000000000000000000000000000000000000000000000011000000000000000000000000011000000000000000000000000000000000000000010000000000000000000001000000000000
000000000000000000000000000000000000000000000000000000001100000100001110000000000011000000000000000000000000000000000000000000000000000000000000000000000000000000000000000000000000000000000000000000000100000000000000000000001100000000000000000000000000000000000000111000000000000000000001100000000000
000000000001100001000000000000000000000000000000000000010000000000000110000000001100000000000000100000000001110000000000000000000000000000000000000000000000000000000000000000000000000000000000000000001000000000000000000000000000000000000000000000000000000000000001001000000000000000000110110000000000
000000000001100110000000000000000000000000000000000000001100000001101100000000001000000100000000100000000000000000000000000000000000000000000000000000000000000000000000000000000000000000000000000000000000000000000000000000000000000000000000000000000000000000000001000010000000000000000001000000000000
000000000110000000000000000000000000000000000000000001000000000000100100000000000001100100000000100000000000000000000000000000000000000000000000000000000000000000000000000000000000000000000000000100100000000000000000000000000000000000000000000000000000000000011101101010000000000001101010011000000000
000000000110000000011000000000000000000000000000000010100000000000100000000000000001000000000000000000000000000000000000000000000000000000000000000000000000000000000000000000000000110000000000000001000000000000000000000000000000000000000000000000000000000000000000100011000000000000000100000000000000
000000000000000000010100000000000000000000000000000110110000000001000100000000001001000000000000000000000000110000000000000000000000000000000000000000000000001000000000000000000000110000000011000000000000000000000000000000000000001100000000000000000000000000000000011011000000000000010000000000000000
000000000000000000110110000000000000000000000000000001000000000001110000000000011011000000000000000000000000110000000000000000000000000000000000000000000000001000000000000000000000000000000100100000000000000000000000001110000000010010000000000000000000000000000000011111000000000000010000000000000000
000000000000000000001000000000000000000000000000000000000000000000000000000000011011000000000000000000000000000000000000000000000000000000011000000110000000001000000000000000110000000000000000000000000000000000000000000000000000010010000000000000000000000000000000000000000000000000101000000000000000
001100000000000000000000000000000000000000000000000000000000000000000000000000111111000000000000000000000000000000000000000000000000000000100100000110000000000000000000000000110000000000001000000000000000000000000000100000100000001100000000000000000000000000000111000000000000000000010000000000000000
001100000000000000000000000000000000000000000000000000000000000000000000000000011011000000000000000000000000000000000000000000000000000000011000000000000000000000010000000000000000000000001101100000000000000000000000100000100000000000000000000000000000000000000000000000000000000000011000000000000000
000000000000000000000000000000000001100000000000000000000000000000000000000000001011000000000000000000000000000000000000000000000000000000000000000000000000000000010000000000000000000000010001100000000000000000000000100000100000000000000000000000001010000000000000000000000000000000000000000000000110
000000000000000000000000000000000010010000000000000000000000000000000000000000000001100000000000000000000000000000000100000000011100000000000000000000000000000000010000000000000000000000001001100000001100000000000000000000000000000000000000000000011001000000000000000000000000000000000000000000000110
000000000000000000000000000000000001100000000000000000000000000000000000000000001101100000000000000000000000000000010010000000001100000000000000000000000000000000000000000000000000000000000100000000001100000000000000001110011000000000000000000000100010000000000000000000000000000000000010110000000000
000000000000000000000000000000000000000000000000000000000000000000000000000000000100100000000000000000000000000000001100000001101100000000000000000000000000000000000111000000000000011011000001000000000000011000000000000000011000000000000000000001001100000000000000000000000000000000000100110001100000
000000000000000000000001100000000001100000000000000000000000000000000000000000001100000000000000000000000000000000000000000001000000000000000000000000000000000000000000000000000000001010000000000000000000011000000000000000000000000000001000000000101000000000000000000000000000000000010000000001100000
000000000000000000000001100000000010010000000000000000000000000000000000000000101110011000000110000000000010000000000000000001000000000000000000000000000000000000000000000000000000000100000000000000000000000000000000000000000000000000000110000000010000000000000000000000110000000000010110100000000000
000000000000000000000000000000000001100000110000000000000000000000000000000001000011101000001001000000000011000000000000010000100000000000000000000000000000000000000000000000000000000000000000000000000000000000000000000000000000000000000110001100000000010000000000000000110000000000110100000000000000
110000000000001100000000000000000000000001001000000000000000000000000000000001000001110000001100010000000000100000000000100001000000000011000010000000000000000000000000000000000000000000000000000000000000000000000000000000011100000000000100001100000000101000000000000000000000000000011011000000000000
110000000000001100000000000000000000000000110000000000000000000000000000000000110110000000000000111000000110100000000000101010101000000111000010000000000000000000000000000000000000000000000000000000000000000000000000000000000000011011001101100000000001010000000000000000000000000000001110000000000000
000000000000000000000000000000000000000000000000000000000000100100000000000000011010110000000000000100000111000000000000010000010100000000010010000000000000000000000000000000000000000000000000000000000000000000000000000000000000000011100001100000000010100000000000000000000000000000000100000000000000
000000000000000000000000000000000000110000000000000000000001101001000000000000001010110000000000011100000000000000000000010001111000000001010000000000000000000000000000000000000000000000000000000000000000000000000011000000000000100001100000000000000001000000000000000000000000000000000000000000000000
000000000000000000010000000000000001001000000000000000001001100110000000000000000111000000000000000111000000000000000000000010110001001000000000000000000000000000000000000000000000000000000000000000000000000000000010100000000000100000000000000000000000000000000000000000000000000001000000000000000000
000000000000000000101000000000000000110000000000000000010010000000000000000000000000000000011000000100000000000000000000000000000010001001100000000000000000000000000000000000000000000000000000000000000000000000000001000000000000011111000000010000000000000000000000000000000000000010100000000000000000
000000000000000000101000000000000000000000000000000000010010010000000000000000000000000001100100000011100000000000000000000000000010001001000000000000000000000000000000000000000000000000000000000000000000000000000000000000000000001111100000010000000000000000000000000000000000000010010000000000000000
000000000000000000010000000000000000000000000000110000010100101000000000000000000000000000001010000001000110000000000000000000000001100000000000000000000000000000000000000000000000000000000000000000000000000000000000000000000000000000100000000000000000000010000000000000000000000001100000000000000000
000000000000000000000000000000000000000000000001001000011001110000000000000000000000000010001110000000010010000000000000000000000000000000000000000000000000000000000000000000000000000000000000000000000001000000000000000000000000000000000000000000000000000111000000000000000000000000000000000110000000
000000000000000000000000000000000000000000000001010000011001100000000000000000000000000010010000000000001100000000000000000000000000000000000000000000000000000000000000000000000000000000000000000000000001100000010011000000000000000000001100000000000000001100100000000000000000000000000000001001000000
000000011100000000000000000000000000000000000000100000100001000000000000000000000000000001010000000000000000000000000000000000000000000000000000000000000000000011000000000000000000000000000000000000000001100000011111000000000000000001011100000000000000001000100000000000000000000000000000000101000000
000000000000000000000000000000000000000000000000000000011110000000000000000000000000000000100000000000000000000000000000000000000000000000000000000000000000000100100000000000000000000000000000000000000000100000100011000000000000000011111000000000000000001010000000000000000000000000000000000010000000
000000000001000000000000000000000000000000000000000000000110000000000000000000000000000000000000000000000000000000000000000000000000000000000000000000000000000011000000000000000000000000000000000000001111000000110000010000000000000101010000000000001100000000000000000000000000000000000001000000000000
000000000001000100000000000000000000000000000000000000001000000000000000000000000000000000000011000000000000000000000000000000000000000000100000000000000000000000000000000000000000000000000000000000001111000001000000011000000000001110111000000000010010000110110000000000000000000000000010100000000000
000000000001000100000010000000000011100000000000000000001101100000000000000000000000000000000011000000000000000000000000000000000000110010010000000000000000000000000000000000000000000000000000000000000100000001100100001100000000000101010000000000001100000001000000000000000000000000000001100000000000
000000000000000100000010000000000000000000000000000000000000000110000000000000000000000000000000000000000000000000000000000000000000011110001000000000000000000000000000000000000000000000000000000000000000000000000100010000000000000011100000000000000000000000000000000000000000000000000000000000000000
000000000000000000000010000000000000001000000000000000001000100000000000000000000000000000000000000000000000000000000000000000000000001111001000000000000000000000000000000000000000000000000000000000000000000000000000000000000000000001000000000000000000000000000000000000000000000000000000000000110011
000001000000000000000000000000000000001000000000000000001000110100000000000000000000000000000000000000000000000000000000000000000000001100011000000000000000000000000000000110000000000000000000000000000000000000000000000000000000000000000000000000000000000000100000000000000000000000000000000000110011
000001000000000000000000000000000000001000000000000000001000000000000000000000000000000000000000000000000100000000000000000000000000000010100000000000000000000000000000000000001100000000000000000000000000000000000000000000000000000000000000000000000000001000010000000000000000000000000000000000000000
000001000000000000000000000000000000000000000000000000000011100000000000000000000000000000000000000000001010000000000000000000000000000010000000000000000000000000000000000000000000110000000000000000000000000000000000100000000000000000000000000000000000001000000000000000000000000000000000000000000000
000000000000000000000000000000000011100000000000000000000001100000000000000000000000000000000000000000000110000000000000000000000000000000000000000000000000000000000000011100011000101000000000000000000000000000000000100000000000000000000000000000000000000000010000000000000000000000000001000000000000
000000000000000000000000000000000000000000000000000000000011100000000000000000000000000000000000000000000000000000000000000000000000000000000000000000000000000000000000000010001000001000000000000000000000000000000000100000000000000000000000000000000000000110000000000000000000000000000001000000000000
000000000000000000000000000000000000000000000000000000001101000000000000000000000000000000000000000000000000000000000000000000000000000000000000000000000000000000010000000001000001101100000000000000000001000000000000000000000000000000000010000000000000000110000000000000000000000000000001000000000000
000000000000000000000000000000000000000000000000000000001110000000000000000000000000000000000000000000000000000110000000000000000000000000000000000000000000000000100100000001101010101000000000000000000001100000000000000000000000000000011011000000000000000110010000000000000000000000000000000000000000
000000000000000000000000000000000000000000000000000000000100000000000000000000000000000000000000000000000000000110000000000000001110000000000000000000000000000000010001000000011010001000000000000000000000110000000000000000000011000000100110000000000000000011110000000000000000000000001000000000000000
000000000000000000000000000000000000000000000000000000000000000000000000000001100000000000000000000000000000000000000000000000010001000000000000000000000000000000000000010000001111001000000000000000000000000000000011100000000110001000100000000000000000000001100000000000000000000000001000000000000000
000000000000000000000000000000000000000000011000000000000000000000000000000010010000000000000000000000000000000000000000000000000001000000000000000000000000000000000100001000000001001100000000000000000000000000000000000000000001100001100000000000000000000000000000000000000000000000001000000000000000
000000000000000000000000000000000000000000100100000000000000000000000000000010100000000000000000000000000000000000000000000000000001100000000000000000000000000000000000001000000000100100000000000000000000000000000000000000000000100010010000000000000000000000000000000000000000000000000000000001000000
000000000000000000000000000000000000000000100100000000000000000000000000000001000000000000000000000000000000000000000000000000000000110000000000000000000000000000000001110000000000010100001000000000000000000000000000000000010000010011110000000000000000000000000000000000000000000000000000000010100000
000000000000000000000000000000000000000000011000000000000000000000000000000000000000000000000000000000000000000000000000000001000000110000000000000000000000000000000000000000000000001000001000000000110001100000000000000000101000000000110000000000000000000000000000000000000000000000000000000010100000
000000000000000000000000000000000000001110000000000000000000000000000000000000000000000000000000000000000000000000000000000000000000110000000000000000000000000000000000000000000000000000001000000001101000011000000000000000011000000001100000000000000000000000000000000000000000000000000000000001000000
000000000000000000000000100000000000000001000000000000000000000000000000000000000000000000000000000000000000000000000000000000000001100000000000000000000000000000110000000000000000000000000000000001101001111000000000000000000000001011000000000000000000000000000000000000000000000000000000000000000000
000000000000000011100001010000000000000000100000000000000000000000000000000000000000000000000000000000000000000000000000110000000001000000000000000000000000000000110000000000000100000000000000000000100000101000000000000000000000001010000000000000000000000000000000000000000000011000000000000000000000
000000000000000111110001001000000000000000001100000000000000000000000000000000000000000000000000000000000000000000000000110000010001000000000000000000000000000000000000000000000100000000000000000001111100000000000000000000000000000000000000000000000000000000000000000000000000011000000000000000000000
000000100000001000101100000100000000000111110110000000000000000000000000000000000000000000000000000000000000000000000000000000001110000000000000000000000000000000000000000000000100000000000000000000000000000000000000000000000010000000000000000000000000000000000000000000110000000000000000000000000000
000001010000000110000000111100010000011011110110000000001100000000000000000000000000000000000000000000000000000000000000000000000000000000000000000000000000000000000000000000000000000000000000000000000100000000000000000000001010000000000000000000000000000000000000000001010000000000000000000000000000
000001010000000011111000110000000001100000111000000000010100000000000000000000000000000000000000000000000000000000000000000000000000000000000000000000000000000001100000000000000000000000000000000000001010000000000000000000000110000000000000000000000000000000000000000000100000000000000000000000000000
000000100000000001101100000001100011100000000000000000011000000000000001100000000000000000000000000000000000000000000000000000000000000000000000000000000000000001100000000000000000000000000000000000001100000000000000000000000000000000000000000000000000000000000000000000000000000000000000000000000000
000000000000000000000000000001000110000000000000000000000000000110000001100000000000000000000000000000000000000000000000000000000000000000000000000000000000000000000000000000000000000000000000000000000000000000000000000000000000000000000000000000000000000000000000001000000000000000000000000000011000
000000000000000000000000000010000011000000000000000000011000000110000000000000000000000000000111000000000000000000000000000000000000000000000000011101000000000000000000000000000000000000000000000000000000000000000000000111000111000000000000000000000000000000000000001000000000000000000000000000011000
000000110000000000000000000001001010000000000000000000011000000000000000000000000000000000000000000000000000000110000000000000000000000000000000011011000000000000000000000000000000000000000000000000000000000000000000000000000000000000000000000000000000000000000000001000000000000000000000000000000000
000000110000000000000000000000011110000001100000000000000000000000000000000000000000000000000000000000000000001001000000000000000000000000000000000000000000000000000000000000000000000000000000000000000000000000000000000000010000000000000000000000000000000000000000000000000000000000000000000000000000
000000000000000000000000000000001000000010010000000000000000000000000000000000000000000000000000000000000000000101000000000000000000000000000000000000000000000000000000000000000000000000000000000000000000000000000000011000010000000000000000000000000000000000000000000000000000000000000000000110000000
000000000000000000000000011000000000000001010000011000000000000000000000000000000000000011100000000000000000000010000000000000000000000000000000000000000000000000000000000000000000111000000000000000000000000000000000100100010000000000000000000000000000000000000000000000000011000000000000000110000000
000000000000000000000000100100000000000000100000100100000000000000000000000000000000000100000000000000000000000000000000000000000000000010000000000000000000000000000000000000000000000000000000000001100000000000000000011000000000000000000000000000000000011000000000000000000100100000000000000000000000
000000000000000000000000010100000000111000000000100100000000000000000000000000000000000100001000000000000000000000000000000000000000000101000000000000000000000000000000000010000000000001000000000010010000000001100000000000000000000000000000000000000000011000000000000000000011000000000000000000000000
000000000000000000000000001011000000000000000000011000000000000000000011100000000000000011101000000000000000000000000000000000011000000101000000000000000000000000000000011010001000000010100000000001100000000010010000000000000000000000000000000000000000000000000000000111000000000000000000000000000000
000000000000000000000000000100100010000010000000000000000000000000000000100000000000000000000000010000000000000000000000000000100100000010000000000000000000000000000000110110011000000010100000000000000000000010010000000000000000000001000000000000000000000000000000000000000000000000000000000000000000
000010000000000000000001110100100010000010000000000000000000000000000001000000000000000000000000010000000000000000000000000000100100000000000000000110000000000000000001100000110100000001000000000000000000000001100000000000000000000011000000000000000000000000000000000000000000000000000000000000000000
000101000000000000000010001100100010000010000000000000000000000000000000000000000000001110000000001000011000000000000000000000011000000000000000001001000000000000000000110000101110000000000000000000000000000000000000000000000000000110000000000000000000000000000000001000000000000000000000000000000000
000110000000000000000100001011000000000000000000000000000000000000001100000000100000010010000000000000011000000000000000000000000000000000000000000110000000000000000000010011100110000000000000000000000000000000000000000000000000000000000000000000000000000000000000010100000000000000000000000000000000
000000000000000000000110001000000000111000000000000000000000000000010100001100101000001100000000010000000000000000000000000000000000000000000000000000000000000000000000000000000000000000000000000000001100000000000000000000000000000000000000000000000000000000000000010100000000000000000000000110000000
000000000000000000000001010000011000000000000000000000000000000011001000011100011000000000000001110000000000000000000000000000000000000000000000000000000000000000000000000000000000000000000000000000001100000000000000000000110000000000000000000000000000000000000000001000000000000000000000000110000000
000000000000000000000000100000011000000000000000000000000000000000100000010010000000000000000000110000000000000000000000000000000000000000000000000000000000000000000000000000000000000000000000000110000000000000000000000001110000000000000000000000000000000000000000000000000000000000000000000000000000
000000000000000000000000000000000000000000000000000000000000000000000000011100000000000000000000000000000011000000000000000000000000000000000000000000000000000001100000000000000000000000000000001000000000001000000000000011011000000000000000000000000000000100000000000000000000000000000000000000000000
000000000000000000000000000000000000000000000000000000000000000000000000001100000000000000000000000000000100100000000000000000000000000000000000000000000000000001100000000000000000000000000000001101110000001100000000000110011000000000000000000000000000011010000000000110000000000000000010000000000000
000000000000000000000000000000000000000000000000000000000000000000000000000000000000000000000000000000000011000000000000000000000000000000000000000000000000000000000000000000000000000000000000000110100100010100000000000100000100000000000000000000000001100010000000000110000000000000000101000000000100
000000000000000000000000000000000000000000000000000000000000000000000000000000000000000000000000000000000000000000000000000000000000000000000000000000000000000000000000000000000000000000000000000000100010000000000000000100000100000000000000000000000011110010000000000000011100000000000101000000001010
000000000000000000000000000000000000000000000000000000000000000000000011100000000000000000000000000000000000000000000000000000000000000000000001110000000000000000000000000000000000000000000000000000010000000000000000000000000000000000000000000000000110000000000000000000000000000000000010000000001001
000000000000000000000000000000000000000000100000000000000000000000000000100000000000000000000000000000000000000000000000000000000000000000000010010000000000000000000000000000000000000000000000000000000000000000000000000010001000000000000000000000000010000000000000000001000001000000000000000000000110
000000000000000000000000000000000000000001010000000000000000000000000001000000000000000000000000000000000000000000000000000000000000000000000000101000000000000000000000000000000000000000000000000000011001000000000000000001110000000000000000000000000001000011100000000001000001000000000000000000000000
000000000000000000000000000000000000000001010000110000000000000000000000000000000000000000000000000000000011000000000000000000000000000000000001011100000000000000000000000000000000000000000000000000110101000000000000000000000000000000000000000000000000000001000100000001000001000000000000000000000000
000000000000000000000000000000000000000000100000110000000000000000000000000000000000000000000000000000000011000000000000000000000000000000001100011100000000000000000000000000000000000000000000000000001010000000000000000000000000001100000000000000000000001100000000000000000000000000000000000000000000
000000000000000000000000000000000000000000000000000000000000000000000000000000000000000000000000000000000000000000000000000000000000000000001100000000000000000000000000000000000000000000000000000010001100000000000000000000000000001100000000000000000000001101000000000000011100000000000000000000000000
000000010000000010000010000000000000000000000000000000000000000000000000000000000000000000000000000000000000000000000000000000000000000000001100100000000000000000000000000000000000000000000000000110101100000000000000000000000000000000000000000000000000000101000100000000000000000000000000100000000000
000000010000000010000010000000000000000000000000000000000000000000000000000000000000000000000000000000000000000000000000000000000000000000000011100000000000000000000000000000000000000000000000000010001100000000000000000000000000000000000000000000000000000000000000000000000000000000000000100000000000
000000010000000011000110000001110000000000001000000000000000000000000000000000000000000000000000000000000000000000000000000000000000000000000011100000000000000000000000000000000000000000000000000010101000001100000000000000000000000001110000000000000000000000000010000000000000000000000000100000000000
000000000000000000000000000000000000000000000100000000000000000000000000000000000000000000000000000000000000110000000000000000000000000000000001100000000000000000000000000000000000000000110000000001110000001100000000000000000000000000000000000000000000000000010110000000000000000000000000000000000000
000000000000111001101100111000000000000000000110000000000000000000000000000000000000000000000000000000000000110000000000000000000000000000000001100000000000000000000000000000000000000001001000000000100000000000000000000000000000000000000000000000000000000000100110000000000000000000000000000000000000
000110000000001010101010100000000000000000001010000000000000000000000000000000000000000000000000000000000000000000000000000000000000000000000001100000000000000000000000000000000000000001001000000000000000000000000000000000000000000000000000000000000000001100011111000000000000000000000000000000000000
000110000000000011000110000000000000000000001110000000000000000000000000000000000000000000000000000000000000000000000000000000000000000000000000000000000000000000000000000000000000000000110000000000000000000000000000000000000000000000000000000000000000000000000011000000000000000000000000000000000000
