300 300
000000000000001100000000000000000000000000000000000000000000000000000000000000000000000111000111000000000000000000000000000000000000000000010000000000000000000000000100000000000000000000000010000000000000000000000011100001111100011000000000000000000000000000000000000000000000000000000000000000000000
000000000000010010011100000000000000000000000000000000000000000000000000000000000000010000101000010000000000000000000000000000000000000000101000000000000000000000000100000000000000001100000010000000000000110000000111110001010111000100001100000000000000000000000000000000000000000000000111000000000000
000000000000001100000000000000000000000000000000000000000000000000000000000000000000010000101000010000000000000000000000000000000000000000101000000000000000000000000100000000000000001100000010000000000000110000001000101000000101000100010010000000000000000000000000000000000000000000000000000000000000
000000000000000000000000000000000000000000000000000000000000000000000110000110000000010000101000010000000000000000000000000000000000000000010000000000000000000001100000000000000000000000000000000000000000000000000110011111010000001000010100000000000000000000000000000000000000000000000000000000000000
000000000000000000000000000000000000000000000000000000000000000000001001000110000000000000000000000000000000000000000000000000000000000000000000000000000000000001100001110000000000000000000000000000000000000000000110010111110011000000001000000000000000000000000000000000000000000000000000000000000000
000000000000000000000000000000000000000000000000000000000000000000000110000000000000000111000111000000000000000000000000000000000000000000000000000000000000000011100000000000000000000000000000000000000000000000000001010000011000000000000000000000000000000000000000000000000000000000000000000000000000
000000000000000000000000000000000000000000000000000000000000000000000000000000000000000000000000000000000000000000000000000000000000000000000000000000000000000010000000000000000000000000000000000000000000000000000001100000000000000000000000000000000000000000000000000000000000000000000000000000000000
000000000000000000000000000000000000000000000000000000000000000000000000000000000000000000000000000000000000000000000000000000000000000000000000000000000000000000001100000000000011000000000000000000000000000000000001100000000000000000000000000000000000000000000000000000000000000000000000000000000000
000000000000000000000000000000000000000000000000000000000110000000000000000000000000000000000000000000000000000000000000000000000000000000000000000000000000000000010010000000000011000000000000000000000000000000000111000000000000000000000000000000000000000000000000000000000000000000000000000000000000
000000000000000000000000000000000000000000000000000000000101000000000000000000000000000000000000000000000000000000000000000000000000000000000000000000000000000000010000000000000000000000000000000000000000000000000000000011000000000000000000000000000000000000000000000000000000000000000000000000111000
110001100000000000000000000000000000000000000000000000000010000000000000000000000000000000000000000000000000000000000000000000000000000000000000000000000011100000000000000000000000000000000000000000000000000000000000000100100000000000000000000000000000000000000000000000000000000000000000000000000000
110001100000000000000000000000000000000000000000000000000000000000000000000000000000000000000000000000000000000000000000000000000000000000000000000000000101000111001000000000000000000000000000000000000000000000000000000010100000000000000000000000000000000000000000000000000000000000000000000000000000
000000000000000000000000000000000000000000000001000000000000000000000000000000000000000000000000000000000110000000000000000000000000000000000000000000000100000000000001000000000000000000000000000000000000000000000000000001000000000000000000000000000000000000000000000000000000000000000000000000000000
000000000000000000000000000000000000000000000001000000000000011000000000000000000000000000000000000000000110000000000000000000000000000000000000000000000110110000011011000000000000000000000000000000000000100000000000000000000000000000000000000000000000000000000000000000000000000110000000000000000000
000000000001100011000000000000000000000000000001000000000000011000000000000000000000000000000000000000000000000000000000000000000000000000011000000000000001000101000100000000000000110000000000000000000001100000000000000000000000000000000000000000000000000000000000000000000000001111000000000000000000
000000000001100011000000000000000000000000000000000000000000000000000000000000000000000000000000000011000000000000000000000000000000000100011000000000000001110000011100000000000001001000000000000000000001010000000000000000000000000000000000000000000000000000000000000000000000010010100000000000000000
000000000000000000000000000000000000000000110000000000000000000000000000000000000000000000000000001100010000000000000010000000000000001010000000000000000000000000000000001100000000110000010000000000000000000000000000000000000000000000000000000000000000000000000000000000000000011001110100000000000000
000000000000000000000000000000000000000000110000110000000000000000000000000000000000000000000000001100001000000000000010000000000000000110000000011000000000000000000000001100000000000000010000000000000000000000000000000000000000000000000000000000000000000000000000000000000000000000011010000000001100
000000000000000000011100000000000000000000000000110000000000000000000000000000000000000000000100000100000010100000000010000000000000000000000000011000000000000000000000000000000000000000010000000000000000000000000000001000000000000000000000000000000000000000000000000000000000000000010010000000010100
000000000000000000000000000000000000000000000000000000000000000000000000000000000000000000000010000100111110000000000000000000100000000000000000000000000000000000000000000000000000000000000000000000000000000000000000010100000000000000000000000000000000000000000000000000000000000110001010010100001000
000000000000000000000001000000000000000000000000000000000000000000000000000000000000000000001110000011000000000000000000000000100000000000000000000000000000000000000000000000000000000000000000000000000000000000000000010100000000000000000000000000000000000000000000000000000000001011010110100100000000
000000000000000000000001000000000000110000000000000000000000000000000000000000000000000000000000000000000000000000000000000000100000000000000000000000000000000000000000000110000000000000000000000000000000000000000000001000000000000000000000000000000000000000000000000000000000001000110101000100000000
000000000000000000000001000000000000110000000000000000000000000000000000000000000000000000000000000000000000000000000000000000000000000001100000000000000000000000000000000110000000000000000000000000000000000000000000000000000000000000000000000000000000000000000000000000000000001001010001001000000000
000000000000000000000000000000000000000000000000000000000000000000000000000000000000000000000000000000000000000000000000000000001110000001100000000000011000000000000000000000000000000000000000000000000000000000000000000000000000000000000000000000000000000000000000000000000000000101000001010000001000
000000000000000000011100000000000000000000000000000000000000000000000000000000000000000000000000000000000000000000000000000000000000000000000000000000100100000000000000000000000000000000000000000000000000000000000000000000000000000000000000000000000000000000000000000000000000000110000000000000001000
000110000000000000000000000000000000000000000000000000000000000000000000000000000000000000000000000110000000000000000000000000000000000000000000000000101000000000000000000000000000000000000001100000000000000000000000000000000000000000100000000000000000000000000000000000000000000000000000000000001000
001001000000000000000000000000100000000000000000000000000000000000001000000000000000000000000000000110000000000000000000000000000000000000000000000000010000000000000000000000000000000000000010010000000000000000011000000000000000000001010000000000000000000000000110000000000000000000000000000000000000
001010000001100000000000000001010000000000000000000000000000000000010100000000000000000000000000000000000000000000000000000000000000000000000000000000000000000000000000000000000000000000000001010000000000000000000001000000000000011001010000000000000000000000000110000000000000000000000000000000000000
000100000010010000001110000001010000000000000000000000000001100000010100000000000000000000000000000000000000000000000000000000000000000000000000000000000000000000000000000000000000000000000000100000000000000000000000100000000000011000100000000000000000000000000000000000000000000000000000000011000000
000000000001010000001010000000100000000000000000000000000001100000001000000000000000000000000000000000000000000000000000000000000000000000000000000000000000000000000000000000000000000000000000000000000001100000100101100000000000000000000000000000000000000000000000000000000000000000000000000100100000
000000000000100000011001000000000000000000000000000000000000000000000000000000000000000000000000000000000000000000000000000010000000000000000000000000000000000000000000000000000000000000000000000000000001100000111001001000000000000000000000000000000000000000000000000000000000000000000000000011000000
000000000000000011111001000000000000000000000000000000000000000110000000000000000000000000000000000000000000000000000000000101000000000000000000000000000000000000000000000000000000000000000000000000000000000000011100111000000000000000000000000000000000000000000111000000000000000000000000000000000000
000000000000011000010000011110000000000000000000000000000000001001000000000000000000000000000000000000000000000000000000000010000000000000000000000000000000000000000000000000000000000000000000000000000001100000010000001100000000000000000000000000000000000000000000000000000000000000000000000000000000
000000000000010000010100000010000000000000000000000000000000000110001000000000000000000000000000000000000000000000000000000000000000000000000000000000000000000000000000000000000000000000000000000000000001100000000000100000000000000000000000000000000000000000010000010000000000000000000000000000000000
000000000000010000000000000110000000000000000000000000000000000000011100000000000000000000000000000000000000000000000000000000000000000000000000000000000000000000000000000000000000000000000000000000000000000000000000110010000000000000000000000000000000000000010000010000001100000000000000000000000000
000000000000001101111111000000000000000000000000000000000000000000000010000000000000000000000100000000000000000000000000000000000000000000000000000000000000000000000000000010010000000000000000000000000000000000000000100000000000000000000000000000000000000000010000010000001100000000000000000000000000
000000000000000001000010011000000000000000000000000000000000000000010010000000000000000000001010000000000000000000100000000000000001000000000000000000000000000000000000011000011110000000000000000000000000000000000101100010000000000000000000000000000000000000000000000000000000000000000000000000000000
000000000000000001101000000000000000000000000000000000000000000000010010000000000000000000001010000000000000000001010000000000000010100000000000000000000000000000000000010000001000000000000000000000000000000000000001100100000000000000000000000000000000000000000111000000000000000000000000000000001100
000000000000000001101000000001100000000000100000000000000000000000001010000000000000000000000100000000011000000000100000000000000010100000000000000000000000000000000110010000101000011000000000000000000000000000000001001000000000000000000000000001000000000000000000000000000000000000000000000000001100
000010000000000001110000000010100000000001010000000000000000000000000000000000000000000000000000000000011000000000000000000000000001000000000000000000000000000000001001001000100010111000000000000000000000000000000000111000000000000000000000000010000000000000000000000000000000000000000000000000000000
000010000000000000000000000001000000000010010000011000000000000000000011000000000000000000000000000000000000000000000000000000000000000000000000000000000000000000000110000111100101100000000000000000000000000000000000010000000000000000000000000100100100000000000000000000000000000000000000000000000000
000010000000000000000000000000000010000001100000000000000111000001011110000000000000000000000000000000000000000000000000000110000000000000000000000000000000000000000000000001100011000000000000000000000000000000000000000000000000000000000000000010111100000000000000000000000000000000000000000000000000
000000000000000000000000000000000101000000000001101000111011000110110100000000000000000000000000000000000000000000000000000110000000000000000000000000000000000000000000000000100000000000000000000000000000000000000000000000000000000000000000000000001100000000000011000000000000000000000000000000000000
000000000000000000000000000000000101000000000001100011111000000000010000000000000000000000000000000000000000001000000110000000000000000000000000000000000000010100000000000000000000000000000000000000000000000000000000000000000000000000000000000000000000000000000011000000000000000000000000000000000000
000000000000000000000000000000000010000000000101010111101000011011100000000000000000000000000000000000000000001000000111000000000000000000000000000000000000010100000000000000000000000010000000000000011000000000000000000000000000001000000000000000000000000000000000000000000000000000000000000000000000
000000000000000000000000000000000000000000000111001000011000011011000000000000000000000000000000000000000000001000000101000000000000000000000000000000000000010000000000000000000000000101000000000000100100000000000000000000000000001000000000000001100000000000000000000000000000000000000000010000000000
000000000000011000000000000000000000000000000011100000111000000000000000000000000000000000000000000000000000000000000000000000000000000000000000000000001100000000000000000000000000000101000000000000011000000000000000000000000000001000000000000001100000000001000000000000000000000000000000000010000000
000000000000100100000000000000000000000000000000000110011000000000000000000000000000000000000000000000000000000000000000000000000000000000000000000000001100000000000000000000000000000010000000000000000000001110000000000010000000000000000000000000000000000010100000000000000000000000000000110001000000
000000000000010100000000000000000000000000000000011011010000000000000000000000000000000000000000000000000000000000000000000000000000000000000000000000000000000000000000000000000000000000000000000000000000000000000000000101000011100011000000000000000000000010100000000000000000000000000011101001100000
000000000000001000000000000000000000000000000001110110010000000000000000000000000000000000000000000000000000000000000000000000000000000000000000000000000000000000000000000000000000000000000000000000000000000000000000000101000000000111100000000000000000000001000000000000000000000000000000000001110000
000000000000000000000000000000000000000000011000001101100000000000000000000000000000000000000000000000000000001000000000000000000000000010101110000000000000000000000000000000000000000000000000000000000000000000111000000010000000011010110000000000000000000000000000000000000000000000000000000001110000
000000000000000000000000000000000000000000011000000100000000000000000000000000000000000000000000000000000000001000000000100000000000000010100010000000000000000000000000000000000000000000000000000000000000000000100100000000000000011000000000000000000000000000000000000000000000000000000000000000110000
000000000000000000000000000000000000000001101000101100000000000000000000000000000000000000000000000000000000001000000000100000000000000010101110000000000000000000000000000000000000000000000000000000000000000001000000000000000000011100000000000000000000000000000000000000000000000000000000000001100000
000000000000000000000000000000000001100001010011011000000000000000000000000000000000000000000000000000000000000000000000000010100000000001011100000000000000000000000011100000000000000000000000000000000000000011010000000000000100000000000000000000000110000000000000000000000000000000001100000000000000
000000000000000000000000000000000001100010010100011000000000000000011100000000000000000000000000000000000000000000000000000100100000000001100000000000000111000000000100100000000000000000000000000000000000000011001100000001111110000000000000000000000110000000000000000000000000000000001100000000000000
000000000000000000000000000000000000000001100111011001000010000000000010000000000000000000000000000000000000000000000000001100000000000000110100000000010001000000000001100000000000000000000000000000000001000000100110000010000001000000000000000000000000000000000000000000000000000000000000000000000000
000000000000000000000000000000000000000000000010000111100100100000010001000000000000000000000000000000000000000000000000000101000000000001101100000000010000000000000001000000000000000000000000000110000010110101000111000000001110000000000000000000000000000000000000000000000000000000000000000000000000
110000000000000000000000000000000000000000000000000011001110000000000001111000000000000000000000000000000000000000000000001010001000000000001100000000100010000000010000000000000000000000000000001010000110101101011010001000000100000000000000000000000000000000000000000000000000000000000000000000000000
110000000000000000000010000000000000000000000000000000000101100000010000000100000000000000000000000000000000000000000000001110010101010000000000000000101000010100000010000000000000000000000000010100000110100000010000000110100000000000000000000000000000000000000000000000000000000000000000000000000000
000000000000000000000101000000000000000000000000000000000011000000001111111000000000000000000000000000000000000000000000010110010011001000000000000000111000110100011000000000000000000000000000001000000000000001101001000100000000000000000000000000000000000000000000000000000000000000000000000000000000
000000001100000000000101000000000010000000000000000000000001000000001100000000000000000000000000000000000000000000000001110000000111010000000000000000000011011000000000000000000000000000000000000000000001100000000101000000000000000000000000000000000000000000000000000000000000000011101100000000000000
000000010010000000000010000000000101000000000000000000000000000000000000000000000000000000000000000000000000000000000010000110001101001000000000000000000011100000000000000000000000000000000000000000000001101000000001000000000000000000000100000000000000011100000000000000000000000100001100010000000000
000000001100000000000000000000000011000000001110000000000000000000000000000000000000000000000000000000000000000000000010000000000001111100000000000000000000000000000000000000000000000000000000001000000000001111100010001100000000000000001010000000000000000000000000000000011000001010110000101000000000
000000000000000000000000000000000000000000011000000000000000000000000010000000000000000011100000000000000000000000000001010000000011000110000000000000101000000000000000000000000000000000000000011100000000110000111110001100000000000000001100000000000000000000000000000001100100000100000000110000000000
000000000000000000000000000000000000000000110011111000000000000000000000000000000000000000000000000000000110000000011100100000000000001110000000000001001000000000000000000000000000000000000000000000000000110000011000000000000000000000000000000000000000000000000000000001101100000000000000000000000000
000000000000000000000000000000000000000000001010001000000000000000000000000000000000000000000000000000000110000000000000000000000000000000000000000001001100000000000000000000000000000000000000000000000000000000011110000000000000000000000000000000000000000000000000000001001100000000000000000000000000
000000000000000000000000000000000000000000000000111000000000000000000000000000000000000000000000000000000000000000000000000000000000000000000000000000101000000000000000110000000000000000000000011100000000000011000101000000000010000000000000000000000000000000000000000000110000000000000000000000000000
000000000000000000000000000000000000000000000000000000000000000000000000100000000000000000000000000000000000000000000000000000000000000000000000000000001100000000000000110000000000000000000000001000000000000011011110000000000101000000000000000000000000000000000000000000000000000000000000000000000000
000000000000000000000000000000000000000000000000000000000000000000000000010000000000000001100000000000000000000000000000000000000000000000000000000001000100000000000000000000000000000000000000000000000000000000110000000000001001000000000001000000000000000000000000000000000000000000000000000000000000
000000000000000000000000000000000000000000000000000000000000000000000000100000000000000001100000000000000000000000000000000001000000000000000000000000111000000000000000000000000000000000000000000000000000000000000000000000000110000000000010100000000000000000000000000000000000000000000000000000000000
000000000000000000000000000000000000000000000000000000000000000000000000000010000000000000000000000000000000000100000000000011110000000000010000000000000000000000000000000000000000000000000000000000000000000001100000000000000000000000000100100001000000000000000000000000000000000000000000000000000000
000000000000000000000000000000000000000000000000000000000000000000000000001110001100000000000000000110000000001010000000000000101000000000101000000000000000000000000000000000000000000000000000000000000000000100001000000000000000000000000011000001000000000000000000000110111000000000000000000000000000
000000000000000000000000000000000000000000000000000000000000000000000000000100000110000000000000000110000000001010000000000000100100000000001000000000000000000000000001000000000000000000000000000000000100000111111000000000000000000000000000000001000000000000000000001110101000000001100000000000000000
000000000000000000000000000000000000000000000000100000000000000000000000011100000100000000000000000000011100000100000000000000100000000010010000000000000000000110000001000000000000000000000000001000001100000100000000000000000000000000000000000000000000000000000101001100001000000010010000000000000000
000000000000000000000000000000000000000000000010100000000000000000000000000000001000000000000000000000000000000000000000000000010010000011100000000000000000001001000001000000000000000000000000001100011000000001000000000000000000000000000000000000000000000000001000000010001001000001100000000000000000
000000000000000000000000000000000000000000000001100000000000000000000000000000010000000000000000000000000000000000000000000000010001000011001011010000000000000110000000000000000000000000000000000010000000000011100000000000000000000000000000000000000000000000001001000001110000100000000000000000000000
000000000000000000000000000000000000000000000000000000000000000000000000010000000000000000000000000000000000000000000000000110010000000001000001010000000000000000000000000000000000000000000000000111000111100011000000000000000000000000000000000000000000000000000101000000111001000000000000000000000000
000000000000000000000000000000000000000000000000000000000000000000000000011111000000000000000000000000000000000000000000001010010010000001010000000000000000000000000000000000000000000000000000000110000011100011000000000000000000100000000000000000000000000000000000000000011110000000000000000000000000
000000000000000000000000000000000000000000000000000000000000000000000000001101000000000000000000000000000000000000000000001000001100000000010101110000000000000000000000000000000000000000000000000100001001100011100000000000000000011000000000000000000000000000000000000000000000000000000000000000000000
000000000000110000000000000000000010000000000000000000000000000000000000001110000000000000000000000000000000000000000000010000000000000000011000001000000000000000000000000000000000001101100001000000110001100010001100000000000000011000000000000000000000011000000000000000000000000000000000000001100000
000000000001001000000000000000001111110000000000000000000000000000000000110110000000000000000000000000000000000000000000001010000000000000001011000000000000000000000000000000000000001000100010100001000001110001011110000000000000101000000000000000000000010100000000000000000000000000000000000001100000
000000000001010000000000000000001000000000000000000000000000000000000000110000000000000000001100000000000000000000000000001000000000000000000111011000000000000000000000000000000000000111000011110000000000110000000001000000000000010000000000000000000000010000000001000000000101101000000000000000000000
000000000000100000000000000000011010001000000000000000011000000000000000110100000000000000001100000000000000000000000000000100111000000000000010101000000000000000000000000000000000000010000000111000000000000000011001100000000000000001110000000100000000000000000010100000001010001000000000000000000000
000000000000000000000000000000001000010010100000000000011000000000000000111110000000011000000000000000000000000000000000000000010000000000000000000000000000000000000000000000000000000000000000011000000000000000100011100000000000000001101100001010000000010000000110110000111100101000000000000000000000
000000000000000000000000000000001000100010010000000000000000000000000000110010000000011000000000000000000000000000000000000100100000000000000000000000001000000000000000000000000000000000000000000000000000000000100110000000000101000001100000001000100000011000000010010000000000010000000000000000000000
000000000000000000000000011000000000000010010000000000000000000000000000000000000000000000000000000000000000000000011100000001000000000000000000000000001000000000000000000000000000000000000000000000000100000000110000000000011010100000000000000100100000000000001111001000101000000000000000000000000000
000000000000000000000011100000001110000001100000000000011000000000000000000011100000000000000000000000000000000000000000000111000000000000000000110000001000000000000000000000000000000000000000000000001010000000000000000000000010010000000000000110110000000000010111001000100000000000000000000000000000
000000000000000000000100100000000000000000000000000000000000000000000000000011000000000000000000000000000000000000000100000000000000000000000001001000000000000000000000000000000000000000000000000000001010000000000000000000000001100001110000000000001000000000010010101001100000000000000000000000000000
000000000000000000000011000000000000000000000000000000000000000000000001000010000000000000000000000000000000000000011000000000000000000000000000110000000000000000000000000000000000000000000000000000000100000000000000000000000000000001010000000000101000000000001101001001100010000000000000000000000000
000000000000000000000000000100000000000000000000000000000000000000011000101100000000000000000000000000000000000000000000000000000000000000000000000000000000000000000000000000000000000000000000000000000000000000000000000000000000000010010000000000011000000000000111110000101110000000000000000000000000
000000000110000000000000001110000000000000000000000000000000000000000101011000000000000000000000000000000000000000000000110000000000000000010000000000000000000000000000000000000000000000000000000000000000000000000000000000000000000001100000000000000000000000000010001000101000100000000000000000000000
000000000101000000000000010101000000000000000000000000000001000000000000010001110000010100000001110000000000000000000001001000000000000000010000000000000000000000000000000000000000000000000000000000000000001100000000001100000000000000000011000000000000000000000001110000000000111000000000000000000000
000000000010000001000000010101000000000000000000000000000101000000000000000001001000100100000010010000000000000000000010100000000000000000010000000000000000000000000000000000000000000000001000000000000000001100000000001100000000000000000100100000011000000000000000100000000000011000001110000000001100
000000000000000001010001101110110000000000000000000000000111000001100000000010001000110000000000000100000000000000001100000000000000000000000000000000000000000000000000000000000000000000000110000000000000000000000000000000000000000000000011000000011000000000000000000000000000001000000000000000001100
000110000000000001100010110101101000000000000000000010000000000000110000000001001000011001000101111000000000000000001111100000000000000000000000000000000000100000000000000000000000110000001100000000000000000000000000000000000000000000000000000000000000000110000000000000000000101111000000000000000000
000110000000000000000110100000101100000000000000000010100010100001100000001101010000001111100000010000000000000000000000010000000000000000000000000000000001010000000000000000000000110000000000000000000011000000000000000000000000000000000000000100000000000110000000000000000000111111000000000000000000
000000000000000000000011010001011000000000000000001110011100011000000000000000000000000111111100110011000000000000000001100110000000000000000000000000000000100000000000000000000000000000000000000000000000000110000001000000000001000000000000001010000000000000000000000000000000000000000000000000000000
000000000000000000000001110001110000000000000000000000001000000000000001011011000000000000000000011000000000000000000000000110000000000000000000000000000000000000000000000000000000000000000000000000000000010000000000001110000010100000000000001010000000000000000001000000000000000000000000000000000000
000000000000000000000000000000000000000000000000000000101000000000000010001011000000000000001000000000000000000000000000000000001100000000000000000000000000000000000000000000000000000000000000000000000000000000000010001001000010100000000000000100000000000000000010100000000000000000000000000000000000
000000000000000000000000000000000000000000000000000000110000000000000001100010100000000000001111000000000000000000000000000000001100000000000000000000000000000000000000000000000000000000000011100000000100000000000110000110000001000000000000000000000000000000000011000000000000110000000000000000000000
000000000000000000000110001100011000000000000000000000100000001111111000000111000000000000010001000000000000000000000000000000000000000000000000000000000000000000000000000000000000000000011010100000000010011100000100110000000000000000000000000000000000000000000000000000000000101000100000000000000000
000000000000000000000111110100010110000000000000000000000000001011111000010110000000000000111111000000000000000000001000000000000000000000000000000000000000000000000000000000000000000000000010110001000000000100001000110000000000000000000000000000000000000000000000000000000000011000000000000000000000
000000000000000000000000100000000010000000000000000000000000000000000000010010000000000000011000011000000000000000011100000000000110000000000000000000000000000000000000000000000000000000000011100010100001001100000111000000000000000000000000000000000000000110000000000000000000001000000000000000000000
000000000000000000000000101000001010000000000000011000000000000011000000000000000000000000000000011100000000000000110010000000001111000000000000000000000000000000000000000000000000000000000000010000100001101000000111000000000000000000000000000000000000000110000000000000000000000000000000000000000000
000000000000000000000000011011101100000000000000011000000000000000100000000000000000000000000000011000000000000000100010000000100001000000000000000000000000000000000000000000000001100000000000000111000000000000000000000000000000000000000000000000000000000000000000000000000000000000000000000000000000
000000000000000000000000000100010000000000000000000000000000000100110011110000000000000000000000000000000000000000101100000001000110000000000000000000000000010000000000000000000010010000000000100001000000000000000000000000000000000000000000110000000000000000000000000000000000000000000000000000000000
000000000001000000000000000100010000000000000000000000000000000100110001100000000000000000000000000000000000000000110000000001000011011000000000000000000000101000000000000000000001100000000000100011000011000000000000000000000000000000000000110000000000000000000000000000000000000000000000000000000000
000000000010000000000001110011100000000000000000000001100000000000011001110000000000000000000000000000000000000000000000000011001010100100000000000000000001001000000000000000000000000000000000011110100000000000000000000000000000000000000000000000000000000000000000000000000000000000000000000000000000
000000000011100000000000000000000000000000100000000010000000000000001111000000000000000000000000000000000000000000000000000000010011011000000000000000000000110000000000000000000000000010000000000011000011111111000000000000000000000000110000000000000000000000000000000000000000000000000000000000000000
000000000000000000000100000100000000000001010000000100110000000000000111000000000000000000000000000000000100000000000000000000110110000000000111000000000000000000000000000000110000000101000001010011000000111000110000000000000000000000110110000000000000000000000000000000000000000000000000000000000000
000000000000000000000100000100000000000000110000001000110000000000000010000000000000000111000000000000001010000000000000000000110000000000001000000000000110000000000000000000101000000101000000100011000000000101110000000000011100000011010100000000000000000000000000000000000000000000000000000000000000
000000000000000000000100000100000000000000000000000000110000000000000000000000000000001000100000001000001010000000001100000000110000000000001001000001000110000000000000000000010000000010000111101011000000000100101110000000100100000000001100100000000000000000000000000000000000000000000000000000000000
000000000000000000000000000000000000000000000000000000010000000000000000000000000000001100010000010100000000000000001100000011010000000000110110000011111100000000000000000000000000000000000111110000000000000111001000000000100010001110000000000000000000001100000000000000000000000000000000000000000000
000000000000000000000001110000000000000000000000000010010000000000000000000000000000000000001000010110000000000000000000111011110000000000110000010000011000000000000000000000000000000000000011110000000000000010100110000000011110001100000000000000000100001100000000000000000000000000000000000000000000
000000000000000000000000000001100000000000000000000011100000000000000000000000000000000001001000011011000000000000000000100100000000000000000000110111000100000000000000000000000000000000000001111000000000000001100000000000000100000010000000001000001100000000000000000000000000000000000000000000000000
000000000000000000000000000001100000000000100000000000000000000000000000000000000000000100001000001000000000000000000000011011000011000000000001100001111000000011000000000000000000000000000000001000000000000000000000000000000000000000000011111000000000000000000000000000000000000000000000000000000000
000000000000000000000000000000000000000001000000000000000001000000000000000001100000000101110000001010000000000000000000000110000100100001000001000000010000000011000011000000000000000000000000000000000000000000000000000000000000000000000010000000000000000000000000000100000000000000000000000000000000
000000000000000000000000000000000000000011101000000000000001010000000000000001100000000100000001100010000000000010000000000001000000100011000000000000000000000000000100100000000000000000000000000000000000000000000000000000000000000110000001110000000000000000000000001010000000000000000000000000000000
001100000000000000000000000000000000000010100000000000000001100000000000000000000110000000000000001010000000000101000000000000000001100010000000000000000110000000000011000000000000000000000000000000000000000000100000000000110000001001000000100000000000000000000000001010000000000000000000000000000000
011110000000000000000000000000000000001110010100000000000000000000000000000000000110000000000000000100100000000101000000000000000000000001000000000000000110000000000000000000000000000000000000000000000000000000110000000001000000001001001100000000000000000000000000000100000000000000000000000000000000
000000000000000000000000000000000000001111111000000000000000000000000000000000000000000000000000000000010000000010000000000000000000000000000000000000000000000000000000000000000000000000000000000000000000000000001000000000000000000110001100000000000000000000000000000000000000000000000000000000000000
010000000000000000000000000000000000011100000000000000000000000000000000000000000000000000000000000000010000000000000000000000000000000000000100000000000000000000000000000000000000000000000000000000000000000000010000000000000000000000000000000000000000000000000000000000000000000000000000000000000000
000000100000000000000000000000000000110000010000000000000000000000000000000000000000000000000000000000000000000000000000001000000000000000000100000000000000000000000000000000000000000000000000000000000000000000011000000000000000000000000000000000000000000000000000000000100000000000000000000000000000
000111110000000000000000000000000001100010000000000000000000000000000000000000000000000000000000000000000000000000000000001101100100000000000100000000000000000000000000000000000000000000000000000000000000000000010000000000000000000000001000000000000000000000000000000001010000000000000000000100000000
000001000000000000000000000000000000010000000000000000000000000000000000000000000000000001100000000000000000000000000000001001101000000000000000000000000000000000000000000000000000000000000000000000000000000000000010000000000000000000110110000000000000000000000000000001010000000000000000001010000000
000011000100000000000000000000000000000001001000000000011100000000000000000000000000000010010000000000000000000000000000000011001000000001110001110000000000000000000000000000001110000000000000000000000000000000000111000000000000000000001000000000000000000000000000000000100000000000000000001010000000
000001000100000000000000000000000000000000000000000000000000000000000000000000000000000001100000000000000000000000000000010010000000000000000000000000000000000000000000000000000000000000000000000000000000000000000110000000000000000000100000000000000000000000000000000000000000000000000000000100000000
000101010100000000000000000000000000000000111000000000000000000000000000000000000000000000000000000011100000000000000000001100000000000000000100000000000000000000000000000000000000000000000000000000000000000000000000000000000000000010010000000000000000000000000000011000000011000000000000000000000000
000010000000000000000000000000000000000000000000000000000000000000000000000000000000000000000000000010010000000000000000000000000000000000000100000000000000000000000000000000000000000000000000000000000000000000000000000001100000000100010000000001000000000000000000100100000100100000000000000000000000
000000000000000000000000000000000000000000000000000000000000000000000000000000000000000000000000000100000000000000000000000000000000000010000100011100000000000000000000000000000000000000000000000000000000000000000000000010010000000000001000000010100011000000000000011000100011000000000000000000000000
000000000000000000000000111000000100000000000000000000000000000000000000000000000000000000000000000000110001000000000000000000000000000101000000111101110000000000000000000000000000000000000000010000000000000000000000000010010000000100001000000010100011000000000000000001010000000000000000000000000000
000000000000000000000000000000001010000000000000000000000000000000000000000000000000000000000000000000000100110000000000000000000000000110000001000000110000000000000000000000000000000000000000011000000000000000000000000110110000000010001000000001100011000000000000000011011000000000000000000000000000
000000000000000000000010000010000100000000000000000000000000000000000000000000000000000000000000000000000100011000000000000000000000000000000000110000110000000000000000000011000000000000011000101000000000000000000000000010100001100000000000000000110000000000000000000000000000000000000000000000000000
000000000000000101000010000010000000000000000000000000001001000000000000000000000010000000000000000011000100100100111000000000000000000000000000011010000000000000000000000100100000000001111000000000000000001110000000000001000001000000110000000000110000000000000000000000000000000000000000000000000000
000000000000000101000010000010000000000000000000000000010000100000000000000000001100000000000000000010000110011000000000000000000000000000000000000111000000000000000000000011000000000010000100000000000000000000000000000000000001001000000000000000000000000000000000000000000000000000000000000000000000
000000000000000101100000000000000000000000000000000000100000010000000000000001101000000000000000000000000110001110000000000000000110000000000000000100000000000000000000000000000000000010011110000000000001100000000000000000000000100100000000000000000011000000000000000000110000000000000000000000000000
000000000000000001100000111000000000000000000000000001010100110000000000000001101000000000000000000000000011000010000000000000001001000000110000000011000000000000000000000000000000000011010110000000000001100000000000000000000000011000000000000000000011000000000000000000110000000000000000000110000000
000000000000011000100000000000000000000000000000000000111111100000000000000001101011000000000000000000000010000010000000000000000110000000110000000000000000110000000000000000000000000000000110000000000000000000000000000000000000000000000000000000000000000000000000000000000000000000000000000110000000
000000000000001000000000000000000000000000000000000000000011000000000000000000000000001100000000000000000100000000000000000000000000000000000000000000000001001000000000000000000000000000111000000000000000000000000000000000000000000000000000000000000000000000000000000000000000000000000000000000000000
000000000000010000001000000000000000000000000000000001101011000000000000000000000000001100000000000000000000000000000000000000000000000000000000000000000000110000000000000000000001000000000000000000000000000000000000000000000000000000000000000000000000000000000000000000000000000000000000000000000000
000000000000010000000000000000000000000000000000000101101100000001000000000000000000000000000000000000000000000000000000000000000000000000000000000000000000000000000000000000000010100000000000000000000000000000000000000000000000000000000000000000010000000000000000000000000000000000001100000000000000
000000000000110101000100000000000000000010000000000000001000000011000000000000000000000000000000000000000000000000000000000000000000000000000000000000001000000000000000000000000010100000000000000000000000000000000000000000000000000000000000000000001000000000000000000000000000000000001100000000000000
000000000000000101000000000000000000000010000000000110000000001101111000000000000000000000000000000000000000000000000000000000000000000000000000000000010100000000000000000000000001000000000000000000000000000000000000000000000000000000000000000000010000000000000000000000000000000000000000000000000000
000000000000000000100010000000000000000010000000000000000000001111100110000000000000000000000000000000000000000000000000000000000000000000000000000000010100000000000000000000000000000000000000000000000000000000000000000000000000000001000000000000000000000000000000000000000000000000000000000000000000
000000000000000111010000000000000000000000000000000000000000010101000010000000000000000000000000000000010000000000000000000000000000000000000000000000001000000000000000000000000000000000000100000000000000000000000000000000000000000011100000000000000000000000000000000000000000000000000000000000000000
000000000000000110001101000000000000000000010000000000000000011000000001000000000000000000000000000000101000000000000000000000000001000000000000000000000000000010000000000000000000011000000100000000000000000000000000000000000000000110110000000000000000000000000000000000000000000000000000000000000000
000000000000000110000100010000000000000000101000000000000000000000000010000000000000000000000000000000101000000000000000000111110001000000000000000000000000000010000000110000000000011000000100000000000000000000000000000000000000000011100000000000000000000000000000000000000000000000000000000000000000
000000000000000000001000000000011000000000101000000000000000000010000010000000000000000000000000000000010000000000000000000100110000001100000000000000000000000010000001001000000000000000000000000000000000000000000000000000000000000001000000011000000000000000000000000000000000000000000000000000000000
000000000000110000011100010000100100000000010000000000000000000000000100000000000000000000000000000000000010000000000000000001110000001000000000000000000000000000000011001011100100000000000000000000000000000000000000000000000000000000000000011000000000000000000000000000000000000000000000000000000000
010000000000100110011010000000101000000000000000000000000001010100000000000000000000000000000000000000000010000000000000001100000000101000000000000000000000000000111001101111111100000000000000000000000000000000000000000000000000000000000000000000000000000000000000000000000000000000000000000000000000
101000000000111100011010000000010000000000000000000000000010010100010000000000000000000000000000000000000010000000100000001100000000100000000000000000000001100000000000110001101100000000000000000000000000000000000000000000000001000000000000000000000000000000000000000000000000000000000000000000000000
101000000001100000001100000000000000000000000000000000000001010011100000000000000000000000000000000000000000000000100000000110000000000000000000000000000000100000000000001110001000000000000000000000000000000000000000000000000001000000000000000000000000000000000000000000000000000000000000000000000000
010000000001110110000000000000000000000000000000000000000000000000000000000000000000000000000000000110000000000000100000000000000000000000000000000000000100000000000000001110011100000000000000000000000000000000000000000000000001000000010000000000000000111000000000000000000000000000000000000000000000
000000000010010110000000000000000000000000000000000000000000000000000000000000000000000000000000000110000000000000000000000000000010000000000000000000000110000000000000000001100010000000000000000000000000000000000000000000000000000000101000000000000000000000000000000000000000000000000000000000000000
000000010001111000000000000000000000000000000000000000000000000000000000000000000000000000000000000000000000000000001110000000000010000000000000000000000000000000000000000000101100000000000000000000000000000000000000000000000000011100101000000000000010000010000000000000000000000000000000000000000000
000000101000111000000000000000000000000000000000000000000000000000000000000000100000000000000000000000000000000000000000000000000110000000000000000000000000000000000000000000011100000000000000000000000000000000000000000000000000000000010000000000000010000010000000000000000000000000000000000000000000
000000100100000000000000000000000000000000000000000000000000000000000000000001010000001100000000000000001100000000000000000000010110000000000000000000000001100011000000000000000000000000000000000000110000000000000000000000000000000000000000011000000010000010000000000000000000000000000000000000000000
000000011000000000000000000000000001110000000000000000000000000000000000000000000000001100000000000000100100000000000000000000010110001100000000000000000000000011000000000000000100000000000000000000110000000000000000000000000001000000000000011000000000000000000000000000000000000000000000000000000000
000000000000000000000000000000000000000000000000000000000000000000000000000000000000000000000000000000100000000000000000000000000110010100000000000000000000000000000000000000010010000000000000000000000000000000000000000000000010100000010000000000000000111000000000000000000000000000000000000000000000
000000000000000000000000000000000000000000000000000000000000000000000000000001110000000000000000000010000100000000000000000000000000110100001000000000000000000000000000000000010001000000000000000000000000000000000000000000000100100000010000000000000000000000000000000000000000000000000000000000000000
000000000000000000000000000000000000000000000000000000000000000000110000000000000111000000000000000000000000000000000000000000110000110000011100000000000000000000000000000010000010000000000000000000000000000000000000000000000011000000010000000000000000000000000000000000000000000000000000000000001000
000000000000000000000000000000000000000000010000000000000000000001010000000000000000100000000000000000001100001011000000000000000001001111100000000011000000000000000000000000000100000000000000000000000000000000000000000000000000000000000000000000000000000000000000000000000000000000000000000000010100
000000000000000000000000000000000000000000110000000000000000000001001000000000000000100000000000000000110000001000100000000000000000000110000110000001000000000000000000000000000000000000000000000000000000000000000000000000000000000111000111000000000000000000000000000000000000000000000000000000010100
000000000000000000000000000000000000000000110000000000000000000001001000000000000001010000000000110000100000001000010000000000000110000010000100000000000000000000000000100111000000000000000000000000000000000000000000000000000000000000000000000000000000000000000000000000000000000000000000000000001000
000000000000000000000000000000000000000000100000000000000000000000101000000000000000010010000000110000000000000010100000000000000010100001011000000000000000000000000000000110100010010100000000000000000000000000000000000000000000000000010000000000000000000000000000000000000000000000000000000000000000
000000000000000000000000000000000011000000000000000000000110000000010000000000000000000001000000000000000000000001000000000000000001010101000000000000000000000000000000110000100101010100000000000000000000000000000000000000000000000000010000000000000000000000000000000000000000000000000000000000000000
000000000000000000000000000000000011000000000000000000000110000000000000000000000001000001000000000000000000000000000000000000010110000101000000000000000000000000000000000000100000001000000000000000000000000000000000000000000000000000010000000000000000000000000000000000000000000000000000000000000000
000000000000000000000000000000000000000000000000000000000000000000000011100000000000000011000000000000000000000000000000000000010110100001100101100000001000000000000000000000100000100000000000000000000000000000000000000000000000000000000000000000000000000000000000000000000000000000000000000000000000
000000000000000000000001000000000000000000000000000000000000000000000000000000000001101110100000000000011000000000000000000000001000100001011101100000001000000000000000000000010000000000000000000000000000000000000000000000000000000000000000000000000000000000000000000000000000000000000000000001100000
000000000000000000000001000000000000000000000000000000000000000000000000000000000000011010011000011100100100000000000000000000000000100000000001000000010010000000000000000000001110011100000000000000000000011000000000000000000000000000000000000000000000000000000000000000010000000000000000000001100000
000000000000000000000001000000000000000000000000000000000000000110000000000000000000000000000000000000110110000000000000000000000000000000001101000000000011100001000000000000000000100010000000000000000000101000000000000000000000000000000000000000000000000000000000000000101000000000001110000000000000
000000000000000000000000000000000000000000000100000000000100000110000000000000000000000000000000000000010100000000000001000000000001000100000011100000011000000010100000000000000001000001000000000000000001010000000000000000000000000000000000000000000000000000110000000000101000000000000000000000000000
000000000000000000011100000000000000000000001010000000000100000000000000000000000000000000000000000000001000000000000010100000100010010110100001011001000000000010100000000000000001000001000000000000000000100000000000000000000000000000000000000000000000110001001000000000010000000000000000000000000000
000000000000000000000000000000000000000000000110000000001000000000000000000000000000000000000000000000000000000000000001000001110001100000100000111111001000000000000000000000000001110111000000000000000000000000000000000000000000000000000000000000000001001000110000000000000000000000000000000000000000
000000000000000000000000000000000000000000000000000001100000000000000000000000000000000000000000000000000000000000000000000011001000000010000000100111110000000000000000000000000000000000000000000000000000000000000000000000000000000000000000000000000001001000000000001100000001100000000000000000000000
000000000000000000000011000000000000011000000000000001100000000000000000000000000000000000000000000000000000000000000000000010110000000001000000011000000000000000000000000000000000000000000000000010000000000000000000000000000000000000000000000000000001000000000000010010000001100000000000000000000000
000000000000011100000011000000000000100100000000000001110000000000000000000000000000000000000000110000011000000000000000100001010100000000110000011000000000000000000000000000000000000000000000000101000000000000000000000000000000000000000000000000000000101000000000001100000000000000000000000000000000
000000000000000000000000000000010001001000000000000000110000000000000000000000000000000000000000100100011000000000000001100101100000001100010000000000000000000000000000000000000000000000000000000101000000000000000000000000000000000000000000000000000000011000000000000000000000000000000000000000000000
000000000000000000000000000000010000110000000000000000100000100000000000000000000001000000000000011111110000000000000011001101000001111001110000000000000000000000000000000000000000000001100000000010000000000000000000000000000000000000000000000000000000000001100000000000000000000000000000000000000000
000000000000000000000000000000010000000000000000000000110000100000000000000000000001110000000000000101100000000000111001001100001001000000000000000000000000110000000000000000000000000001100000000000000000000000000000000000000000000000000000000000000000000001100000000000110000000000000000000000000000
000000000000000000000000000000000000000000000000000000000000100000000000000000001001000000000000000000100000000010000111011000000111011101000000000000000000110000000000000000000000000000000000000000000000000000000000000000000000000000000000000000011000000000000010000000110000000000000000000000000000
000000000000000000000000000111000111000000000000000000000000000000000000000000010011000000000000000000000000000000000110010000000001101011100000000000000000000000000000000000000000000000000000000000000000000000000000000000000000000000000000011000010100000000000101000000000000000000000000000000000000
000000000000000000000000000000000000000000000000000000001110001110000000000000001010000000000000000000000000000100001001010000000000000100010000000000000000000000000000000000000000000000000000000000000000000000000000000000000000000000000000100100001000001100001010000000000000000000001100000000000000
000000000000000000000000000000010000000000000000000000000000000000000001100000000100000000000000000011011000000111100000100000000000000011100000000000000000000000000000000001000000110000000000000000000110000000000000000000000000000000000000101000000000010010001100000000000000000000001100000000000000
000000000000000000000000000000010000000000000000000000000000100000000001100000000000000000000000000111011000000000000100100000000000000001000000000000000000000000000000000010100000110000000000000000000110000110000000000000000000000000000000010000000000000000000000000000000000000000000000000000000000
000000000000000000000000000000010000000000000000000000000000100000000000000000000000000000000000000000000000000000000101000000000000000000000000000000000000000000000000000010100000000000000000000000000000000110000000000000000001100000000000000000000000010001000000000000000000011000000000000000000000
000000011110000000000110000000000000000000000000000000000000100000000000000000000100000000000000000000000000000000000010000000000000000000000000000000000000000000000000000001000000000000000000000000000000000000000000000000000000000000000000000000000000000110000000000000000000011000000000000000000000
000000001001000000000110000000000000000000000000000000000000000000000000000100001010000000000000000000000000000000000000000000000000000000000000000000000000000000000000000000000000000000000000000000000000000000000000000000111000001110000000000000000000000010000000000000000000000000000000000000000000
000000000100100000000000000000000000000000000000000000000000000000000000000100001001000000000000000000000000000000000000000000000000000000000000000000000000000000000000000000000000000000000000000000000000000000000000000011011000001100000000000000000000000000000000000000000000000000000000000000000000
001110000100100000000000000000000000000000000000000000000000000000000000000001000011000000000000000000000000000000000000000000000000000000000000000000000000000000000000000000000000000000000000000000000000000000000000000100001000000001000000000000000000000110000000000000000000000000000000001000000000
010100000110110000000000000000000000000000000000000000000000000000000000011110100001110000000000111000000000000000000000000000000000000000001110000100000000000000000000000000000000000000000000000000000000000000000000000010110000001101000000000000000000000101000000000000000000000000000000010100000000
010000010010100000000000000000000000000000000000000000000011000000000000100001100000110000000001111100000000000000000000000000000000000000010010001010000000000000000000110000000000000000000000000000000000000000000000000000101110000110000000000000000000000100000000000000000000000000000000010100000000
011011010001000000000000000000000000000000000000000000000011000000000000000111011111100000000010011010000000000000000000000000000000000000000000010001000000000000000000110000010000000000000000000000000000000000000000000001100001100000000000000000000000000010000000000000000000000000000000001000000000
000100010000000000000000000000000000000000000000000000000000000000000001110101011011000000000001111011000000000000000000000000000000000000001001001001000000000000000000000000010000000000000000000000000000000000000000000001100000000000000000000000000000000000000000000000000000000000000000000000000000
000111000000000000000000000000000110000000000000000000000000000000000000100011001000000000000010011110000000000000000000000000000000000000000000001101100000000000000000000000010000000000000000000000000000000001000000000000011110000000000000000000000000000000000000000000000000110000000000000000000000
000000000000000000000000000000000110000000000000000000000000000000000000000011000101000000000011000100000000000000000000000000000000000000000000100101000000000000000000000000000000000000000000000000000000000000110000000000101000000000000000000000000000000000000000000000000001010000000000000000000000
000000000000000000000000000000000000000000000000000000000000000000000000000000000010000000000100100000000000000000000000000000000000000101100010100010000000000000000000000000000000000000000000000000000000110000001000000000010000000000000000000000000000000000000101000000000011111000000000000010000000
000000111000000000000000000000000000000000000000000000000000000000000001100000000000000000000010100000000000000000000000000000000000000100010001000000000000000000000000010000000000000000000000000000000000011111101000001100010000000000000000000000000000000000000110000000000010010000000110000101000000
000000101000000000000000000000000000000000000000000000000000000000000001100000000000000000000001000000000000000000000000000000000110000010011000000000001110000000000000101000000000000000000000000000000000001100001100010010000001100000000000000000000000000000000110000000000000110000000110000101000000
000001001000000000000000000000000000000000000000000000000000000000000000000000000000000000000000000000000000000000000000000000000110000001101110000000000000000000000000101000000000000000000000000000000000000110011000111110000011100000000111000000000000000000000000000000000110000000000000000010000000
000001001001110000000000000000000000000000000000000000000000000000000000000000000000000000000000000000000000000000000000000000000000000000001101000000000000000000000000010000000000000000000000000000000000000000000000010000000011000000000000000000000000000000000000000000000000000000100000000000000000
000000101000010000000000000001110000000000000000000000000000000000000000000000000000000000000000000000000000000000000000000000000000000000001101100000000000000000000000000000000000000000000000000000000000000000000000011000000000100000000000000000000000000000000000001100000000000000100000000000000000
000000010000100000000000000000000000000000000000000000000000000000000000000000000000000000000000000000000000000000000000000000001000000000000111000000000000000000000000000000000000000000000000000000000000000000000000010010000010100000000000000000000000000000000000001100000000000000100000000000000000
000000000000000000000000000000000000000000000000000000000000000000000000011000000000000000000000000000000000000000000000000000010100000000000010000000000000000000000000000000000000000000000000000000000000000001110000110110000010010000000000000000000000000000000000001000001000000000000000000000000000
000000000000000000000000000000000000000000000000000000000000000000000000011000000000000000000000000000000000000000000000000000001000000000000000000000000000000000000000000000000000000000000000000000000000000000000000001000000000000000000011000000000000000000000000000000110100000000000000000000000000
000000000000000000000000000000000000000000000000000000000000000000000000000000000000000000000000000000000000000000000000000000000000000000000000000000000000000000000000000000000000000000000000000000000000000100000100000000000000010000000011000000000000000000000000011011000100000000000000000000000000
000000000000000000000011000000000000000000000000000000000000000000000000000000000000000000000000000000000000000000000000000000000000000000000000000000000000000000000000000000000000000000000000000000000000000100000100000000000001010001110000000000000000000000000000000010000000000000011000000000000000
000000000000000000000011000000011000000000000000000000000000000110000000000000000000000000000000100000000000000000000000000000001000000000000000000000000000000000000000000000000000000000000000000000000000000100000100000000000000000000000000000000000000000000000000000111000000000000011000000000000000
000000000000000000000000000000011000000000000000000000000000001001100000000001100000000000000000100000001110000000000000000000010100000000000000000000000000000000000000000000000000000000000000000000100000000000000000000000000000000000000000000000000000000000000000000100010000000000000000000000000000
000000000000000000011000000000000000000000000000000000000000010000111100000001100000000000000000100000000000000000000000000000010100000000000001000000000000000000000000000000000000000000000000000001010000000001110000000000000000000000000000000000000000000000000000000101100011000000000000000000000000
000000000000000000100100000000000000000000000000000000000000110111011101000000000000000000000000000000000000000000000000000000001000000000000011000011100000000000000000000000000000000000000000000010010000000000000000000000000000000000000000000000000000000000001100000001100010100000000011100000000000
000000000000000000011000000000000000000000000000000000000000000000000001100000000000000000001110000000000000000000000000000000000000000000000110000000000000000000000000000000000000000000000000000001100000000000000000000000010000000000000000000000000000000000010100000000000001000000000000000000000000
000000000000000000000000000000000000000000000000000000000000010000000000110000000000000000000000000000000000000000000000000000000000000000001110000000001000000000000000000000000000000000000000000000000000000000000000000000101000000000000000000000000000000000011000000000000000000011100000000000000000
000000000001100000000000000000000000000000000000000000000000011100001101100000000001100000000000100000000001110000000000000000000000000000000110011000001000000000000000000000000000000000000000000000000000000000000000000000011000000000000000000000000000000001100000000000000000000000000010000000000000
000000000001100000000000000000000000000000000000000000000000010110000000000000000001100000000000100000000000000000000000000000000000000000000000111000001000000000000000000000000000000000100000000000000000000000000000000000000000000000000000000000000000000010100000000000000000110001000010000000000000
000000000110000000000000000000000000000000000000000000000000001110011010000000000000000000000000100000000000000000000000000000000000000000000000111000000000000000000000000000000000000000100000000001000000000000000000000000000000000000000000000000000000000001000000100000000001000001000001001100000000
000000000110000000000000000000000000000000000000000000000000000000111100000000000000000000000000000000000000000000000000000000000000000000000000000000000000000000000000000000000000000011111000000010110000000000000000000000000000000000000000000000000000000000000010100011000001000001000110000010000000
000000000000000000000000000000000000000000000000000000000000000000110000000000000000000000000000000000000000110000000000000000000000000000000000000011100000001000000000000000000000001111011100000000110000000000000000000000000000001100000000000000000111000000000011000010100000100110000001000000000000
000000000000000000000000000000000000000000000000000000000000000000010000000000000000000000000000000000000000110000000000000000000000000000000000000011100000001000000000000000000000001010000000000000000000000000000000111000000000010010000000000000000101000000000101000000100000011100000011000000000000
000000000000000000000000000000000000000000000000000000000000000001000000000000000000000000000000000000000000000000000000000000000000000000011000000010000000001000000000000000000011100010001100000000011000000000000001111100000000010010000000000000001101100000000011100011100000000000000110100000000000
001100000000000000000000000000000000000000000000000000000000000010100000000000000000000000000000000000000000000000000000000000000000000000100100000000000000000000000000000000000011011000000000000010110000000000000010010100000000001100000000000000010001100000000011110110001100000000000011100000000000
001100000000000000000011100000000000000000000000000000000000000001110000000000000000000000000000000000000000000000000000000000000000000000011000000000000000000000010000000000000100011111000000000010100000000000000001110000000000000000000000000000001111000000000000000100010010000010000001000000000000
000000000000000000000000000000000001100000000000000000000000000001110000000000000011000000000000000000000000000000000000000011100000000000000000000000000000000000010000000000000100001110000000000000000000000000000001010000000000000000000000000000000000010000000000011100001100000101000000000000000110
000000000000000000000000000000000010010000000000000000000000000000000000000000000100100000000000000000000000000000000000000000000000000000000000000000000000000000010000000000000000100000010000000010110000000000000001100000000000000000000000000000000001100000001110000000000000000100100000000000000110
000000000000000000000000000000000001100000000000000000000000000000000000000000001001000000000000000000000000000000000000000000000000000000000000000000000000000000000000000000000010000000101001100110110000000000000001100000000000000000000000000000000000100000001110000000000000000011000000000000000000
000000000000000000000000000000000000000000000000000000000000000000000000000000010000000000000000000000000000000000000000000000000000000000000000000000000000000000000111000000000000000000000001100110010000011000000001110000000000000000000000000000000000000000000000000000000000000000000000000000000000
000000000000000000000001100000000001100000000000000000000000000000000000000000010110100000000000000000000000000000000011000000000000000000000000000000000000000000000000000000000000000001011000000011100000011000000000010000000001000000000000000000000000000000000000000000000000000000000000000000000000
000000000000000000000001100000000010010000000000000000000000000000000000000000000010011000000000000000000000000000000100100000000000000000000000000000000000000000000000000000000000000001100000000001000000000000000000000100000111000000000000010000000011000011110000000000110000000000000000000000000000
000000000000000000000000000000000001100000110000000000000000000000000000000000100001110000000000000000000000011000000011000000000000000000000000000000000000000000000000000000000000000000000000000000000000000000000011000000010110000010000000110001100000000011101100000000110000000000000000000000000000
110000000000001100000000000000000000000001001000000000000000000000000000000000100011010000000000000000000000011000000000000000000000000000000000111000000000000000000000000000000000000000001100000000000000000000000000010100100000000011000000000001010010000100001100000000000000000000000000000000000000
110000000000001100000000000000000000000000110000000000000000011000000000000000011110100000000000000000000000000000000000000000000000000000000000000000000000000000000000000000000000000000011000000000000000000000000001111000100100000000100000000001011000000010110000000000000000000000000000000000000000
000000000000000000000000000000000000000000000000000000000101101000000000000000000010010000000000000000000000000000000000000010000000000000000000000000000000000000000000000000000000000000111000000000000000000000111000110000011001101110010000000000100000000011100000000000000000000000000000000000000000
000000000000000000000000000000000000110000000000000000000100110000000000000000000011100000000000000000000000110000000000000101000000000000000001000000000000000000000000000000000000001110000000000000000000000001000101001000000100101111100000000000011110000011100000000000000000000000000000010000000000
000000000000000000010000000000000001001000000000000000000110101100000000000000000001100000000000000100000000110000000000000101000000000000000001000000000000000000000000000000000000110010000000000000000000000010000011101000000001000001100000000000001110000000100000000000000000000000000001111000000000
000000000000000000101000000000000000110000000000000000000010001100000000000000000000000000000001000100000000000000000000000010000000000000000001000000000000000000000000000000000000110110000000000000000000000010000010010000000000000000000000000000000000000001100000000000000000000000010110000100000000
000000000000000000101000000000000000000000000000000000000010000000000000000000110000000000000000000100000000000000000000000000000000000000001000000000000000000000000000000000000000001000000000000000000000000010000010000000000000101000011000000000000000000000000000000000000000000001100101111000000000
000000000000000000010000000000000000000000000000000000000100010001000000000000011100000000000000010000111000000000000000000000000000000000010100000000000000000000000000000000000000000000000000000000000000000001000100000000000000010000011000000000000000011100000000000000000000000000011101010000000000
000000000000000000000000000000000000000000000000000000001001100000100000000000011100000000000100010000000100000000000000000000000000000000010100000000000000000000000000000000000000000000000000000000000000000000111000000000000000000000000000000000000000000000000000000000000000000000000000000000000000
000000000000000000000000000000000000000000000000111000001011001000010000000000000000000011000010100001001000000000000000000000000000000000001000000000000000000000000000000000000000000000000000000000000000000000000000000000000000000000000000000000000000000000000000000000000000000000000000000000000000
000000011100000000000000000000000000000000000000001000000110000000010000000000000000000010000000000000110000000000000000000000000000000000000000000000000000000011000000000000000000000000000000000000000000000000001000000000000000000000000000000000000000000000000000000000000000000000000000000011000000
000000000000000000000000000000000000000000000010000000000000000100000000000000000000000000000000000000000000000000000000000000000000000000000000000000000000000100100000000000000000000000000000000000000000000000010100000000000000000000000000000000000000000000000000000000000000000000000000000000000000
000000000001000000000000000000000000000000000010000000000000001000010000000000000000000000000000000000000000000000000000000000000000000000000000000000000000000011000000000000000000000000000000000000000000000000100010000000000000000000000000000000001100000000000000000000000000000000000000000000000000
000000000001000100000000000000000000000000000010100000000000011100001000000000000000000000000000000000000000000000000000000000000000000001100011000000000000000000000000000000000000000000000000000000000000000000010100000000000000011100000000000000010010000000000000000000000000000000000001100000000000
000000000001000100000010000000000011100000000001100000000000010100101100000000000000001110000000000000000000000000000000000000000000110000111110000000000000000000000000000000000000000000000000000000000000000000001000000000000000000000000000000000001100000011000000000000000000000000000001100000000000
000000000000000100000010000000000000000000000000000000000000000000011100000000000000000000000000000000000000000000000000000000000000101000110110000000000000000000000000000000000000000000000000000000000000000000000000000000000000000001000000000110000000000011000000000000000000000000000000000000000000
000000000000000000000010000000000000001000000000000000000000000001100000000000000000000000000000000000000000000000000000000000000000011100110110000000000000000000000000000000000000000000000000000000000000100000000000000000000000000001000000000011000000000000000000000000000000000000000000000000110011
000001000000000000000000000000000000001000000000000000000000000001000000000000000000000000000000000000000000000000000000000000000011001100011100000000000000000000000000000000000000000000000000000000001000011000000000000000000000000001000000000110000000000000000000000000000000000000000000000000110011
000001000000000000000000000000000000001000000000000000000000000000000000000000000000000000000000000000000100000000000000000000000011111100000000000000000000000000000000000000000000000000000000000000001000100001100000000011000000000000000000011100000000011100000110000000000000000000000000000000000000
000001000000000000000000000000000000000000000000000000000001110000000000000000000000000000000000000000001010000000000000000000001100000110000000000000000000000000001100000000000000000000000000000000000000000001100000100101000000000000000000010000000000000000000010000000000000000000000000000000000000
000000000000000000000000000000000011100000000000000000000000000000000000000000000000000000000000000000000110000000000000000000010000100001000000000000000000000000001110000000000000000000000000000000110000000000000000100100000000000000000000010000000000000000000000000000000000000000000001000000000000
000000000000000000000000000000000000000000000000000000000000000000000000000000000000000000000000000000000000000000000000000000010001010001000000000000000000000000001111000000000000000000000000000000111000000000000000100111000000000000000000000000000000000000010000000000000000000000000001000000000000
000000000000000000000000000000000000000000000000000000000000000000000000000000000000000000000000000000000000000000000000000000010000100001000000000000000000000000000010010000000010000000000000000000011000000000000000000000000000000000000000000000000000000011000000110000000000000000000001000000000000
000000000000000001100000000000000000000000000000000000000000000000000000000000000000000000000000000000000000000110000000000000001100000110000000000000000000000000000000010000000001100000000000000101011000000000000000000000000000000000000000000000000000000001011000110000000000000000000000000000000000
000000000000000001100000000000000000000000000000000000000000000000000000000000000000000000000000000000000000000110000000000000000010001000000000000000000000000000000001100000000000000000000000000101011000000000000000000000000001100000000000000000000000000011100000000000000000000000001000000000000000
000000000000000000000000000000000000000000000000000000000000000000000000000001100000000000000000000000000000000000000000000000000010001000000000000000000000000000000010000000010000000000000001000100000000000000000011100000000000000000000000000000000000000010000000000000000000000000001000000000000000
000000000000000000000000000000000000000001100000000000000000000000000000000010010000000000000000000000000000000000000000000000000001110000000000000000000000000000000000000000001000000000000011000011100000000000000000000000000001000010000000000000000000000000000000000000000000000000001000000000000000
000000000000000000000000000000000000000001011000000000000000000000000000000010100000000000000000000000000000000000000000000000000000000000000000000000000000000000000000000000001000000000000110100001000000000000000000000000000111000101000000000000000000000000001001000000000000000000000000000001000000
000000000000000000000000000000000000000000011000000000000000000000000000000001000000000000000000000000000000000000000000000000000000000000000000000000000000000000000000000000000000000000000010100011000000000000000000001100000110000010000000000000000000000000001001000000000000000000000000000010100000
000000000000000000000000000000000000000001011000000000000000000000000000000000000000000000000000000000000000000000000000000000000000000000000000000000000000000000001000000000000000000000000001100101000000000000000000000101100011000000000000000000000000000000011110100000000000000000000000000010100000
000000000000000000000000000000000000000011100000000000000000000000000000000000000000000000000000000000000000000000000000000000000000000000000000000000000000000000011100000000000000000000000000000011000000000000000000000000001010000000000000000000000000000000110000000000000000000000000000000001000000
000000000000000000000000000000000000000010000111000000000000000000000000000000000000000000000000000000000000000000000000000000000000000000000000000000000000000001000010000000000000000000000000000000000000000000000000000001101100000000000000000000000000000000110000000000000000000000000000000000000000
000000000000000000000000000000000000000111000000000000000000000000000000000000000000000000000000000000000000000000000000110000000001110000000000000000000000000001001100000000000100000000000000000000000000000000000000000000000000000000000000000000000000000000011110000000000000011000000000000000000000
000000000000000000000000000000000000000011000000000000000000000000000000000000000000000000000000000000000000000000000000110000000010001000000000000000000000000000111000000000000100000000000000000000000000000000000000000000000000000000000000000000000000000000001110000000000000011000000000000000000000
000000100000000000000000000000000000000001100000000000000000000000000000000000000000000000000000000000000000000000000000000000000010001000000000000000000000000000000000000000000100000000000000000000000000000000000000000000000000000000000000000000000000000000000100000000110000000000000000000000000000
000001010000000000000000001000000000000000100000000000001100000000000000000000000000000000000000000000000000000000000000000000001100000110000000000000000000000000000000000000000000000000000000000000001100000000000000000000000001000000000000000000000000000000000000000001010000000000000000000000000000
000001010000000000000111010100000000000000000000000000010100000000000000000000000000000000000000000000000000000000000000000000010000100001000000000000000000000001100000000000000000000000000000000000000010000000000000000000000001000000000000000000000000000000000000000000100000000000000000000000000000
000000100000000000000110000000100000000000001100000000011000000000000001100000011000000000000000000000000000000000000000000000010001010001000000000000000000000001100000000000000000000000000000000000001100000000000000000000000001000000000000000000000000000000000000000000000000000000000000000000000000
000000000000000000000001100101100000000000000000000000000000000110000001100000101000000000000000000000000000000000000000000000010000100001000000000000000000000000000000000000000000000000000000000000000000000000000000000000000000000000000000000000000000000000000000001000000000000000000000000000011000
000000000000000000000000000100000000000000000000000000011000000110000000000000001000000000000000000000000000000000000000000000001100000110000000000000000000000000000000000000000000000000000000000000000000000000000000000111000000000000000000000000000000000000000000001000000000000000000000000000011000
000000110000000000000000011011100000000000000000000000011000000000000000000000000000000000000000000000000000000110000000000000000010001000000000000000000000000000000000000000000000000000000000000000000000000000000000000000000000000000000000000000000000000000000000001000000000000000000000000000000000
000000110000000000000000000000100000000001100000000000000000000000000000000000000000000000100000000000000000001001000000000000000010001000000000000000000000000000000000000000000000000000000000000000000000000000000000000000010000000000000000000000000000000000000000000000000000000000000000000000000000
000000000000000000000000000000000000000010010000000000000000000000000000000000000000000100010000000000000000000101000000000000000001110000000000000000000000000000000000000000000000000000000000000000000000000000000000011000010000000000000000000000000000000000000000000000000000000000000000000110000000
000000000000000000000000000000000000000001010000011000000000000000000000000000000000001000001000111000000000000010000000000000000000000000000000000100000000000000000000000000000000111000000000000000000000000000000000100100010000000000000000000000000000000000000000000000000011000000000000000110000000
000000000000000000000000000000000000000000100000100100000000000000000000000000000000000110110010001100000000000000000000000000000000000010000000000100000000000000000000000000000000000000000000000001100000000000000000011000000000000000000000000000000000011000000000000000000100100000000000000000000000
000000000000000000000000000000000000000000000000100100000000000000000000000000000000000000000010100110000000000000000000000000000000000101000000000100000000000000000000000000001100000001000000000010010000000000110000000000000000000000000000000000000000011000000000000000000011000000000000000000000000
000000000000000000000000000000000000000000000000011000000000000000000000000000000000000000000100000100000000000000000000000000011000000101000000000000000000000000000000000000001100000010100000000001100000000001101000000000000000000000000000000000000000000000000000000111000000000000000000000000000000
000000000000000000000000000000000000000000000000000000000000001100000000000000000000001110100010011000000000000000000000000000100100000010000000000000000000000000000000000000000000000010100000000000000000000010000100000000000000000011000000000000000000000000000000000000000000000000000000000000000000
000010000000000000000000000000000000000000000000000000000000010100000011000001000000010001010010000000000000000000000000000000100100000000000000000110000000000000000000000000000000000001000000000000000000000011010110000000000000000100100000000000000000000000000000000000000000000000000000000000000000
000101000000000000000000000000000000000000000000000000000000110000000110000010100000000011110000000000011000000000000000000000011000000000000000001001000000000000000000000000000000000000000000000000000000000001110000000000000000000101000000000000000000000000000000001000000000000000000000000000000000
000110000000000000000000000000000001000000000000000000000000010100000110000010100000001001100000000000011000000000000000000000000000000000000000000110000000000000000000000000110000000000000000011000000000000001010000000000000000000010000000000000000111000000000000010100000000000000000000000000000000
000000000000000000001100000000000010100000000000000000000000001100000110000001000001100000000000000000000000000000000000000000000000000000000000000000000000000000000000000000101000000000000000100100000000000000110000000000000000000000000000000000000111100000000000010100000000000000000000000110000000
000000000000000000010010000000000010010000000000000000000000000000000001000000000000010000000000000000000000000000000000000000000000000000000000000000000000000000000000000000010000000000000000000110000000000000010000000000000000000000000000000000000000000000000000001000000000000000000000000110000000
000000000000000000001100000000000001100000000000000000000000001100000000000110000000000000000000000000000000000000000000000000000000000000000000000000000000000000000000000000000000000000000000000110000000000000010010000000000000000000000000000001001100100000000000000000000000000000000000000000000000
000000000000000000000000000000000000000000000000000000000000010100000000000111000000000000000000000000000011000000000000000000000000000000000000000000000000000001100000000000000000000000000000000111000000000000011100000000000000000000000000000010000100100000000000000000000000000000000000000000000000
000000000000000000000000000000000000000000000000000000000000110000000100010001000000000000000000000000000100100000000000000000000000000000000000000000000000000001100000000000000000000000000000001000100000000000000000000000000000000000000000000000000001000000000000000110000000000000000010000000000000
000000000000000000000000000000000000000000000000000000000000010100000010010010000000000000000000000000000011000000000000000000000000000000000000000000000000000000000000000000000000000000000000001000100000000000000000000000000000000000000000000010101000000000000000000110000000000000000101000000000100
000000000000000000000000000000000000000000000000000000000000001100000001110000000000000000000000000000000000000000000000000000000000000000000001110000000000000000000000000000000000000000000000001000000000001100000000000000000000000000000000000000101000000000000000000000011100000000000101000000001010
000000000000000000000000000000000000000000000000000000000000000000000000000000000000000000000000000000000000000000000000000000000000000000000000000000000000000000000000000000000000000000000001000100011000100001000000000011100000000000000000000000000010000001100000000000000000000000000010000000001001
000000000000000000000000000000000000000000100000000000000000000000000000000000000000000000000000000000000000000000000000000000000000000000000000000000000000000000000000000000000000000000000001000001000100100001000000000000000000000000000000000000000001110001100000000001000001000000000000000000000110
000000000000000000000000000000000000000001010000000000000000000000000000000000000000000000000000000000000000000000000000000000000000000000000000000000000000000000000000000000000000000000000001000000110111000001000000000000000110000000000000000000000000000000000000000001000001000000000000000000000000
000000000000000000000000000000000000000001010000110000000000000000000000000000000000000000000000000000000011000000000000000000000000000000000000000000000000000000000000000000000000000000000000000000110100100100000000000000000110000000000000000000000000000000000000000001000001000000000000000000000000
000000000000000000000000000000000000000000100000110000000000000000000000000000000000000000000000000000000011000000000000000000000000000000000000000000000000000000000000000000000000000000000000000000010100110100000000000011000000001100000000000000000000000000000000000000000000000000000000000000000000
000000000000000000000000000000000000000000000000000000000000000000000000000000000000000000000000000000000000000000000000000000000000000000000000000000000000000000000000000000000000000000000000000011110100111000000000000011000000001100000000000000000110000000000000000000011100000000000000000000000000
000000010000000000000000000000000000000000000000000000000000000000000000000000000000000000000000000000000000000000000000000000000000000000010000000000000000000000000000000000000000000000000000000011000110000000000000000000000000000000000000000000000110000000000000000000000000000000000000100000000000
000000010000000110000011000000000000000000000000000000000000000000000000000000000000000000000000000000000000000000000000000000000000000000010000000000000000000000000000000000000000000000000000000000100001000000000000001100000000000000000000000000000000000000000000000000000000000000000000100000000000
000000010000000011000110000001110000000000000000000000000000000000000000000000000000000000000000000000000000000000000000000000000000000000010000000000000000000000000000000000000000000000000000000000011101000000000000001110000000000001110000000000000000000000000000000000000000000000000000100000000000
000000000000010010101010010000000000000000000000000000000000000000000000000000000000000000000000000000000000110000000000000000000000000000000000000000000000000000000000000000000000000000110000000000001101100000000000000010000000000000000000000000000000000000000000000000000000000000000000000000000000
000000000000011101101101110000000000000000000000000000000000000000000000000000000000000000000000000000000000110000000000000000000000000000000000000000000000000000000000000000000000000001001000000000001100100000000000000000000000000000000000000000000000000000001100000000000000000000000000000000000000
000110000000001010101010100000000000000000000000000000000000000000000000000000000000000000000000000000000000000000000000000000000000000000000000000000000000000000000000000000000000000001001000000000000011100000000000000000000000000000000000000000000000000000001100000000000000000000000000000000000000
000110000000000111000111000000000000000000000000000000000000000000000000000000000000000000000000000000000000000000000000000000000000000000000000000000000000000000000000000000000000000000110000000000000000000000000000000000000000000000000000000000000000000000000000000000000000000000000000000000000000
