300 300
000000000000001100000000000000000000000000000000000000000000000000000000000000000000000111000111000000000000000000000000000000000000000000010000000000000000000000000100000000000000000000000010000000000000000000001110000000000001100000000000000000000000000000000000000000000000000000000000000000000000
000000000000010010011100000000000000000000000000000000000000000000000000000000000000010000101000010000000000000000000000000000000000000000101000000000000000000000000100000000000000001100000010000000000000110000001100100000000010000000001100000000000000000000000000000000000000000000000111000000000000
000000000000001100000000000000000000000000000000000000000000000000000000000000000000010000101000010000000000000000000000000000000000000000101000000000000000000000000100000000000000001100000010000000000000110000100000000000000011001000010010000000000000000000000000000000000000000000000000000000000000
000000000000000000000000000000000000000000000000000000000000000000000110000110000000010000101000010000000000000000000000000000000000000000010000000000000000000000000000000000000000000000000000000000000000000000011111000000000000000000010100000000000000000000000000000000000000000000000000000000000000
000000000000000000000000000000000000000000000000000000000000000000001001000110000000000000000000000000000000000000000000000000000000000000000000000000000000000000000001110000000000000000000000000000000000000000011000110100000000000000001000000000000000000000000000000000000000000000000000000000000000
000000000000000000000000000000000000000000000000000000000000000000000110000000000000000111000111000000000000000000000000000000000000000000000000000000000000000000000000000000000000000000000000000000000000000000000000011100000000000000000000000000000000000000000000000000000000000000000000000000000000
000000000000000000000000000000000000000000000000000000000000000000000000000000000000000000000000000000000000000000000000000000000000000000000000000000000000000000000000000000000000000000000000000000000000000000000110001000000000000000000000000000000000000000000000000000000000000000000000000000000000
000000000000000000000000000000000000000000000000000000000000000000000000000000000000000000000000000000000000000000000000000000000000000000000000000000000000000000001100000000000011000000000000000000000000000000000110000000000000000000000000000000000000000000000000000000000000000000000000000000000000
000000000000000000000000000000000000000000000000000000000110000000000000000000000000000000000000000000000000000000000000000000000000000000000000000000000000000000010100000000000011000000000000000000000000000000001000000000000000000000000000000000000000000000000000000000000000000000000000000000000000
000000000000000000000000000000000000000000000000000000000101000000000000000000000000000000000000000000000000000000000000000000000000000000000000000000000000000000011100000000000000000000000000000000000000000000000110000011000000000000000000000000000000000000000000000000000000000000000000000000111000
110001100000000000000000000000000000000000000000000000000010000000000000000000000000000000000000000000000000000000000000000000000000000000000000000000001110100000011100000000000000000000000000000000000000000000000110000100100000000000000000000000000000000000000000000000000000000000000000000000000000
110001100000000000000000000000000000000000000000000000000000000000000000000000000000000000000000000000000000000000000000000000000000000000000000000000010100110011000100000000000000000000000000000000000000000000000000000010100000000000000000000000000000000000000000000000000000000000000000000000000000
000000000000000000000000000000000000000000000001000000000000000000000000000000000000000000000000000000000110000000000000000000000000000000000000000000000000000010010100000000000000000000000000000000000011000000000000000001000000000000000000000000000000000000000000000000000000000000000000000000000000
000000000000000000000000000000000000000000000001000000000000011000000000000000000000000000000000000000000110000000000000000000000000000000000000000000001110011010011100000000000000000000000000000000000110000000000000000000000000000000000000000000000000000000000000000000000000000000000000000000000000
000000000001100011000000000000000000000000000001000000000000011000000000000000000000000000000000000000000000000000000000000000000000000000011000000000000110000100000100000000000000110000000000000000000001000000000000000000000000000000000000000000000000000000000000000000000000000000000000000000000000
000000000001100011000000000000000000000000000000000000000000000000000000000000000000000000000000000001000000000000000000000000000000000100011000000000000111110000000000000000000001001000000000000000000000000000000000000000000000000000000000000000000000000000000000000000000000000000000000000000000000
000000000000000000000000000000000000000000110000000000000000000000000000000000000000000000000000000000010000000000000010000000000000001010000000000000000001110000000000001100000000110000010000000000000000000000000000000000000000000000000000000000000000000000000000000000000000000000000000000000000000
000000000000000000000000000000000000000000110000110000000000000000000000000000000000000000000000000100010000000000000010000000000000000110000000011000000000000000000000001100000000000000010000000000000000000000000000000000000000000000000000000000000000000000000000000000000000000000011010000000001100
000000000000000000011100000000000000000000000000110000000000000000000000000000000000000000000000000111111000000000000010000000000000000000000000011000000000000000000000000000000000000000010000000000000000000000000000001000000000000000000000000000000000000000000000000000000000000000001100000000010100
000000000000000000000000000000000000000000000000000000000000000000000000000000000000000000000000000000000100000000000000000000100000000000000000000000000000000000000000000000000000000000000000000000000000000000000000010100000000000000000000000000000000000000000000000000000000001110000000000000001000
000000000000000000000001000000000000000000000000000000000000000000000000000000000000000000000001000000010100000000000000000000100000000000000000000000000000000000000000000000000000000000000000000000000000000000000000010100000000000000000000000000000000000000000000000000000000000110000110000000000000
000000000000000000000001000000000000110000000000000000000000000000000000000000000000000000000101000000011100000000000000000000100000000000000000000000000000000000000000000110000000000000000000000000000000000000000000001000000000000000000000000000000000000000000000000000000000011010001001000100000000
000000000000000000000001000000000000110000000000000000000000000000000000000000000000000000000011000000000000000000000000000000000000000001100000000000000000000000000000000110000000000000000000000000000000000000000000000000000000000000000000000000000000000000000000000000000000011100001000100010000000
000000000000000000000000000000000000000000000000000000000000000000000000000000000000000000000000000000000000000000000000000000001110000001100000000000011000000000000000000000000000000000000000000000000000000000000000000000000000000000000000000000000000000000000000000000000000001100000001100100001000
000000000000000000011100000000000000000000000000000000000000000000000000000000000000000000000000000000000000000000000000000000000000000000000000000000100100000000000000000000000000000000000000000000000000000000000000000000000000000000000000000000000000000000000000000000000000000000000000011000001000
000110000000000000000000000000000000000000000000000000000000000000000000000000000000000000000000000110000000000000000000000000000000000000000000000000101000000000000000000000000000000000000001100000000000000000000000000000000000000000100000000000000000000000000000000000000000000000000000000000001000
001001000000100000000000000000100000000000000000000000000000000000001000000000000000000000000000000110000000000000000000000000000000000000000000000000010000000000000000000000000000000000000010010000000000000000000011100000000000000001010000000000000000000000000110000000000000000000000000000000000000
001010000001110000000111000001010000000000000000000000000000000000010100000000000000000000000000000000000000000000000000000000000000000000000000000000000000000000000000000000000000000000000001010000000000000000000100100000000000011001010000000000000000000000000110000000000000000000000000000000000000
000100000010001000000111000001010000000000000000000000000001100000010100000000000000000000000000000000000000000000000000000000000000000000000000000000000000000000000000000000000000000000000000100000000000000000001111100000000000011000100000000000000000000000000000000000000000000000000000000011000000
000000000011000000000101100000100000000000000000000000000001100001001000000000000000000000000000000000000000000000000000000000000000000000000000000000000000000000000000000000000000000000000000000000000001100000000000000000000000000000000000000000000000000000000000000000000000000000000000000100100000
000000000011110111000011100000000000000000000000000000000000000100010000000000000000000000000000000000000000000000000000000010000000000000000000000000000000000000000000000000000000000000000000000000000001100000000000000100000000000000000000000000000000000000000000000000000000000000000000000011000000
000000000000001101100011000001000000000000000000000000000000000100000000000000000000000000000000000000000000000000000000000101000000000000000000000000000000000000000000000000000000000000000000000000000000000000000000000010000000000000000000000000000000000000000111000000000000000000000000000000000000
000000000000010001000010000001100000000000000000000000000000001000100000000000000000000000000000000000000000000000000000000010000000000000000000000000000000000000000000000000000000000000000000000000000001100000000001100000000000000000000000000000000000000000000000000000000000000000000000000000000000
000000000000000110000110000000110000000000000000000000000000001000000000000000000000000000000000000000000000000000000000000000000000000000000000000000000000000000000000000000000000000000000000000000000001100000000011000000000000000000000000000000000000000000010000010000000000000000000000000000000000
000000000000000010001000100001100000000000000000000000000000000100010000000000000000000000000000000000000000000000000000000000000000000000000000000000000000000000000000000000000000000000000000000000000000000000000011100000000000000000000000000000000000000000010000010000001100000000000000000000000000
000000000000111111000000001011000000000000000000000000000000000000001000000000000000000000000100000000000000000000000000000000000000000000000000000000000000000000000000000000000000000000000000000000000000000000000000000000000000000000000000000000000000000000010000010000001100000000000000000000000000
000000000000110011000000001110000000000000000000000000000000000001000000000000000000000000001010000000000000000000100000000000000001000000000000000000000000000000000000000000000000000000000000000000000000000000000000001110000000000000000000000000000000000000000000000000000000000000000000000000000000
000000000000001101000010100111000000000000000000000000000000000000111000000000000000000000001010000000000000000001010000000000000010100000000000000000000000000000001010000000000000000000000000000000000000000000000000001100000000000000000000000010000000000000000111000000000000000000000000000000001100
000000000000001100000000000001100000000000100000000000000100000000000000000000000000000000000100000000011000000000100000000000000010100000000000000000000000000000001000000000000100000000000000000000000000000000000011111100000000000000000000001101100000000000000000000000000000000000000000000000001100
000010000000000001000000000010100000000001010000000000001110000000001000000000000000000000000000000000011000000000000000000000000001000000000000000000000000000000001000100000001010000000000000000000000000000000000011011000000000000000000000001101100000000000000000000000000000000000000000000000000000
000010000000000011010000000001000000000010010000110000010001000000010101100000000000000000000000000000000000000000000000000000000000000000000000000000000000000000001000000000001000000000000000000000000000000000000011011000000000000000000000000000000000000000000000000000000000000000000000000000000000
000010000000000001010000000000000010000001100001010000010001000000010101100000000000000000000000000000000000000000000000000110000000000000000000000000000000000000000101000000000001000000000000000000000000000000000000100000000000000000000000000110110000000000000000000000000000000000000000000000000000
000000000000000000100000000000000101000000000000010000011011000000000001000000000000000000000000000000000000000000000111000110000000000000000000000000000000000000000010000001000000000000000000000000000000000000000000000000000000000000000000000110110000000000000011000000000000000000000000000000000000
000000000000000000000000000000000101000000000100100110001010001100000000000000000000000000000000000000000000001000001000100000000000000000000000000000000000000000000000000000000000000000000000000000000000000000000000000000000000000000000000000001000000000000000011000000000000000000000000000000000000
000000000000000000000000000000000010000000000100100101100100000101000110000000000000000000000000000000000000001000001000100000000000000000000000000000000000000000000000000000000000000010000000000000011000000000000000000000000000000000000000000001100000000000000000000000000000000000000000000000000000
000000000000000000000000000000000000000000000000100101100010000010000000000000000000000000000000000000000000001000001000100000000000000000000000000000000000000000000000000000000000000101000000000000100100000000000000000000000000001100000000000001100000000000000000000000000000000000000000001101100000
000000000000011000000000000000000000000000000011001001101100000000000000000000000000000000000000000000000000000000000111000000000000000000000000000000001100000000000000000000000000000101000000000000011000000000000000000000000000110110000000000001100000000001000000000000000000000000000000001111010000
000000000000100100000000000000000000000000000001001000100100000000000000000000000000000000000000000000000000000000000000000000000000000000000000000000001100000000000000000000000000000010000000000000000000001101011000000010000011100110000000000000000000000010100000000000000000000000000000110000010000
000000000000010100000000000000000000000000000000000000111000000000000000000000000000000000000000000000000000000000000000000000000000000000000110000000000000000000000000000000000000000000000000000000000000000101011000000101000011000100000000000000000000000010100000000000000000000000000001011111100000
000000000000001000000000000000000000000000000000000000011000000000000000000000000000000000000000000000000000000000000000000000000000000010000101000000000000000000000000000000000000000000000000000000000000000001000110000101000011111000110000000000000000000001000000000000000000000000000001111010100000
000000000000000000000000000000000000000001100000000000100000000000000000000000000000000000000000000000000000001000000000000000000000000010000010100000000000000000000000000000000000000000000000000000000000000000110010000010000000110000110000000000000000000000000000000000000000000000000000000001100000
000000000000000000000000000000000000000010100011000000000000000000000000000000000000000000000000000000000000001000000000000000000000000101000000100000000000000000000011100000000000000000000000000000000000000100110010000000000000011000000000000000000000000000000000000000000000000000000000000001010000
000000000000000000000000000000000000000111000000000000000000000000000000000000000000000000000000000000000000001000000000000000000000000010000001000000000000000000000100110000000000000000000000000000000000001001011100000000000000011000000000000000000000000000000000000000000000000000000000000001010000
000000000000000000000000000000000001101110000000100001100000000000000000000000000000000000000000000000000000000000000000001110000000000001100000000000000111000000000110101000000000000000000000000000000000001001000000000000000000011100000000000000000110000000000000000000000000000000001100000000100000
000000000000000000000000000000000001100010111000110001100000000000000011100000000000000000000000000000000000000000000000011011000000000001100000000000011000100000000100101100000000000000000000000000000000101110000001000000000001001000000000000000000110000000000000000000000000000000001100000000000000
000000000000000000000000000000000000000001111000100000100000000000000100011000000000000000000000000000000000000000000000010000000000000011100000000001101001000000000010011000000000000000000000000000000000010000000010000000000001010000000000000000000000000000000000000000000000000000000000000000000000
000000000000000000000000000000000000000001100100100000000000000000000101011100000000000000000000000000000000000000000000001000000000000011100000000001110110000000000010110000000000000000000000000110000001011000000010100000011001010000000000000000000000000000000000000000000000000000000000000000000000
110000000000000000000000000000000000000000000010000000100111000000010001110010000000000000000000000000000000000000000000010000000000000000000000000000100000000000000001000000000000000000000000001010000001111011000001100000010000000000000000000000000000000000000000000000000000000001000000000000000000
110000000000000000000010000000000000000000000000000000011001000000011000001001000000000000000000000000000000000000000000001100010000010000000000000010100000000000000000000000000000000000000000010100000100000001000001010000000000000000000000000000000000000000000000000000000000000011011100000000000000
000000000000000000000101000000000000000000000000000000011011000000000000010010000000000000000000000000000000000000000000000011110000001100000000000010100011000000000000000000000000000000000000001000001000111010001110111000000000000000000000000000000000000000000000000000010000000111101100000000000000
000000001100000000000101000000000010000000000000000000000000000000000000011100000000000000000000000000000000000000000000000001000000000100000000000001000111100000000000000000000000000000000000000000000100011100001110111000000000000000000000000000000000000000000000000000111000001100010010000000000000
000000010010000000000010000000000101000000000000000000000000000000000000000000000000000000000000000000000000000000000000000000001100011100000000000000010001100000000000000000000000000000000000000000000101000000001010001000000000000000000100000000000000011100000000000001111100011100100000010000000000
000000001100000000000000000000000011000000000000000000000000000000000000000000000000000000000000000000000000000000001000000000001010000000000000000000101000000000000000000000000000000000000000000000000000000000000000000000000000000000001010000000000000000000000000000010000010001001100000101000000000
000000000000000000000000000000000000000000010110001100000000000000000000000000000000000011100000000000000000000000010100000000000100000000000000000001010000000000000000000000000000000000000000000000000000000000000000000000000000000000001100000000000000000000000000000110010011000111000000110000000000
000000000000000000000000000000000000000001100111111110000000000000000000000000000000000000000000000000000110000000010100000000000000000000000000000000111000000000000000000000000000000000000000000000000001100000000000000000000000000000000000000000000000000000000000001110101011100010000000000000000000
000000000000000000000000000000000000000000000100110001000000000000000000000000000000000000000000000000000110000000001000000000000000000000000000000000001000000000000000000000000000000000000000000000000001100110000000000000000000000000000000000000000000000000000000000110010011000000000000000000000000
000000000000000000000000000000000000000000000011001110000000000000000000000000000000000000000000000000000000000000000000000000000000000000000000000000000100000000000000110000000000000000000000000000000000000100001000000000000010000000000000000000000000000000000000000010000010000000000000000000000000
000000000000000000000000000000000000000000000011111100000000000000000000000000000000000000000000000000000000000000000000000000000000000000000000000000001000000000000000110000000000000000000000000000000000001110001000000000000101000000000000000000000000000000000000000000000000000000000000000000000000
000000000000000000000000000000000000000000000000010000000000000000000000000000000000000001100000000000000000000000000000000000000000000000000000000000111010000000000000000000000000000000000000000000000000000000001010000000001001000000000001000000000000000000000000000000001000000000000000000000000000
000000000000000000000000000000000000000000000000000000000000000000000000000000000000000001100000000000000000000000000000000000000000000000000000000001111010000000000000000000000000000000000000000000000000000000000110000000000110000000000010100000000000000000000000000000111000000000000000000000000000
000000000000000000000000000000000000000000000000000000000000000000000000000000001110000000000000000000000000000100000000000000000000000000011100000001000100000000000000000000000000000000000000000000000000000000000000000000000000000000000100100001000000000000000000000001100000000000000000000000000000
000000000000000000000000000000000000000000000000000000000000000000000000000100001000000000000000000110000000001010000000000000100000000000011100000000111000000000000000000000000000000000000000000000001000000000000111000000000000000000000011000001000000000000000000000001111100000000000000000000000000
000000000000000000000000000000000000000000000000000000000000000000000000000100001100000000000000000110000000001010000000000011000000000000100010000000010000000000000001000000000000000000000000000000011000001000000000000000000000000000000000000001000000000000000000000111010010000001100000000000000000
000000000000000000000000000000000000000000000000000000000000000000000000000000000000000000000000000000011100000100000000000010000000000000111000000000000000000110000001000000000000000000000000000000111000001000110000000000000000000000000000000000000000000000000000001100101110000010010000000000000000
000000000000000000000000000000000000000000000000010000000000000000000000000000000000000000000000000000000000000000000000000000100000000000110000000000000000001001000001000000000000000000000000010000010000000000011000000000000000000000000000000000000000000000000001000100000101000001100000000000000000
000000000000000000000000000000000000000000000000001000000000000000000000000001100000000000000000000000000000000000000000000101100000000000001000110000000000000110000000000000000000000000000000001000011100000000111000000000000000000000000000000000000000000000000001000010001000010000000000000000000000
000000000000000000000000000000000000000000000000111000000000000000000000000011100000000000000000000000000000000000000000000110000100000001001000110000000000000000000000000000000000000000000000000010011001000000100000000000000000111000000000000000000000000000000010000001111000000000000000000000000000
000000000000000000000000000000000000000000000000000000000000000000000000000000000000000000000000000000000000000000000000000000001010000000000011001000000000000000000000000000000000000000000000000100001111000110000000000000000001000100000000000000000000000000000000000000010000000000000000000000000000
000000000000000000000000000000000110000000000000000000000000000000000000000000000000000000000000000000000000000000000000000000010000000000000100001000000000000000000000000000000000011000110000000000011011001101000000000000000010000100000000000000000001110000000000000000100000010000000000000000000000
000000000000110000000000000000000100010000000000000000000000000000000000000000000000000000000000000000000000000000000000001001000100000010001011010000000000000000000000000000000000101000101000000000010000001110000000000000000010000011000000000000000001001100000001000000010000010000000000000001100000
000000000001001000000000000000000100001110000000000000000000000000000001000001100000000000000000000000000000000000000000010000010100000001000000110000000000000000000000000000000000100000001000000000010000000000000000000000000000001011000000000000000011100000000110110000000100001000000000000001100000
000000000001010000000000000000000000000010000000000000000000000000000010100010010000000000001100000000000000000000000000001000001110000000100111000000000000000000000000000000000000100010001000000000000000000000000001100000000000000010111000000000000000010010000110110000000000101100000000000000000000
000000000000100000000000000000000000010000000000000000011000000000000100010010010000000000001100000000000000000000000000000110000110000000000110000000000000000000000000000000000000010000010000000000000000000000000111000000000100000100011000000000000001000010001110100000001110001100000000000000000000
000000000000000000000000000000000000000110011000000000011000000000000010100001100000011000000000000000000000000000000000000011101100000000000000000000000000000000000000000000000000001000100000000000000000000000001001000000001000010111001000111111000000100000011101110000011100000100000000000000000000
000000000000000000000000000000000000001100001100000000000000000000000001000000000000011000000000000000000000000000000000000000101000000000000000000000001000000000000000000000000000000111000000000000000000000000010000000000010000010000000000000000000000111100011000110001100000001000000000000000000000
000000000000000000000000000000000000001110011000000000000000000000000000001100000000000000000000000000000000000000001100000000000000000000000000000000001000000000000000000000000000000000000000000000000100000011101110000000010000001010001000000000000000000000010000010000001001000000000000000000000000
000000000000000000000000000000000000000100100000000000000000000000000000011100000000000000000000000000000000000000010010000011000000000000000000110000001000000000000000000000000000000000000000000000001010000000000000000000010110000000000000000000001100000000001100010001100000000000000000000000000000
000000000000000000000000000000000000000011100000000000000000000000000000110011000000000000000000000000000000000000001100000011000000000000000001001000000000000000000000000000000000000000000000000000001010000000000000000000000010001000100000000000010010000000000101111000001111000000000000000000000000
000000000000000000000000000100000000000001000000000000000000000000000001110000000000000000000000100000000000000000000000000000000000000000000000110000000000000000000000000000000000000000000000000000000100000000000000000000000001001000000000000000110111000000000000000000000000100000000000000000000000
000000000000000000000000000100000000000000000000000000000000000000000000000000100000000000000001011000000000000000000000000000000000000000000000000000000000000000000000000000000000000000000000000000000000000000000000000000000000000000000000000000110000000000000000000000000000000000000000000000000000
000000000110000000000000001010000000000000000000000000000001000000000000110000000000000000000000000100000000000000000000000000000000000000010000000000000000000000000000000000000000000000000000000000000000000000000000000000000000000011111110000001110000000000000000000000000001011000000000000000000000
000000000101000000000010000000001000000000000000000000000101100000000000000000010101100000000000000000000000000000000000000000000000000000010000000000000000000000000000000000000000000000000000000000000000001100000000001100000000000001111111000001110000000000000000010000000011001100000000000000000000
000000000010000000001110000000001000000000000000000000000100100000110000000011011011001000000000000010000000000000000111000000000000000000010000000000000000000000000000000000000000000000000000000000000000001100000000001100000000000000100100100000101000000000000010010000000011001101001110000000001100
000000000000000011111111011011011110000000000000000000000011100000101100000010010010001000000000000000000000000000001011000000000000000000000000000000000000000000000000000000000000000000000000000000000000000000000000000000000000000000000011000000011000000000000010010000000000000100100000000000001100
000110000000000100110000010101000011000000000000000000000010000000001100000010010001001000000011000100000000000000001001000000000000000000000000000000000000100000000000000000000000110000000101000000000000000000000000000000000000000000000000000000000000000110000000100000000000000011100000000000000000
000110000000000111110000010100110001100000000000000111000101000000010000000010010001110000000100011000000000000000000100000000000000000000000000000000000001010000000000000000000000110000000101000000000000000000000000000110000000000000000000000100000000000110000000000000000000000001000000000000000000
000000000000000000000000000000110011000000000000000100101111000000110000000000110001110000000101100000000000000000000000000000000000000000000000000000000000100000000000000000000000000000001000000000000000000000000000001011000001000000000000001010000000000000000000000000000000000000000000000000000000
000000000000000000000000000000110011000000000000000000010110000000100000001100100000000001100100000000000000000000000000000000000000000000000000000000000000000000000000000000000000000000001001000000000000000000000000001001000010100000000000001010000000000000000001000000000000011000000000000000000000
000000000000000000000000011110111011000000000000000010011000000000000001110111000000000010100011000000000000000000001000000000001100000000000000000000000000000000000000000000000000000000001001000000000000000000001000000111000010100000000000000100000000000000000010100000000000000000000000000000000000
000000000000000000000000100001011100000000000000000010000000000010000001100000000000000001000001100000000000000000011100000000010010000000000000000000000000000000000000000000000000000000000110000000000000000000001100000110000001000000000000000000000000000000000011000000000000100000000000000000000000
000000000000000000000000100000010011000000000000000010010000001001001000100000000000000000000000000000000000000000010110000000011010000000000000000000000000000000000000000000000000000000000000000000000000011000001110000000000000000000000000000000000000000000000000000000000000100010000000000000000000
000000000000000000000000100000001101110000000000000001100000001010110100011100000000000001100101100100000000000000110000000000000101000000000000000000000000000000000000000000000000000000000000000000000000011011000000000000000000000000000000000000000000000000000000000000000000110010000000000000000000
000000000000000000000000110100100000010000000000000000000000000000100000001000000000000000000100011010000000000000110000000000000001100000000000000000000000000000000000000000000000000000000000000001000000000100000000000000000000000000000000000000000000000110000000000000000000010010000000000000000000
000000000000000000000000101100101000110000000000011000000000000000000100000000000000000000000010111010000000000000110000000000000100100000000000000000000000000000000000000000000000000000000000000011000000000000000010000000000000000000000000000000000000000110000000000000000000001100000000000000000000
000000000000000000000000111011000000000000000000011000000000000001001001100000000000000000000010100000000000000000000010000000001001000000000000000000000000000000000000000000000001100000000000000000101000000000000010000000000000000000000000000000000000000000000000000000000000000000000000000000000000
000000000000000000000000111000000111000000000000000000000000000001010001100000000000000000000000000000000000000000000110000000000010111100000000000000000000010000000000000000000010010000000000001000100000000000000010000000000000000000000000110000000000000000000000000000000000000000000000000000000000
000000000000000000000000100100000000000000000000000000000000000000000000000000000000000000000000000000000000000000010100000000011001101100000000000000000000101000000000000000000001100000000000011100110110001000000000000000000000000000001000110000000000000000000000000000000000000000000000000000000000
000000000000000000000000110100000000000000000000000000000000000000001000000000000000000111000000000000000000000000100100000000000001000010000000000000000001001000000000000000000000000000000000110111011100011010000000000000011100000000111100000000000000000000000000000000000000000000000000000000000000
000000000100000000000000010110000000000000100000000000011100000000011100000000000000000100100000000000000000000000011000000000000001010100000100000000000000110000000000000000000000000010000001100010001000010010000000000000010010000000000110000000000000000000000000000000000000000000000000000000000000
000000000101000000000100011000100000000001010000000001000100000000100010000000000000011001100000000000000000000000000000000011000000011100000111000000000000000000000000000000110000000101000000010000000000001011000000000000100000000000001011000000000000000000000000000000000000000000000000000000000000
000000000110000000000100000001000000000000110000000110100100000000011001000000000000010100100000000000000000000000000000000000111100000000010110000011100000000000000000000000101000000101000000010000100000000011110110000000000110000000110110000000000000000000000000000000000000000000000000000000000000
000000000000000000000100000000000000000000000000000110011000000000001110000000000000010100000000110000000000000000000001010000001100000000010110000100010000000000000000000000010000000010000000000111000000000001110001000001000110000000001100000000000000000000000000000000000000000000000000000000000000
000000000000000000000000000000000000000000000000000000010000000000000000000000000000001000011000001011000000000000001111010000000100000000100100010000101000000000000000000000000000000000000000000000000000000000100010000001000000000000000000000000000000001100000000000000000000000000000000000000000000
000000000000000000000001110000000000000000000000000111000000000000000000000000000000000000110001111111000000000000000010010110000000000001000010111011001100000000000000000000000000000000000000000000000000000000011000000000010000000000000000000000001100001100000000000000000000000000000000000000000000
000000000000000000000000000001100000000000100000000111110000000000000000000000000000000010010000111110000000000000000001110110000001000001101111110000001100000000000000000000000000000000000000000000000000000110001000000000011100000000000110000000001100000000000000000000000000000000000000000000000000
000000000000000000000000000001100000000001010000000011000000000000000000000000000000000111100000000000000000000000000001111000000010101100111011001001011100000011000000000000000000000000000000000000000000000001010000000000001100000000001001000000000000000000000000000000000000000000000000000000000000
000000000000000000000000000000000000000011011000000011000000000000000000000001100000000100010000000000000000000000000000001000000010101100000011001000000000000011000011000000000000000000000000000000000000000000000000000000000100000000000001000000000000000000000000000100000000000000000000000000000000
000000000000000000000000000000000000000000011000000000000010000000000000000001100000000001001000000000000000000010000000000101000010000010000000000100000000000000000100100000000000000000000000000000000000000000000000000000000000000110010001000000000000000000000000001010000000000000000000000000000000
001000000000000000000000000000000000000000010000000000000100000000000000000000000110000001110000000000000000000101000000000010000001001100000000000000000000000000000011000000000000000000000000000000000000000000000000000000000000001001110001100000000000000000000000001010000000000000000000000000000000
010100000000000000000000000000000000000011001000000000000111000000000000000000000110000000000000000000110000000101000000000000000001101100000000000000000000000000000000000000000000000000000000000000000000000000001000000000000000001000000101000000000000000000000000000100000000000000000000000000000000
010100000000000000000000000000000000000011000110000000000000000000000000000000000000000000000000000010100000000010000000000000000000000000000000000000000000000000000000000000000000000000000000000000000000000000011000000000000000000110000110100000000000000000000000000000000000000000000000000000000000
001000000000000000000000000000000000000000000000000000000000000000000000000000000000000000000000000001000000000000000000000000000000000000000100000000000000000000000000000000000000000000000000000000000000000000011000000000000000000000000000000000000000000000000000000000000000000000000000000000000000
000000000000000000000000000000000001100000000000000000000000000000000000000000000000000000000000000000000000000000000000000011000000000000000100000000000000000000000000000000000000000000000000000000000000000000000000000000000000000000011000000000000000000000000000000000100000000000000000000000000000
000000000000000000000000000000000001100000000000000000000000000000000000000000000000000000000000000000000000000000000000000101101000000000000100000000000000000000000000000000000000000000000000000000000000000000001011000000000000000000010000000000000000000000000000000001010000000000000000000100000000
000000000000000000000000000000000000000000000000000000000000000000000000000000000000000001100000000001000000000000000000000101111000000000000000000000000000000000000000000000000000000000000000000000000000000000001000100000000000000000001000000000000000000000000000000001010000000000000000001010000000
000001011100000000000000000000000000000000000000000000011100000000000000000000000000000010010000000110000000000000000000000000011000000001110001110000000000000000000000000000001110000000000000000000000000000000001000100000000000000000000000000000000000000000000000000000100000000000000000001010000000
000010001100000000000000000000000000000000111000000000000000000000000000000000000000000001100000000000010000000000000000000000100000000000000000000000000000000000000000000000000000000000000000000000000000000000000011000000000000000000011100000000000000000000000000000000000000000000000000000100000000
000010001100000000000000000000000000000000101000000000000000000000000000000000000000000000000000000000010000000000000000001001100000000000000000100001100000000000000000000000000000000000000000000000000000000000000000000000000000000000000000000000000000000000000000000000100000000000000000000000000000
000010010000000000000000000000000000000000111000000000000000000000000000000000000000000000000000001000010000000000000000001000000000000000000000110010010000000000000000000000000000000000000000000000000000000000000000000000000000000000000000000000000000000000000000000000100000000000000000000000000000
000001110000000000000000000000000000000000000000000000000000000000000000000000000000000000000000001101000000000000000000000100000000000010000011001001001000000000000000000000000000000000000000001100000000000000000000000000100000000000011000000000110000000000000000000000000000000000000000000000000000
000000000000000000000000111000000100000000000000000000000000000000000000000000000000000000000000000011100000001100000000000000000000000101000000000000000100000000000000000000000000000000000000000110000000000000000000000000111110000000100100000001000000100000000000000000000000000000000000000000000000
000000000000000000000000000000001010000000000000000000000000000000000000000000000000000000000000000000000000011010000000000000000000000110000100010000000000000000000000000000000000000000000000001000000000000000000000000001000011100000011000000000100001000000000000000000000000000000000000000000000000
000000000000000000000010000010000100000000000000000000000000000000000000000000001000000000000000000000011100001110000000000000000000000000000010011000000000000000000000000011000000000111000000000000000000000000000000000001100000010000000000000000100001000000000000000000000000000000000000000000000000
000000000000000000000010000010000000000000000000000000000000000000000000000000010100000000000000000000100001000110000000000000000000000000000000011000001100000000000000000100100000000000000000000000000000001110000000000000100001001000000000000000001100000000000000000000000000000000000000000000000000
000000000000000000000010000010000000000000000000000001001000000000000000000000000010000000000000000010000001000000000000000000000000000000000000111101010000000000000000000011000000011010101100000000000000000000000000000011101000011000000000000000000000000000000000000000000000000000000000000000000000
000000000000000001000000000000000000000000000000000001011000000000000000000000110100000000000000000001000001001101000000000000000110000000000000000000000000000000000000000000000000010010100000000000000001100000000000000000000111011000000000000000000011000000000000000000110000000000000000000000000000
000000000000001110100000111000000000000000000000000000010000000000000000000000001000000000000000000000111111001000100000000000001001000000110000000000000000000000000000000000000000011101000000000000000001100000000000000000000000001000000000000000000011000000000000000000110000000000000000000110000000
000000000000001111100000000000000000000000000000000000110000000000000000000000000000000000000000000000000101000101000000000000000110000000110000000000000000110000000000000000000000000000000010000000000000000000000000000000000000110000000000000000000000000000000000000000000000000000000000000110000000
000000000000001000000000000000000000000000000000000010100000000000000000000000000000001100000000000000000010000010000000000000000000000000000000000000000001001000000000000000000000000010000010000000000000000000000000000000000000000000000000000000000000000000000000000000000000000000000000000000000000
000000000000000000000000000000000000000000000000000001000000000000000000000000000000001100000000000000000000000000000000000000000000000000000000000000000000110000000000000000000001000000000110000000000000000000000000000000000000000000000000000000000000000000000000000000000000000000000000000000000000
000000000000000000000000000000000000000000000000000000001100000000010000000000000000000000000000000000000000000000000000000000000000000000000000000000000000000000000000000000000010100000011000000000000000000000000000000000000000000000000000000000000000000000000000000000000000000000001100000000000000
000000000000000000000000000000000000000010000000000000010010011000101000000000000000000000000000000000000000000000000000000000000000000000000000000000001000000000000000000000000010100000000000000000000000000000000000000000000000000001000000000000000000000000000000000000000000000000001100000000000000
000000000000000000000000000000000000000010000000000000010111100000000000000000000000000000000000000000000000000000000000000000000000000000000000000000010100000000000000000000000001000000000000000000000000000000000000000000000000000001000000000000000000000000000000000000000000000000000000000000000000
000000000000000000100010000000000000000010000000000000001011100100111000000000000000000000000000000000000000000000000000000000000000000000000000000000010100000000000000000000000000000000000000000000000000000000000000000000000000000001000000000000000000000000000000000000000000000000000000000000000000
000000000000000001000101000000000000000000000000000000000011001000000000000000000000000000000000000000010000000000000000000000100000000000000000000000001000000000000000000000000000000000000100000000000000000000000000000000000000000000000000000000000000000000000000000000000000000000000000000000000000
000000000000000000100001000000000000000000010000000000000001001000000010000000000000000000000000000000101000000000000000000000111000000000000000000000000000000010000000001000000000011000000100000000000000000000000000000000000000011100011100000000000000000000000000000000000000000000000000000000000000
000000000000000000000010000000000000000000101000000000000001001000000101000000000000000000000000000000101000000000000000000000001100000000000000000000000000000010000110101110000000011000000100000000000000000000000000000000000000000000000000000000000000000000000000000000000000000000000000000000000000
000000000000000000000000000000011000000000101000000000000001001000000101000000000000000000000000000000010000000000000000000000100010001100000000000000000000000010001110000011000000000000000000000000000000000000000000000000000000000001000000011000000000000000000000000000000000000000000000000000000000
000000000000001001110000000000100100000000010000000000000001010000000010000000000000000000000000000000000010000000000000000000111100001100000000000000000000000000010000000110000000000000000000000000000000000000000000000000000000000001000000011000000000000000000000000000000000000000000000000000000000
010000000000001100001000000000101000000000000000000000000011000000000000000000000000000000000000000000000010000000000000000000001000000000000000000000000000000000100110000100001000000000000000000000000000000000000000000000000000000001000000000000000000000000000000000000000000000000000000000000000000
101000000000000111011000000000010000000000000000000000000011000000000000000000000000000000000000000000000010000000100000000000000000000000000000000000000001100000011111000001000100000000000000000000000000000000000000000000000001000000000000000000000000000000000000000000000000000000000000000000000000
101000000000000001000000000000000000000000000000000000000011000001100000000000000000000000000000000000000000000000100000000000000000000000000000000000000000100000000001000111100010000000000000000000000000000000000000000000000001000000000000000000000000000000000000000000000000000000000000000000000000
010000000000000100000000000000000000000000000000000000000001100000010000000000000000000000000000000110000000000000100000000000000000000000000000000000000100000000000000000000000100000000000000000000000000000000000000000000000001000000010000000000000000111000000000000000000000000000000000000000000000
000000000110000100000000000000000000000000000000000000000000000001100000000000000000000000000000000110000000000000000000000000000000000000000000000000000110000000000000000000000000000000000000000000000000000000000000000000000000000000101000000000000000000000000000000000000000000000000000000000000000
000000000110000000000000000000000000000000000000000000000000000000000000000000000000000000000000000000000000000000001110000000000011000000000000000000000000000000000000000000100000000000000000000000000000000000000000000000000000011100101000000000000010000010000000000000000000000000000000000000000000
000000111110000000000000000000000000000000000000000000000000000000000000000000000000000000000000000000000000000000000000000000000000011000000000000000000000000000000000000000000011000000000000000000000000000000000000000000000000000000010000000000000010000010000000000000000000000000000000000000000000
000000101000000000000000000000000000000000000000000000000000000000000000000000000000001100000000000000000000000000000000000000000100001000000000000000000000000011000000000000110011000000000000000000110000000000000000000000000000000000000000011000000010000010000000000000000000000000000000000000000000
000000011000000000000000000000000001110000000000000000000000000000000000000000000000001100000000000000001000000000000000000000000100000000000000000000000000000011000000000000011011000000000000000000110000000000000000000000000001000000000000011000000000000000000000000000000000000000000000000000000000
000000000000000000000000000000000000000000000000000000000000000000000000000000100001000000000000000000110110000000000000000000000011000000000000000000000000000000000000000000001001000000000000000000000000000000000000000000000010100000010000000000000000111000000000000000000000000000000000000000000000
000000000000000000000000000000000000000000000000000000000000000000000000000001000000000000000000000000000110000000000000000000000000001000011110000000000000000000000000000000001110000000000000000000000000000000000000000000000100100000010000000000000000000000000000000000000000000000000000000000000000
000000000000000000000000000000000000000000000000000000000000000000010000000000100000010000000000000001000000000011100000000000000110101100011010000000000000000000000000000000000010000000000000000000000000000000000000000000000011000000010000000000000000000000000000000000000000000000000000000000001000
000000000000000000000000000000000000000000010000000000000000001110101000000000001110001000000000000000101000010011000000000000000110001000000100000011000000000000000000000000000000000000000000000000000000000000000000000000000000000000000000000000000000000000000000000000000000000000000000000000010100
000000000000000000000000000000000000000000110000000000000000001000100000000000000000110000000000000000010000100011001000000000000010011011000000000011000000000000000000000000000000000000000000000000000000000000000000000000000000000111000111000000000000000000000000000000000000000000000000000000010100
000000000000000000000000000000000000000000110000000000000000001100000000000000000000000000000000110000000000010001001000000000000100001000100010000000000000000000000000000000000000000000000000000000000000000000000000000000000000000000000000000000000000000000000000000000000000000000000000000000001000
000000000000000000000000000000000000000000100000000000000000000010100000000000000000000010000000110000000000010010001000000000001100001000000010000000000000000000000000000001010000000000000000000000000000000000000000000000000000000000010000000000000000000000000000000000000000000000000000000000000000
000000000000000000000000000000000011000000000000000000000110000001100000000000000000000111000000000000000000000100000000000000000000001100000001000000000000000000000000000000000000000000000000000000000000000000000000000000000000000000010000000000000000000000000000000000000000000000000000000000000000
000000000000000000000000000000000011000000000000000000000110000000000011000000000001111000000000000000011100000000000000000000000001111011000001000000001000000000000000000001010000100000000000000000000000000000000000000000000000000000010000000000000000000000000000000000000000000000000000000000000000
000000000000000000000000000000000000000000000000000000000000000000000001100000000011001100000000000000100010000000000000000000000001110000110100100000010100000000000000000000010001110000000000000000000000000000000000000000000000000000000000000000000000000000000000000000000000000000000000000000000000
000000000000000000000001000000000000000000000000000000000000000000000000000000000000100000000000000100000001000000000000000000000000000000010000100000100000000000000000000000111110110000000000000000000000000000000000000000000000000000000000000000000000000000000000000000000000000000000000000001100000
000000000000000000000001000000000000000000000000000000000000000000000000000000000000010100000000011010001000100000000000000000100000000001100000100000000001000000000000000000111010000011100000000000000000011000000000000000000000000000000000000000000000000000000000000000010000000000000000000001100000
000000000000000000000001000000000000000000000000000000000000000110000000000000000000000100000000000100010100100000000000000001110000001111100000100000000010110000000000000000000111000000000000000000000000101000000000000000000000000000000000000000000000000000000000000000101000000000001110000000000000
000000000000000000000000000000000000000000000100000000000000000110000000000000000000000000000000000000001000100000000001000001011000010000000001000000010001100000000000000000000000000000011000000000000001010000000000000000000000000000000000000000000000000000110000000000101000000000000000000000000000
000000000000000000011100000000000000000000001010000000101000000000000000000000000000000000000000000001000001000000000010100001010000000000000110000000010110000000000000000000000000000000001000000000000000100000000000000000000000000000000000000000000000000001001000000000010000000000000000000000000000
000000000000000000000000000000000000000000000110000001001000000000000000000000000000000000000000000000100010000000000001110001100000001000001000000000000100000000000000000000000001100010001000000000000000000000000000000000000000000000000000000000000000000000110000000000000000000000000000000000000000
000000000000000000000000000000000000000000000000000000101000000000000000000000000000000000000000000000011100000000000000000001100000000110110000000000011000000000000000000000000001100010110000000000000000000000000000000000000000000000000000000000000001000000000000001100000001100000000000000000000000
000000000000000000000011000000000000011000000000000000000000000000000000000000000000000000000000111000000000000000000000000000000000000111111000000001011000000000000000000000000000000001000000000010000000000000000000000000000000000000000000000000000011100000000000010010000001100000000000000000000000
000000000000011100000011000000000000100100000000000000000000000000000000000000000000000000000000101000000000000000001111110000000000111100110000000001000000000000000000000000000000000000000000000101000000000000000000000000000000000000000000000000000011110000000000001100000000000000000000000000000000
000000000000000000000000000000010001001000000000000000000000000000000000000000000010000000000000100100000000000000001011110010000101100100110110000000000000000000000000000000000000000000000000000101000000000000000000000000000000000000000000000000000000010000000000000000000000000000000000000000000000
000000000000000000000000000000010000110000000000000000000000100000000000000000000111100000000000000000000000000000000001110001000100001000010100000000000000000000000000000000000000000001100000000010000000000000000000000000000000000000000000000000000000000001100000000000000000000000000000000000000000
000000000000000000000000000000010000000000000000000000000000100000000000000000001100000000000000000000000000000000000001010010100001101000110000000000000000110000000000000000000000000001100000000000000000000000000000000000000000000000000000000000000000000001100000000000110000000000000000000000000000
000000000000000000000000000000000000000000000000000000000000100000000000000000010000010000000000000000000000000000000001010000000011100000011000000000000000110000000000000000000000000000000000000000000000000000000000000000000000000000000000000000011000000000000010000000110000000000000000000000000000
000000000000000000000000000111000111000000000000000000000000000000000000000000110000000000000000000000000000000010001101010000000001001001011000000000000000000000000000000000000000000000000000000000000000000000000000000000000000000000000000011000010100000000000101000000000000000000000000000000000000
000000000000000000000000000000000000000000000000000000001110001110000000000000010001100000000000000001110000000111111111010000000000111001010000000000000000000000000000000000000000000000000000000000000000000000000000000000000000000000000000100100001000000000001010000000000000000000001100000000000000
000000000000000000000000000000010000000000000000000000000000000000000001100000010001000000000000000001101000001101100100010000000000011100001000000000000000000000000000000001000000110000000000000000000110000000000000000000000000000000000000101000000000000000001100000000000000000000001100000000000000
000000000000000000000000000000010000000000000000000000000000100000000001100000000001000000000000000001001000000111000000000000000000000100001000000000000000000000000000000010100000110000000000000000000110000110000000000000000000000000000000010000000000000000000000000000000000000000000000000000000000
000000111000000000000000000000010000000000000000000000000000100000000000000000000001000000000000000000010000000010000000000000000000000010010000000000000000000000000000000010100000000000000000000000000000000110000000000000000000000000000000000000000000000000000000000000000000011000000000000000000000
000000000100000000000110000000000000000000000000000000000000100000000000000000001001000000000000000000000000000000000000000000000000000011100000000000000000000000000000000001000000000000000000000000000000000000000000000000000000000000000000000000000000000000000000000000000000011000000000000000000000
000000000100000000000110000000000000000000000000000000000000000000000000000000001001000000000000000000000000000000000000000000000000000000000100000000000000000000000000000000000000000000000000000000000000000000000000000000000000000000000000000000000000000000000000000000000000000000000000000000000000
011000000100000000000000000000000000000000000000000000000000000000000000001000000110000000000000000000000000000000000000000000000000000000001110000000000000000000000000000000000000000000000000000000000000000000000000000000001010000000000000000000000000000000000000000000000000000000000000000000000000
100000011000000000000000000000000000000000000000000000000000000000000000001101100001000000000000000000000000000000000000000000000000000000010001001100000000000000000000000000000000000000000000000000000000000000000000000000000001000000000000000000000000000000000000000000000000000000000000001000000000
101100000000000000000000000000000000000000000000000000000000000000000000010111100101000000000011000000000000000000000000000000000000000000011011000000000000000000000000000000000000000000000000000000000000000000000000000000010001010000000000000000000000001100000000000000000000000000000000010100000000
010000000000000000000000000000000000000000000000000000000011000000000000000000000101000000000101100111100000000000000000000000000000000000000000000000000000000000000000110000000000000000000000000000000000000000000000000000110100001100000000000000000000001100000000000000000000000000000000010100000000
000000000011000000000000000000000000000000000000000000000011000000000000001011100010000000000100100100110000000000000000000000000000000000000000000000000000000000000000110000010000000000000000000000000000000000000000000001100000001000000000000000000000000000000000000000000000000000000000001000000000
001100000000000000000000000000000000000000000000000000000000000000000000001001100000000000000001010010011000000000000000000000000000000000000000001010000000000000000000000000010000000000000000000000000000000000000000000001101000001000000000000000000000000000000000000000000000000000000000000000000000
000000110000000000000000000000000110000000000000000000000000000000000000000110000010000000010001010010010000000000000000000000000000000000000000000000000000000000000000000000010000000000000000000000000000000000000000000000001100100000000000000000000000000000000000000000000001000000000000000000000000
000000001000000000000000000000000110000000000000000000000000000000000000000000000010000000010001000001100000000000000000000000000000000000000001101010000000000000000000000000000000000000000000000000000000000000001100000011010000000000000000000000000000000000000000000000000011100000000000000000000000
001000011000000000000000000000000000000000000000000000000000000000000000000000000000000000000001100000000000000000000000000000000000000000000001100000000000000000000000000000000000000000000000000000000000110000011000000110000000000000000000000000000000000000000000000000000110110000000000000010000000
000101010000000000000000000000000000000000000000000000000000000000000010010000000000000000001001000000000000000000000000000000000000000000001111001000000000000000000000010000000000000000000000000000000000110000011000011010011000000000000000000000000000000000000000000000000011100000000110000101000000
000010000000011000000000000000000000000000000000000000000000000000000001100000000000000000000010000000000000000000000000000000000110000000000110101000001110000000000000101000000000000000000000000000000000011100011000100100000000000000000000000000000000000000000000000000000001000000000110000101000000
000000101100011000000000000000000000000000000000000000000000000000000000000000000000000000000000000000000000000000000000000000000110000000000100000000000000000000000000101000000000000000000000000000000000001010000010110000000000000000000111000000000000000000000000000000000000000000000000000010000000
000000110100001000000000000000000000000000000000000000000000000000000000000000000000000000000000000000000000000000000000000000000000000000001101111000000000000000000000010000000000000000000000000000000000001010000100000001000011000000000000000000000000000000000000000000000000000000100000000000000000
000001000000000000000000000001110000000000000000000000000000000000000000000000000000000000000000000000000000000000000000000000000000000000000000001000000000000000000000000000000000000000000000000000000000000100100000000001000000100000000000000000000000000000000000001000000000000000100000000000000000
000000000000000000000000000000000000000000000000000000000000000000000000000000000000000000000000000000000000000000000000000000001000000000000110001000000000000000000000000000000000000000000000000000000000000000001000000000000010100000000000000000000000000000000000011000000000000000100000000000000000
000000000000000000000000000000000000000000000000000000000000000000000000011000000000000000000000000000000000000000000000000000010100000000000000010000000000000000000000000000000000000000000000000000000000000000010000000101000001000000000000000000000000000000000000010100000000000000000000000000000000
000000000000000000000000000000000000000000000000000000000000000000000000011000000000000000000000000000000000000000000000000000001000000000000110100000000000000000000000000000000000000000000000000000000000000000000000010001000000000000000011000000000000000000000000001000000000000000000000000000000000
000000000000000000000000000000000000000000000000000000000000000000000000000000000000000000000000000000000000000000000000000000000000000000000000000000000000000000000000000000000000000000000000000000000000000100000100100110000000000000000011000000000000000000000000001111000000000000000000000000000000
000000000000000000000011000000000000000000000000000000000000000000100000000000000000000000000000000000000000000000000000000000000000000000000000000000000000000000000000000000000000000000000000000000000000000100000100010000000000000001110000000000000000000000000000000011000000000000011000000000000000
000000000000000000000011000000011000000000000000000000000000000001010000000000000000000000000000100000000000000000000000000000001000000000000000000000000000000000000000000000000000000000000000000000000000000100000100000000000000000000000000000000000000000000000000011001100000000000011000000000000000
000000000000000000000000000000011000000000000000000000000000000001000100000001100000000000000000100000001110000000000000000000010100000000000000000000000000000000000000000000000000000000000000000000100000000000000000000000000000000000000000000000000000000000000000011011100000000000000000000000000000
000000000000000000011000000000000000000000000000000000000000000000001100000001100000000000000000100000000000000000000000000000010100000000000000000000000000000000000000000000000000000000000000000001010000000001110000000000000000000000000000000000000000000000000000000001100011000000000000000000000000
000000000000000000100100000000000000000000000000000000000000000001101000000000000000000000000000000000000000000000000000000000001000000000000110000011100000000000000000000000000000000000000000000010010000000000000000000000000000000000000000000000000000000000001100001110100010100001000011100000000000
000000000000000000011000000000000000000000000000000000000000000010101000000000000000000000001110000000000000000000000000000000000000000000001110000000000000000000000000000000000000000000000000000001100000000000000000000000010000000000000000000000000000000000010100000110110001000011100000000000000000
000000000000000000000000000000000000000000000000000000000000000011011000001100000000000000000000000000000000000000000000000000000000000000010011011000001000000000000000000000000000000000000000000000000000000000000000000000101000000000000000000000000000000000011000000001100000000000000000000000000000
000000000001100000000000000000000000000000000000000000000000100000110100001100000001100000000000100000000001110000000000000000000000000000000000101100001000000000000000000000000000000000000000000000000000000000000000000000011000000000000000000000000000000001100000000000000000000000110001000000000000
000000000001100000000000000000000000000000000000000000000001000111110100000000000001100000000000100000000000000000000000000000000000000000001100001010001000000000000000000000000000000000000000000000000000000000000000000000000000000000000000000000000000000010100000000000000001000000111111100000000000
000000000110000000000000000000000000000000000000000000000000110001011100000000000000000000000000100000000000000000000000000000000000000000000010001010000000000000000000000000000000000000000000000000111000000000000000000000000000000000000000000000000000000001000000000000000001110001001110010000000000
000000000110000000000000000000000000000000000000000000000000011100110000000000000000000000000000000000000000000000000000000000000000000000000000001100000000000000000000000000000000000000000000000000101000000000000000000000000000000000000000000000000110000000000000000001110010101000100010110000000000
000000000000000000000000000000000000000000000000000000000000001100100000000000000000000000000000000000000000110000000000000000000000000000000000111100000000001000000000000000000000110110000000000000100000000000000001111000000000001100000000000000001101000000001000001111000000111000011100000000000000
000000000000000000000000000000000000000000000000000000000000000010000000000000000000000000000000000000000000110000000000000000000000000000000000000000000000001000000000000000000000010100000000000011001100000000000001101100000000010010000000000000000001000000000000110011000000011000000100000000000000
000000000000000000000000000000000000000000000000000000000000000010100000000000000000000000000000000000000000000000000000000000000000000000011000000000000000001000000000000000000110011100000000000011000000000000000000000100000000010010000000000000001110000000000111100001100000110000000000000000000000
001100000000000000000000000000000000000000000000000000000000000001100000000000000000000000000000000000000000000000000000000000000000000000100100000000000000000000000000000000000110000100000000000100000000000000000001101000000000001100000000000000011110000000001001000001100000000000000000000000000000
001100000000000000000011100000000000000000000000000000000000000101100000000000000000000000000000000000000000000000000000000000000000000000011000000000000000000000010000000000000000000000010000000100000000000000000000001100000000000000000000000000100000000000001110001011100000000010000111000000000000
000000000000000000000000000000000001100000000000000000000000000100100000000000000000000000000000000000000000000000000000000011100000000000000000000000000000000000010000000000000000000001000110000100000000000000000001100100000000000000000000000000000010000000000011010110000000000101000100110000000110
000000000000000000000000000000000010010000000000000000000000000000000000000000001100000000000000000000000000000000000000000000000000000000000000000000000000000000010000000000000000000000000111000000000000000000000000011000000000000000000000000000010001000000000011011100000000000100100011100000000110
000000000000000000000000000000000001100000000000000000000000000000000000000000001100000000000000000000000000000000000000000000000000000000000000000000000000000000000000000000000000000000000010100101000000000000000000011000000000000000000000000000000111000000000011011100000000000011000001000000000000
000000000000000000000000000000000000000000000000000000000000000000000000000000001111010000000000000000000000000000000000000000000000000000000000000000000000000000000111000000000000000001110001100110001100011000000000000000000111000000000000000000000000000000011011000000000000000000000000000000000000
000000000000000000000001100000000001100000000000000000000000000000000000000000000001110000000000000000000000000000000011000000000000000000000000000000000000000000000000000000000000000010000000000000011000011000000000011100001001000000000000000000000000000000000000000000000000000000000000000000000000
000000000000000000000001100000000010010000000000000000000000000000000000000000000001100000000000000000000000000000000100100000000000000000000000000000000000000000000000000000000000000000001100000000010000000000000000000000000000000000000000001100000000000000000011100000110000000000000000000000000000
000000000000000000000000000000000001100000110000000000000000000000000000000000001100000000000000000000000000011000000011000000000000000000000000000000000000000000000000000000000000000001000000000100110000000000000000000000001111000011000000100010001100000000000000000000110000000000000000000000000000
110000000000001100000000000000000000000001001000000000000000000000000000000000000010000000000000000000000000011000000000000000000000000000000000111000000000000000000000000000000000000000100010000011100000000000000001000000000010110011000000011001001100000001000010000000000000000000000000000000000000
110000000000001100000000000000000000000000110000000000000000000000000000000000001110000000000000000000000000000000000000000000000000000000000000000000000000000000000000000000000000000000000000000001000000000001100001100000000110000000000000001111000000000010110100000000000000000000000000000000000000
000000000000000000000000000000000000000000000000000000000000000000000000000000000000000000000000000000000000000000000000000010000000000000000000000000000000000000000000000000000000000011000100000000000000000001100001010000001100000000000000000000110000000100010100000000000000000000000100001000000000
000000000000000000000000000000000000110000000000000000000000000000000000000000000010100000000000000000000000110000000000000101000000000000000001000000000000000000000000000000000000000100001000000000000000000110000011011000000000000000000000000000100110000101100000000000000000000000000000000010000000
000000000000000000010000000000000001001000000000000000000000000000000000000000000011100000000000001100000000110000000000000101000000000000000001000000000000000000000000000000000000100100000000000000000000010010011111011000000000000000010000000000000110001100000000000000000000000000100000000010000000
000000000000000000101000000000000000110000000000000000000000000100000000000000000011100000000000010100000000000000000000000010000000000000000001000000000000000000000000000000000000000100100000000000000000010100101111010000000000000000100000000000001110000010000000000000000000000000000000000001000000
000000000000000000101000000000000000000000000000000000001000000100000000000000000000000000000000001000010000000000000000000000000000000000001000000000000000000000000000000000000000000111000000000000000000010000010000100000000000000000100000000000000000000010000000000000000000000001100010000110000000
000000000000000000010000000000000000000000000000000000010100000100000000000000000000000000000000000000100010000000000000000000000000000000010100000000000000000000000000000000000000000000000000000000000000000000000000000000000000000000000000000000000000000000000000000000000000000000000000000110000000
000000000000000000000000000000000000000000000000011000110110000000110000000000000000000000000000000000110011000000000000000000000000000000010100000000000000000000000000000000000000000000000000000000000000000000000000000000000000000000000000000000000000000000000000000000000000000000100111111000000000
000000000000000000000000000000000000000000000000100100010110000000110000000000000000000011000000000000100010000000000000000000000000000000001000000000000000000000000000000000000000000000000000000000000000000000000000000000000000000000000000000000000000000000000000000000000000000000110000000000000000
000000011100000000000000000000000000000000000000011000001001110000000000000000000000000011000000000000101100000000000000000000000000000000000000000000000000000011000000000000000000000000000000000000000000000000000000000000000000000000000000000000000000000000000000000000000000000000000000000000000000
000000000000000000000000000000000000000000000010000000000110010000000000000000000000000000000000000000110000000000000000000000000000000000000000000000000000000100100000000000000000000000000000000000000000000001100000000000000000000000000000000000000000000000000000000000000000000000000000000000000000
000000000001000000000000000000000000000000000101000000000110110000000000000000000000000000000000000000000000000000000000000000000000000000000000000000000000000011000000000000000000000000000000000000000000000011011010000000000000000000000000000000000100000000000000000000000000000000000000000000000000
000000000001000100000000000000000000000000000100100000000000000000010100000000000000000000000000000000000000000000000000000000000000000000000000000000000000000000000000000000000000000000000000000000000000000000111110000000000000011100000000000000001010000000000000000000000000000000000001100000000000
000000000001000100000010000000000011100000000110110000000000000000100100000000000000001110000000000000000000000000000000000000000000000000000100000000000000000000000000000000000000000000000000000000000000000000000000000000000000000000000000000111000000000011000000000000000000000000000001100000000000
000000000000000100000010000000000000000000000010100000000000001110011000000000000000000000000000000000000000000000000000000000000001000000000110000000000000000000000000000000000000000000000000000000000000010000011100000000000000000001000000000110000000000011000000000000000000000000000000000000000000
000000000000000000000010000000000000001000000001000000000000001110000000000000000000000000000000000000000000000000000000000000000011000000110011000000000000000000000000000000000000000000000000000000000000101000000000000000000000000001000000010010000000000000000000000000000000000000000000000000110011
000001000000000000000000000000000000001000000000000000000000000000000000000000000000000000000000000000000000000000000000000000000000000010110010000000000000000000000000000000000000000000000000000000000001000001000000000001100000000001000000011100100000000000000000000000000000000000000000000000110011
000001000000000000000000000000000000001000000000000000000000000000000000000000000000000000000000000000000100000000000000000000000000101000010110000000000000000000001110000000000000000000000000000000000000101110100000110010110000000000000000100100100000011100000110000000000000000000000000000000000000
000001000000000000000000000000000000000000000000000000000001110000000000000000000000000000000000000000001010000000000000000000000000110111001100000000000000000000010001000000000000000000000000000000000000010010100001010000110000000000000000101000000000000000000110000000000000000000000000000000000000
000000000000000000000000000000000011100000000000000000000000000000000000000000000000000000000000000000000110000000000000000000000001100000000000000000000000000000010001000000000000000000000000000000000000000000000001000010110000000000000000011000000000000000000000000000000000000000000001000000000000
000000000000000000000000000000000000000000000000000000000000000000000000000000000000000000000000000000000000000000000000000000011100000011000000000000000000000000001111000000000000000000000000000000000000000000000001010001100000000000000000000000000000000000000000000000000000000000000001000000000000
000000000000000000000000000000000000000000000000000000000000000000000000000000000000000000000000000000000000000000000000000000000100000011000000000000000000000000000100000000000000000000000000000000000000000000000000110001000000000000000000000000000000000000011000110000000000000000000001000000000000
000000000000000001100000000000000000000000100000000000000000000000000000000000000000000000000000000000000000000110000000000000000000000000000000000000000000000000000010000000000000000000000000000000001000000000000000100000000000000000000000000000000000000000011000110000000000000000000000000000000000
000000000000000001100000000000000000000001110000000000000000000000000000000000000000000000000000000000000000000110000000000000000000100000000000000000000000000000000101000000000000000000000010001100010100000000000000000000000000000000000000000000000000000001000000000000000000000000001000000000000000
000000000000000000000000000000000000000011001000000000000000000000000000000001100000000000000000000000000000000000000000000000000001010000000000000000000000000000000011000000000000000000001111000100011100000000000011100000000000000000000000000000000000000001000000000000000000000000001000000000000000
000000000000000000000000000000000000000001011100000000000000000000000000000010010000000000000000000000000000000000000000000000000001010000000000000000000000000000000011000000000000000000010110000110111000000000000000000000000011000010000000000000000000000001000000000000000000000000001000000000000000
000000000000000000000000000000000000000000100100000000000000000000000000000010100000000000000000000000000000000000000000000000000000100000000000000000000000000000000000000000000000000000110000001111000000000000000000000000000000100101000000000000000000000000000001000000000000000000000000000001000000
000000000000000000000000000000000000000000000111000000000000000000000000000001000000000000000000000000000000000000000000000000000000000000000000000000000000000000001100000000000000000000011100010011110000000000000000000000000100000010000000000000000000000000001000100000000000000000000000000010100000
000000000000000000000000000000000000000000110011000000000000000000000000000000000000000000000000000000000000000000000000000000000000000000000000000000000000000000001001000000000000000000001100010110110000000000000000000000000011000000000000000000000000000000010000100000000000000000000000000010100000
000000000000000000000000000000000000000001000000000000000000000000000000000000000000000000000000000000000000000000000000000000000000000000000000000000000000000000010000100000000000000000000000001111000000000000000000000000100000000000000000000000000000000000010000110000000000000000000000000001000000
000000000000000000000000000000000000000001010111000000000000000000000000000000000000000000000000000000000000000000000000000000000000100000000000000000000000000000010000100000000000000000000000000000000000000000000000000000100000000000000000000000000000000000011100100000000000000000000000000000000000
000000000000000000000000000000000000000000100000000000000000000000000000000000000000000000000000000000000000000000000000110000000001010000000000000000000000000000110001000000000100000000000000000000000000000000000000000000100000000000000000000000000000000000000011000000000000011000000000000000000000
000000000000000000000000000000000000000000000000000000000000000000000000000000000000000000000000000000000000000000000000110000000001010000000000000000000000000001000110000000000100000000000000000000000000000000000000000000000000000000000000000000000000000000011110000000000000011000000000000000000000
000000100000000000000000000000000000000010110000000000000000000000000000000000000000000000000000000000000000000000000000000000000000100000000000000000000000000001111000000000000100000000000000000000000000000000000000000000000000000000000000000000000000000000010100000000110000000000000000000000000000
000001010000000000000000000000000000000010010000000000001100000000000000000000000000000000000000000000000000000000000000000000000000000000000000000000000000000000000000000000000000000000000000000000000000000000000000000000000001000000000000000000000000000000001000000001010000000000000000000000000000
000001010000000000000010000000000000000011100000000000010100000000000000000000001110000000000000000000000000000000000000000000011000000011000000000000000000000000110000000000000000000000000000000000000000000000000000000000000001000000000000000000000000000000000000000000100000000000000000000000000000
000000100000000000000010000010100000000000000000000000011000000000000001100000000010000000000000000000000000000000000000000000100100000100100000000000000000000000000000000000000000000000000000000000000000000000000000000000000001000000000000000000000000000000000000000000000000000000000000000000000000
000000000000000000000010000110000000000000000000000000000000000110000001100000000100000000000000000000000000000000000000000000011000000011000000000000000000000000000000000000000000000000000000000000000000000000000000000000000000000000000000000000000000000000000000001000000000000000000000000000011000
000000000000000000000000000000110000000000000000000000011000000110000000000000000000000000000000000000000000000000000000000000000000000000000000000000000000000000000000000000000000000000000000000000000000000000000000000111000000000000000000000000000000000000000000001000000000000000000000000000011000
000000110000000000000000000000000000000000000000000000011000000000000000000000000000000000000000000000000000000110000000000000000000100000000000000000000000000000000000000000000000000000000000000000000000000000000000000000000000000000000000000000000000000000000000001000000000000000000000000000000000
000000110000000000000000000000000000000001100000000000000000000000000000000000000000000000000000000000000000001001000000000000000001010000000000000000000000000000000000000000000000000000000000000000000000000000000000000000010000000000000000000000000000000000000000000000000000000000000000000000000000
000000000000000000000000000000000000000010010000000000000000000000000000000000000000000000000000000000000000000101000000000000000001010000000000000000000000000000000000000000000000000000000000000000000000000000000000011000010000000000000000000000000000000000000000000000000000000000000000000110000000
000000000000000000000000000000000000000001010000011000000000000000000000000000000000000010101000000011000000000010000000000000000000100000000000000100000000000000000000000000000000111000000000000000000000000000000000100100010000000000000000000000000000000000000000000000000011000000000000000110000000
000000000000000000000000000000000000000000100000100100000000000000000000000000000000000101011100000110100000000000000000000000000000000010000000000100000000000000000000000000000000000000000000000001100000000000000000011000000000000000000000000000000000011000000000000000000100100000000000000000000000
000000000000000000000000000000000000000000000000100100000000011100000000000000000000000101011001010000110000000000000000000000000000000101000000000100000000000000000000000000001100000001000000000010010000000000000000000000000000000000000000000000000000011000000000000000000011000000000000000000000000
000000000000000000000000000000000000000000000000011000000000100010000000000000000000001100000010010001100000000000000000000000011000000101000000000000000000000000000000000000001100000010100000000001100000000011000110000000000000000000000000000000000000000000000000000111000000000000000000000000000000
000000000000000000000000000000000000000000000000000000000001000110000111000000000000011000000010010000000000000000000000000000100100000010000000000000000000000000000000000000000000000010100000000000000000000011000110000000000000000011000000000000000000000000000000000000000000000000000000000000000000
000010000000000000000000000000000000000000000000000000000010000000000111000011100000011000100000000000000000000000000000000000100100000000000000000110000000000000000000000000000000000001000000000000000000000011000000000000000000000100100000000000000110000000000000000000000000000000000000000000000000
000101000000000000000000000000000000000000000000000000000010010000000000000111100000000000101000000000011000000000000000000000011000000000000000001001000000000000000000000000000000000000000000000000000000000010000000000000000000000101000000000000001001100000000000001000000000000000000000000000000000
000110000000000000000000000000000001000000000000000000000010000000000000001011000000000000000000000000011000000000000000000000000000000000000000000110000000000000000000000000110000000000000000000000000000000000100000000000000000000010000000000000001000100000000000010100000000000000000000000000000000
000000000000000000001100000000000010100000000000000000000000010000000111001010110000110000000000000000000000000000000000000000000000000000000000000000000000000000000000000000101000000000000001100000000000000001100000000000000000000000000000000000000100000000000000010100000000000000000000000110000000
000000000000000000010010000000000010010000000000000000000000000000000111000000110000110000000000000000000000000000000000000000000000000000000000000000000000000000000000000000010000000000000000000000000000000000000000000000000000000000000000000000000000100000000000001000000000000000000000000110000000
000000000000000000001100000000000001100000000000000000000000010000000000000010110000000000000000000000000000000000000000000000000000000000000000000000000000000000000000000000000000000000000000000000000000000000000000000000000000000000000000000000000010000000000000000000000000000000000000000000000000
000000000000000000000000000000000000000000000000000000000010000000000000000110000000000000000000000000000011000000000000000000000000000000000000000000000000000001100000000000000000000000000000001000000000000000000000000000000000000000000000000000000011000000000000000000000000000000000000000000000000
000000000000000000000000000000000000000000000000000000000010010000000000000011000000000000000000000000000100100000000000000000000000000000000000000000000000000001100000000000000000000000000000010001100000000000010100000000000000000000000000000001100000000000000000000110000000000000000010000000000000
000000000000000000000000000000000000000000000000000000000010000000000011110000000000000000000000000000000011000000000000000000000000000000000000000000000000000000000000000000000000000000000000000001100010000000010100000000000000000000000000000011000000000000000000000110000000000000000101000000000100
000000000000000000000000000000000000000000000000000000000001000110000100111000000000000000000000000000000000000000000000000000000000000000000001110000000000000000000000000000000000000000000000100000000101000000011100000000000000000000000000000000000000000000000000000000011100000000000101000000001010
000000000000000000000000000000000000000000000000000000000000100010000010001000000000000000000000000000000000000000000000000000000000000000000000000000000000000000000000000000000000000000000001010000001000000000000000000011100000000000000000000000000011100001100000000000000000000000000010000000001001
000000000000000000000000000000000000000000100000000000000000011100000010010000000000000000000000000000000000000000000000000000000000000000000000000000000000000000000000000000000000000000000010000000000100100000000000000000000000000000000000000000000001100001100000000001000001000000000000000000000110
000000000000000000000000000000000000000001010000000000000000000000000001110000000000000000000000000000000000000000000000000000000000000000000000000000000000000000000000000000000000000000000001100000010010001100000000000000000110000000000000000000000000000000000000000001000001000000000000000000000000
000000000000000000000000000000000000000001010000110000000000000000000000000000000000000000000000000000000011000000000000000000000000000000000000000000000000000000000000000000000000000000000000000000111001010010000000000000000110000000000000000000000000000000000000000001000001000000000000000000000000
000000000000000000000000000000000000000000100000110000000000000000000000000000000000000000000000000000000011000000000000000000000000000000000000000000000000000000000000000000000000000000000000000000111000000010000000000000000000001100000000000000000000000000000000000000000000000000000000000000000000
000000000000000000000000000000000000000000000000000000000000000000000000000000000000000000000000000000000000000000000000000000000000000000000000000000000000000000000000000000000000000000000000000000000000001100000000000000000000001100000000000000000110000000000000000000011100000000000000000000000000
000000010000000000000000000000000000000000000000000000000000000000000000000000000000000000000000000000000000000000000000000000000000000000010000000000000000000000000000000000000000000000000000000000000000000000000000000011000000000000000000000000000110000000000000000000000000000000000000100000000000
000000010000000110000011000000000000000000000000000000000000000000000000000000000000000000000000000000000000000000000000000000000000000000010000000000000000000000000000000000000000000000000000000000000001100000000000000001100000000000000000000000000000000000000000000000000000000000000000100000000000
000000010000000011000110000001110000000000000000000000000000000000000000000000000000000000000000000000000000000000000000000000000000000000010000000000000000000000000000000000000000000000000000000000000011000000000000000010000000000001110000000000000000000000000000000000000000000000000000100000000000
000000000000010010101010010000000000000000000000000000000000000000000000000000000000000000000000000000000000110000000000000000000000000000000000000000000000000000000000000000000000000000110000000000000011011000000000000000000000000000000000000000000000000000000000000000000000000000000000000000000000
000000000000011101101101110000000000000000000000000000000000000000000000000000000000000000000000000000000000110000000000000000000000000000000000000000000000000000000000000000000000000001001000000000000011001000000000000000000000000000000000000000000000000000001100000000000000000000000000000000000000
000110000000001010101010100000000000000000000000000000000000000000000000000000000000000000000000000000000000000000000000000000000000000000000000000000000000000000000000000000000000000001001000000000000001011000000000000000000000000000000000000000000000000000001100000000000000000000000000000000000000
000110000000000111000111000000000000000000000000000000000000000000000000000000000000000000000000000000000000000000000000000000000000000000000000000000000000000000000000000000000000000000110000000000000000100000000000000000000000000000000000000000000000000000000000000000000000000000000000000000000000
