300 300
000000000000001100000000000000000000000000000000000000000000000000000000000000000000000011000110000000000000000000000000000000000000000000010000000000000000000000000100000000000000000000000010000000000000000000011000000000000001000000000000000000000000000000000000000000000000000000000000000000000000
000000000000010010011100000000000000000000000000000000000000000000000000000000000000001010101010100000000000000000000000000000000000000000101000000000000000000000000100000000000000001100000010000000000000110000100101100000000010100000001100000000000000000000000000000000000000000000000111000000000000
000000000000001100000000000000000000000000000000000000000000000000000000000000000000111001101100111000000000000000000000000000000000000000101000000000000000000000000100000000000000001100000010000000000000110000110010000000000011000000010010000000000000000000000000000000000000000000000000000000000000
000000000000000000000000000000000000000000000000000000000000000000000110000110000000000000000000000000000000000000000000000000000000000000010000000000000000000000000000000000000000000000000000000000000000000000011000000100000000000000010100000000000000000000000000000000000000000000000000000000000000
000000000000000000000000000000000000000000000000000000000000000000001001000110000000000011000110000000000000000000000000000000000000000000000000000000000000000000000001110000000000000000000000000000000000000000000000000100000000000000001000000000000000000000000000000000000000000000000000000000000000
000000000000000000000000000000000000000000000000000000000000000000000110000000000000000010000010000000000000000000000000000000000000000000000000000000000000000000000000000000000000000000000000000000000000000000000001100010000000000000000000000000000000000000000000000000000000000000000000000000000000
000000000000000000000000000000000000000000000000000000000000000000000000000000000000000010000010000000000000000000000000000000000000000000000000000000000000000000001000000000000000000000000000000000000000000000000110010010000000000000000000000000000000000000000000000000000000000000000000000000000000
000000000000000000000000000000000000000000000000000000000000000000000000000000000000000000000000000000000000000000000000000000000000000000000000000000000000000000011000000000000011000000000000000000000000000000011011011100000000000000000000000000000000000000000000000000000000000000000000000000000000
000000000000000000000000000000000000000000000000000000000110000000000000000000000000000000000000000000000000000000000000000000000000000000000000000000000000000000010000000000000011000000000000000000000000000000100011001110000000000000000000000000000000000000000000000000000000000000000000000000000000
000000000000000000000000000000000000000000000000000000000101000000000000000000000000000000000000000000000000000000000000000000000000000000000000000000011100101000000000000000000000000000000000000000000000000000010010000011000000000000000000000000000000000000000000000000000000000000000000000000111000
110001100000000000000000000000000000000000000000000000000010000000000000000000000000000000000000000000000000000000000000000000000000000000000000000000011100101100000001100000000000000000000000000000000000000000001110000100100000000000000000000000000000000000000000000000000000000000000000000000000000
110001100000000000000000000000000000000000000000000000000000000000000000000000000000000000000000000000000000000000000000000000000000000000000000000000000000101000000001100000000000000000000000000000000110000000000000000010100000000000000000000000000000000000000000000000000000000000000000000000000000
000000000000000000000000000000000000000000000001000000000000000000000000000000000000000000000000000000000110000000000000000000000000000000000000000000000000000110101111000000000000000000000000000000001100000000000000000001000000000000000000000000000000000000000000000000000000000000000000000000000000
000000000000000000000000000000000000000000000001000000000000011000000000000000000000000000000000000000000110000000000000000000000000000000000000000000000001000100000010000000000000000000000000000000000010000000000000000000000000000000000000000000000000000000000000000000000000000000000000000000000000
000000000001100011000000000000000000000000000001000000000000011000000000000000000000000000000000000000000000000000000000000000000000000000011000000000000000000100000000000000000000110000000000000000000000000000000000000000000000000000000000000000000000000000000000000000000000000000000000000000000000
000000000001100011000000000000000000000000000000000000000000000000000000000000000000000000000000000000000000000000000000000000000000000100011000000000000000001101110100000000000001001000000000000000000000000000000000000000000000000000000000000000000000000000000000000000000000000000000000000000000000
000000000000000000000000000000000000000000110000000000000000000000000000000000000000000000000000000000000000000000000010000000000000001010000000000000000000011000000000001100000000110000010000000000000000000000000000000000000000000000000000000000000000000000000000000000000000000000000000000000000000
000000000000000000000000000000000000000000110000110000000000000000000000000000000000000000000000000100000000000000000010000000000000000110000000011000000000010000000000001100000000000000010000000000000000000000000000000000000000000000000000000000000000000000000000000000000000000100000000000000001100
000000000000000000011100000000000000000000000000110000000000000000000000000000000000000000000000000100001100000000000010000000000000000000000000011000000000000000000000000000000000000000010000000000000000000000000000001000000000000000000000000000000000000000000000000000000000001110000000000000010100
000000000000000000000000000000000000000000000000000000000000000000000000000000000000000000000000000100001110000000000000000000100000000000000000000000000000000000000000000000000000000000000000000000000000000000000000010100000000000000000000000000000000000000000000000000000000010111000110000000001000
000000000000000000000001000000000000000000000000000000000000000000000000000000000000000000000000000000000011000000000000000000100000000000000000000000000000000000000000000000000000000000000000000000000000000000000000010100000000000000000000000000000000000000000000000000000000111000000100011000000000
000000000000000000000001000000000000110000000000000000000000000000000000000000000000000000000000100000001110000000000000000000100000000000000000000000000000000000000000000110000000000000000000000000000000000000000000001000000000000000000000000000000000000000000000000000000000001011000000000010000000
000000000000000000000001000000000000110000000000000000000000000000000000000000000000000000000010100000001100000000000000000000000000000001100000000000000000000000000000000110000000000000000000000000000000000000000000000000000000000000000000000000000000000000000000000000000000001110000000000010000000
000000000000000000001100000000000000000000000000000000000000000000000000000000000000000000000001100000000000000000000000000000001110000001100000000000011000000000000000000000000000000000000000000000000000000000000000000000000000000000000000000000000000000000000000000000000000000100000010000010001000
000000000000000000001100000000000000000000000000000000000000000000000000000000000000000000000000000000000000000000000000000000000000000000000000000000100100000000000000000000000000000000000000000000000000000000000001000000000000000000000000000000000000000000000000000000000000000000000001000100001000
000110000001110000001100000000000000000000000000000000000000000000000000000000000000000000000000000110000000000000000000000000000000000000000000000000101000000000000000000000000000000000000001100000000000000000000110100000000000000000100000000000000000000000000000000000000000000000000001000100001000
001001000000000000000000000000100000000000000000000000000000000000011000000000000000000000000000000110000000000000000000000000000000000000000000000000010000000000000000000000000000000000000010010000000000000000000111110000000000000001010000000000000000000000000110000000000000000000000000010000000000
001010000000101100000000000001010000000000000000000000000000000000110100000000000000000000000000000000000000000000000000000000000000000000000000000000000000000000000000000000000000000000000001010000000000000000000000011000000000011001010000000000000000000000000110000000000000000000000000000000000000
000100000000000010000000000000011000000000000000000000000001100000000100000000000000000000000000000000000000000000000000000000000000000000000000000000000000000000000000000000000000000000000000100000000000000000000100110000000000011000100000000000000000000000000000000000000000000000000000000011000000
000000000000000001100000000000011000000000000000000000000001100000001000000000000000000000000000000000000000000000000000000000000000000000000000000000000000000000000000000000000000000000000000000000000001100000000101000000000000000000000000000000000000000000000000000000000000000000000000000100100000
000000000110010000010000000000111000000000000000000000000000000110001000000000000000000000000000000000000000000000000000000010000000000000000000000000000000000000000000000000000000000000000000000000000001100000000001100000000000000000000000000000000000000000000000000000000000000000000000000011000000
000000000000010000000100000000010000000000000000000000000000001000100000000000000000000000000000000000000000000000000000000101000000000000000000000000000000000000000000000000000000000000000000000000000000000000000000000000000000000000000000000000000000000000000111000000000000000000000000000000000000
000000000000000110000100000000111000000000000000000000000000010010000000000000000000000000000000000000000000000000000000000010000000000000000000000000000000000000000000000000000000000000000000000000000001100000000100100000000000000000000000000000000000000000000000000000000000000000000000000000000000
000000000000000000100000000000000100000000000000000000000000001100000000000000000000000000000000000000000000000000000000000000000000000000000000000000000000000000000000000000000000000000000000000000000001100000000100010000000000000000000000000000000000000000010000010000000000000000000000000000000000
000000000000011110001110001100011000000000000000000000000000000000000000000000000000000000000000000000000000000000000000000000000000000000000000000000000000000000000000000000000000000000000000000000000000000000000100100000000000000000000000000000000000000000010000010000001100000000000000000000000000
000000000000010110000000001100010000000000000000000000000000000000000000000000000000000000000100000000000000000000000000000000000000000000000000000000000000000000000000000000000000000000000000000000000000000000000100000000000000000000000000000010000000000000010000010000001100000000000000000000000000
000000000000000000000000001010000000000000000000000000000000000000000000000000000000000000001010000000000000000000100000000000000001000000000000000000000000000000000000000000000000000000000000000000000000000000000010100000000000000000000000000101000000000000000000000000000000000000000000000000000000
000000000000001100000000000000100000000000000000000000001110000000000000000000000000000000001010000000000000000001010000000000000010100000000000000000000000000000000000000000000000000000000000000000000000000000000000100000000000000000000000001101100000000000000111000000000000000000000000000000001100
000000000000001111100000000000010000000000100000000000010001000000000000000000000000000000000100000000011000000000100000000000000010100000000000000000000000000000000000000000000000000000000000000000000000000000000010000000000000000000000000000101000000000000000000000000000000000000000000000000001100
000010000000000000000000000100010000000001010000000000100100100000010100000000000000000000000000000000011000000000000000000000000001000000000000000000000000000000000000000000000000000000000000000000000000000000001100000000000000000000000000001000100000000000000000000000000000000000000000000000000000
000010000000000100000000000001100000000010010000111000000100010000010100000000000000000000000000000000000000000000000000000000000000000000000000000000000000000000000000000000000000000000000000000000000000000000000110000000000000000000000000001100000000000000000000000000000000000000000000000000000000
000010000000000101100000000000000010000001100000000001110010100000001110000000000000000000000000000000000000000000000111001010000000000000000000000000000000000000000010000000000000000000000000000000000000000000000011010000000000000000000000000010110000000000000000000000000000000000000000000000000000
000000000000000011000000000000000101000000000000000010100011000000000011000000000000000000000000000000000000000000000000001010000000000000000000000000000000000000000110000000000000000000000000000000000000000000000001100000000000000000000000000010110000000000000011000000000000000000000000000000000000
000000000000000000000000000000000101000000000000000011000000001100000011000000000000000000000000000000000000001000010000000000000000000000000000000000000000000000000000000000000000000000000000000000000000000000000000100000000000000000000000000001000000000000000011000000000000000000000000000000000000
000000000000000000000000000000000010000000000000000011000000000000000000000000000000000000000000000000000000001000010000011000000000000000000000000000000000000000000000000000000000000010000000000000011000000000000000000000000000000000000000000000000000000000000000000000000000000000000000000000000000
000000000000000000000000000000000000000000000000000000000000000000000000000000000000000000000000000000000000001000010000010000000000000000000000000000000000000000000000000000000000000101000000000000100100000000000000000000000000000110000000000001100000000000000000000000000000000000000000000011110000
000000000000011000000000000000000000000000000000001100000000000000000000000000000000000000000000000000000000000000000000000000000000000000000000000000001100000000000000000000000000000101000000000000011000001101011000000000000001000000000000000001100000000001000000000000000000000000000000000010010000
000000000000100100000000000000000000000000000000010000011100000000000000000000000000000000000000000000000000000000000111000000000000000000000000000000001100000000000000000000000000000010000000000000000000001001011000000010000001100110000000000000000000000010100000000000000000000000000000000001001000
000000000000010100000000000000000000000000000000001100000000000000000000000000000000000000000000000000000000000000000000000000000000000000000110000000000000000000000000000000000000000000000000000000000000001000000110000101000000001000100000000000000000000010100000000000000000000000000001100001100000
000000000000001000000000000000000000000000000000000000010100000000000000000000000000000000000000000000000000000000000000000000000000000010000101000000000000000000000000000000000000000000000000000000000000000011000110000101000000001000010000000000000000000001000000000000000000000000000001100011001110
000000000000000000000000000000000000000001000000000000001000000000000000000000000000000000000000000000000000001000000000000000000000001101000010100000000000000000000110000000000000000000000000000000000000000011001100100010000000000101000000000000000000000000000000000000000000000000000000000010000000
000000000000000000000000000000000000001000000000000000000000000000000000000000000000000000000000000000000000001000000000000110000000001000100001000000000010000000000110010000000000000000000000000000000000001000001001000000000000000000000000000000000000000000000000000000000000000000000000000000001000
000000000000000000000000000000000000111111000000000000000000000000000000000000000000000000000000000000000000001000000000011110000000001111000000000000000111000000000111101100000000000000000000000000000000010010001010000000000000000000000000000000000000000000000000000000000000000000000000000011110000
000000000000000000000000000000000001000001010000000000000000000000000001000000000000000000000000000000000000000000000000010001000000000011000000000000011010100000000000110010000000000000000000000000000000010000010000000000000000100000000000000000000110000000000000000000000000000000001100000001110000
000000000000000000000000000000000001011101011000000000110000000000001110110000000000000000000000000000000000000000000000000101000000000000000000000000001000110000000111011011000000000000000000000000000000111010000000000000000001001000000000000000000110000000000000000000000000000000001100000000000000
000000000000000000000000000000000000111111000001100001100000000000001111111110000000000000000000000000000000000000000000001001000000000000100000000000101001100000000110011110000000000000000000000000000000111011000000000000001000101000000000000000000000000000000000000000000000000000001000000000000000
000000000000000000000000000000000000000011111110100000010000000000001011111010000000000000000000000000000000000000000000110010000000000011000000000000110000000000000100110100000000000000000000000110000000011000000111000000010100010000000000000000000000000000000000000000000000000010000000000000000000
110000000000000000000000000000000000000000000100000000000001100000010101100000100000000000000000000000000000000000000000011100000000000100100000000000110010000000000011000000000000000000000000001010000110011110001010000000000000000000000000000000000000000000000000000000010000000100001000000000000000
110000000000000000000010000000000000000000000000000000000001100000011110111010100000000000000000000000000000000000000000010000000000001100000000000000100110000000000001000000000000000000000000010100001100000100011110000000000000000000000000000000000000000000000000000000010000000100000110000000000000
000000000000000000000101000000000000000000000000000000110001100000001100000000000000000000000000000000000000000000000000000000010000111011000000000000100000000000000000000000000000000000000000001000000110000010110010000000000000000000000000000000000000000000000000000000000000001100000010000000000000
000000001100000000000101000000000010000000000000000000001010000000000000110110000000000000000000000000000000000000000000000000001000110111000000000000000010000000000000000000000000000000000000000000000001000000010011000000000000000000000000000000000000000000000000000001010100001111111100000000000000
000000010010000000000010000000000101000000000000000000000000000000000000110110000000000000000000000000000000000000000000000000011100111110000000000000100010000000000000000000000000000000000000000000000101000000011010000000000000000000000100000000000000011100000000000001111100000100101100010000000000
000000001100000000000000000000000011000000000000000000000000000000000000001000000000000000000000000000000000000000001000000000000110001000000000000001111000000000000000000000000000000000000000000000000010000000000000000000000000000000001010000000000000000000000000000110111011000010100000101000000000
000000000000000000000000000000000000000000011000000000000000000000000000000000000000000011100000000000000000000000010100000000000000000000000000000001000100000000000000000000000000000000000000000000000000000000000000000000000000000000001100000000000000000000000000000011010110000011000000110000000000
000000000000000000000000000000000000000000011000000011000000000000000000000000000000000000000000000000000110000000010100000000000000000000000000000000111000000000000000000000000000000000000000000000000001010000000000000000000000000000000000000000000000000000000000110000101000000001000000000000000000
000000000000000000000000000000000000000000001010000100100000000000000000000000000000000000000000000000000110000000001000000000000000000000000000000000100000000000000000000000000000000000000000000000000001001000000000000000000000000000000000000000000000000000000000001000010000000011000000000000000000
000000000000000000000000000000000000000000000001000011000000000000000000000000000000000000000000000000000000000000000000000000000000000000000000000000011000000000000000110000000000000000000000000000000000001000001000000000000010000000000000000000000000000000000000000000000000000010000000000000000000
000000000000000000000000000000000000000000000110000000000000000000000000000000000000000000000000000000000000000000000000000000000000000000000000000000000000000000000000110000000000000000000000000000000000010000010000000000000101000000000000000000000000000000000000000000000000000000000000000000000000
000000000000000000000000000000000000000000000000000000000000000000000000000000000000000001100000000000000000000000000000000000000000000000001000000011001000000000000000000000000000000000000000000000000000001010001010000000001001000000000001000000000000000000000000000000111000000000000000000000000000
000000000000000000000000000000000000000000000000000000000000000000000000000000000100000001100000000000000000000000000000000000000000000000011100000011000100000000000000000000000000000000000000000000000000000100000011100000000110000000000010100000000000000000000000000000110000000000000000000000000000
000000000000000000000000000000000000000000000000000000000000000000000000000000011011000000000000000000000000000100000000000000000000000000110100000010000100000000000000000000000000000000000000000000000000000000001101100000000000000000000100100001000000000000000000000000000100000000000000000000000000
000000000000000000000000000000000000000000000000000000000000000000000000000000010010000000000000000110000000001010000000000000000000000000000000000000000100000000000000000000000000000000000000000000011000000000001001000000000000000000000011000001000000000000000000000000011100000000000000000000000000
000000000000000000000000000000000000000000000000000000000000000000000000000000001100000000000000000110000000001010000000000000000000000000000000000000111000000000000001000000000000000000000000000000011000000000001010000000000000000000000000000001000000000000000000001011000010000001100000000000000000
000000000000000000000000000000000000000000000000000000000000000000000000000000000000000000000000000000011100000100000000000000000000000000000000000000111000000110000001000000000000000000000000000000000000000000111100000000000000000000000000000000000000000000000000001010001110000010010000000000000000
000000000000000000000000000000000000000000000000000000000000000000000000000000000000000000000000000000000000000000000000001100000000000001110000000000000000001001000001000000000000000000000000000000000000000001001000000000000000110000000000000000000000000000000000000001100010000001100000000000000000
000000000000000000000000000000000000000000000000001000000000000000000000000000000000000000000000000000000000000000000000001111110000000000111100000000000000000110000000000000000000000000000000000000000000000001011000000000000001000000000000000000000000000000000000000000000100000000000000000000000000
000000000000000000000000000000000000000000000000000100000000000000000000000000000000000000000000000000000000000000000000001100010000000000000111000100000000000000000000000000000000000000000000000000000000100100010000000000000001001000000000000000000000100000000000000000000000000000000000000000000000
000000000000000000000000000000000100000000000000011100000000000000000000000000000000000000000000000000000000000000000000000010000010000000010010100010000000000000000000000000000000010000010000000000000001000110100000000000000010010100000000000000000001010000000001000000101000000000000000000000000000
000000000000000000000000000000001010000000000000000000000000000000000000000000000000000000000000000000000000000000000000000001011100000000011011000000000000000000000000000000000001101000101100000000110000100001000000000000000011000010000000000000000010011000000001000000110000001000000000000000000000
000000000000110000000000000000001010001110000000000000000000000000000011100000000000000000000000000000000000000000000000011100001100000000001010001100000000000000000000000000000010001000100010000000110000010010000000000000000000000001100000000000000010000100000010100000000000001100000000000001100000
000000000001001000000000000000000100010001000000000000000000000000000000000001100000000000000000000000000000000000000000010010000000000000001001000000000000000000000000000000000010000101000010000000000000000110000000000000000000000010001000000000000110010110000001000000001100000110000000000001100000
000000000001010000000000000000000000000000100000000000000000000000001000001110010000000000001100000000000000000000000000010001100000000000000011000000000000000000000000000000000011000010000110000000000000000000000000000000000000000001000100010010000110000110000001000000011110000000000000000000000000
000000000000100000000000000000000000000001101100000000011000000000001000001110010000000000001100000000000000000000000000000000111000000000000011100000000000000000000000000000000000100000001000000000000000000000000010000000000000000000010000100001000011010100000000000000111001100000000000000000000000
000000000000000000000000000000000000001001110010000000011000000000001000000001100000011000000000000000000000000000000000000110000100000000000000000000000000000000000000000000000000001000100000000000000000000001011101000000011000001001000000100001000010000000000000000001100011000000000000000000000000
000000000000000000000000000000000000001001110010000000000000000000000010000000000000011000000000000000000000000000000000000110101100000000000000000000001000000000000000000000000000001000100000000000000000000010000011000000101100000101000000100001000001000100000000011001100010000000000000000000000000
000000000000000000000000000000000000001000010110000000000000000000000010000110000000000000000000000000000000000000001100000000100000000000000000000000001000000000000000000000000000000000000000000000000100000010000001000000101100000000000000010010000000111000011001001101101000000000000000000000000000
000000000000000000000000000000000000001000100100000000000000000000000010000101000000000000000000000000000000000000010010000000100000000000000000110000001000000000000000000000000000000111000000000000001010000001011010000000100010000000000000000000011000000000000001110000111010000000000000000000000000
000000000000000000000000000100000000001000000000000000000000000000000000000111000000000000000000000000000000000000001100000000000000000000000001001000000000000000000000000000000000000000000000000000001010000000000100000000010110000000000000000000011001000000010000010000011100000000000000000000000000
000000000000000000000000000100000000000100110000000000000000000000000000000000000000000000000000000000000000000000000000000000000000000000000000110000000000000000000000000000000000000000000000000000000100000000000000000000001110000000000000000000000001100000001001000000000110000000000000000000000000
000000000000000000000000001010000000000011100000000000000001100000000011100000000000000000000000001000000000000000000000000000000000000000000000000000000000000000000000000000000000000000000000000000000000000000000000000000000000000000001100000000000001100000000011000000000000000000000000000000000000
000000000110000000000000000000000000000000000000000000000001010000010000000000111000000000000000001000000000000000000010000000000000000000010000000000000000000000000000000000000000000000000000000000000000000000000000000000000000000001011101000000001100000000000000000000000000001000000000000000000000
000000000101000001000000000100000000000000000000000000000010001000101000000011000000110000000000000000000000000000000111000000000000000000010000000000000000000000000000000000000000000000000000000000000000001100000000001100000000000001010000100000000000000000000000010000000000000110011000000000000000
000000000010000011100000000000010000000000000000000000000011001001101100000011010001100000000000000000000000000000001010100000000000000000010000000000000000000000000000000000000000000000000000000000000000001100000000000010000000000000000110100000010100000000000001001000000000001100000100000000001100
000000000000000111110000000100111000000000000000000110000010011001101100000010000000000000000000000000000000000000001010100000000000000000000000000000000000000000000000000000000000000000000000000000000000000000000000000000000000000000000001000000001000000000000001001000000000001101000100000000001100
000110000000000000000000001000010000000000000000001011000000100011101110000000001001111000000100011100000000000000000111000000000000000000000000000000000000100000000000000000000000110000000000000000000000000000000000001101000000000000000000000000001000000110000000100000000000000100111000000000000000
000110000000001011000000000000010000000000000000001000101000000011101100000000000011101100000100001100000000000000000010000000000000000000000000000000000001010000000000000000000000110000000000000000000000000000000000001101000000000000000000000100000000000110000000000000000000000111000000000000000000
000000000000000010000000000100010000000000000000000110001100000001011000111111000001101001110000011000000000000000001000000000000000000000000000000000000000100000000000000000000000000000000000000000000000000000000000001000000001000000000000001010000000000000000000000000000000000000000000000000000000
000000000000000000000000000000010000000000000000000010000011000001110000110100100000110000110000000000000000000000010100000000000100000000000000000000000000000000000000000000000000000000000000000000000000000000000000111000000010100000000000001010000000000000000001000000000000000000000000000000000000
000000000000000000000000000000010000000000000000000000100110000010000000011000000000100010101110000000000000000000110110000000001001000000000000000000000000000000000000000000000000000000000000000000000000001000001100000000000010100000000000000100000000000000000010100000000000100000000000000000000000
000000000000000000000000000101010000000000000000001101100000000000011000011000100000000010101010011000000000000000010010000000110000000000000000000000000000000000000000000000000000000000000000000000000000010100010010000000000001000000000000000000000000000000000011000000000001001000000000000000000000
000000000000000000000000001000010111100000000000000010000000000100000100000001000000000001001001000100000000000000010001000000110001000000000000000000000000000000000000000000000000000000000000000000000000110110001010000000000000000000000000000000000000000000000000000000000010000011000000000000000000
000000000000000000000000000110011100100000000000000000000000000011100000100100000000000000011101100100000000000000010000000000110000100000000000000000000000000000000000000000000000000000000000000000000000010010000100000000000000000000000000000000000000000000000000000000000001001101100000000000000000
000000000000000000000110000110000000000000000000000000000000000001100001110000000000000000001111000000000000000000000000000000001111110000000000000000000000000000000000000000000000000000000000000011100000011011000000000000000000000000000000000000000000000110000000000000000000010110000000000000000000
000000000000000000001100000000010101001000000000011000000000000000100001000000000000000000000010100000000000000000000000000000000001110000000000000000000000000000000000000000000000000000000000001000010000001010000010000000000000000000000000000000000000000110000000000000000000011000000000000000000000
000000000000000000000000010000110000111000000000011000000000000001000001000000000000000000000010100000000000000000000000000000000000000000000000000000000000000000000000000000000001100000000000011100001100001000000010000000000000000000000000000000000000000000000000000000000000011000000000000000000000
000000000000000000000000011000100000000000000000000000000000000001000110000000000000000010000000000000000000000000000000000000000000000110000000000000000000010000000000000000000010010000000000111110101000011000000010000000011100000000000000000000000000000000000000000000000000000000000000000000000000
000000000000000000000001000000000000000000000000000000000000000001000110000000000000000101100000000000000000000000000000000000000001001001000000000000000000101000000000000000000001100000000001100000001010111000000000000000010100000000000000100000000000000000000000000000000000000000000000000000000000
000000000000000000000001000110000000000000000000000001000000000001000100000000000000000001100000000000000000000000010000000000111100111000000000000000000001001000000000000000000000000000000011000000011011101000000000000000100100000000000000000000000000000000000000000000000000000000000000000000000000
000000000000000000000000000010000000000000100000000010100111000000000101000000000000000001100000000000000000000000011000000000000110110000000000000001000000110000000000000000000000000010000001111000000001100000000000000000111000000000000000000000000000000000000000000000000000000000000000000000000000
000000001000000000000100010001000000000001010000000100100001000001000000000000000000100000000000000000000000000000000000000001000000011100000000000010100000000000000000000000110000000101000000111111011100000000000000000000111000000000010000000000000000000000000000000000000000000000000000000000000000
000000001010000000000100010010000000000000110000001000000000000001011000100000000001010000000000000000000000000000000000000001000010011100111000000010110000000000000000000000101000000101000000000011000000000000000010000000010010000000100001000000000000000000000000000000000000000000000000000000000000
000000001100000000000100001110000000000000000000001110001010000000001000000000000000111111110000000000000000000000000000000000100010011111000000001101110000000000000000000000010000000010000000000010000000000000000001000000010000000000110001000000000000000000000000000000000000000000000000000000000000
000000000000000000000000000000000000000000000000000100000100000000000101000000000000010000001100000000000000000000000000011100000100000010000001111110000000000000000000000000000000000000000000000000000000000001101000000000000010000000011011000000000000001100000000000000000000000000000000000000000000
000000000000000000000001110000000000000001110000000000000000000000000000000000000000010000101101110000000000000000000000111100000000000000000010000000000000000000000000000000000000000000000000000000000000000000110000000000000000000000001011000000001100001100000000000000000000000000000000000000000000
000000000000000000000000000001100000000001010000000000000000000000000000000000000000001100001100010000000000000000000000000000000010000011010010000000001100000000000000000000000000000000000000000000000000000011111010000000001000000000000001000000001100000000000000000000000000000000000000000000000000
000000000000000000000000000001100000000010011000000000000000000000000000000000000000001100000000000000000000000000000000000000000101110101100011001100010010000011000000000000000000000000000000000000000000000000000000000000000100000000001001000000000000000000000000000000000000000000000000000000000000
000000000000000000000000000000000000000111000000000000000000000000000000000001100000001001100000000000000000000000000000000100001001110000001011001000011100000011000011000000000000000000000000000000000000000000000000000000001100000000000000100000000000000000000000000100000000000000000000000000000000
000000000000000000000000000000000000000001011000000000000000000000000000000001100000001000101100000000000000000010000000001001000110000000001011000000000000000000000100100000000000000000000000000000000000000000000000000000000000001100001000100000000000000000000000001010000000000000000000000000000000
001000000000000000000000000000000000000001010000000000000100000000000000000000000110000100001000000000000000000101000000000110000010000000010000000000000000000000000011000000000000000000000000000000000000000000000000000000000000001010001000010000000000000000000000001010000000000000000000000000000000
010100000000000000000000000000000000000001100000000000001000000000000000000000000110000001001000000000110000000101000000000000000000110000000000000000000000000000000000000000000000000000000000000000000000000000000000000000000000001011000001100000000000000000000000000100000000000000000000000000000000
010100000000000000000000000000000000000000111000000000001110000000000000000000000000000001110000000000000000000010000000000000000000000100000000000000000000000000000000000000000000000000000000000000000000000000000100000000000000000010000000000000000000000000000000000000000000000000000000000000000000
001000000000000000000000000000000000000000001000000000000000000000000000000000000000000000000000000000000000000000000000000010100000011000000100000000000000000000000000000000000000000000000000000000000000000000001010000000000000000110010000000000000000000000000000000000000000000000000000000000000000
000000000000000000000000000000000001100000000000000000000000000000000000000000000000000000000000000000000000000000000000000100100000000000000100000000000000000000000000000000000000000000000000000000000000000000000110000000000000000000110000000000000000000000000000000000100000000000000000000000000000
000000000000000000000000000000000001100000000000000000000000000000000000000000000000000000000000000000000000000000000000000110000000000000000100000000000000000000000000000000000000000000000000000000000000000000000100000000000000000000110100000000000000000000000000000001010000000000000000000100000000
000000001100000000000000000000000000000000010000000000000000000000000000000000000000000001100000000000000000000000000000000000000000000000000000100000000000000000000000000000000000000000000000000000000000000000000000000000000000000000001100000000000000000000000000000001010000000000000000001010000000
000000001010000000000000000000000000000000111000000000011100000000000000000000000000000010010000000000000000000000000000000101000000000001110011011000000000000000000000000000001110000000000000000000000000000000000000000000000000000000010000000000000000000000000000000000100000000000000000001010000000
000100001010000000000000000000000000000001010100000000000000000000000000000000000000000001100000000000110000000000000000000100100000000000000011000000000000000000000000000000000000000000000000000000000000000000000000000000000000000000001100000000000000000000000000000000000000000000000000000100000000
000111001100000000000000000000000000000011101110000000000000000000000000000000000000000000000000000100001000000000000000000011100000000000000000000100000000000000000000000000000000000000000000000000000000000000000000000000000000000000000100000000000000000000000000000000000000000000000000000000000000
000010100000000000000000000000000000000001010100000000000000000000000000000000000000000000000000000100010000001000000000000011100000000000000001000101010000000000000000000000000000000000000000000110000000000000000000000000000000000000011100000000000000000000000000000000000000000000000000000000000000
000010000000000000000000000000000000000000111000000000000000000000000000000000000000000000000000000001000000011100000000000000000000000010000000000100100000000000000000000000000000000000000000000011000000000000000000000010100000000000100100000000100000000000000000000000000000000000000000000000000000
000011011000000000000000111000000100000000010000000000000000000000000000000000000000000000000000000000000000101110000000000000000000000101000000000100000000000000000000000000000000000000000000000100000000000000000000000010010000000000100100000001010000000000000000000000000000000000000000000000000000
000000100000000000000000000000001010000000000000000000000000000000000000000000000000000000000000000000000001100011000000000000000000000110000000101000000000000000000000000000000000000000000000000000000000000000000000000000000110000000011000000001010000000000000000000000000000000000000000000000000000
000000000000000000000010000010000100000000000000000000000000000000000000000000000000000000000000000000011011000000000000000000000000000000000000100000000000000000000000000011000000000000000000000000000000000000000000000110100110000000000000000000100000000000000000000000000000000000000000000000000000
000000000000000010000010000010000000000000000000000000010000000000000000000000000001000000000000000000110001100000000000000000000000000000000000011000000000000000000000000100100000011000000000000000000000001110000000000100000100000000000000000000000000000000000000000000000000000000000000000000000000
000000000000000110000010000010000000000000000000000000001100000000000000000000000001000000000000000010010001100000000000000000000000000000000000100100000000000000000000000011000000110000100000000000000000000000000000000110000000000000000000000000001100000000000000000000000000000000000000000000000000
000000000000001111000000000000000000000000000000000000001100000000000000000000000101000000000000000010010000011111000000000000000110000000000000011000000000000000000000000000000001100011000000000000000001100000000000000010111111000000000000000000000010000000000000000000110000000000000000000000000000
000000000000011000000000111000000000000000000000000000100000000000000000000000000000000000000000000010000000010011100000000000001001000000110000000000000000000000000000000000000000110001100000000000000001100000000000000001111100001000000000000000000000000000000000000000110000000000000000000110000000
000000000000011000000000000000000000000000000000000000101000000000000000000000000000000000000000000000010000010000100000000000000110000000110000000000000000110000000000000000000000010000100000000000000000000000000000000000000000011000000000000000000000000000000000000000000000000000000000000110000000
000000000000000000000000000000000000000000000000000000101000000000000000000000000000001100000000000000000000001001000000000000000000000000000000000000000001001000000000000000000000000000000011000000000000000000000000000000000001100000000000000000000000000000000000000000000000000000000000000000000000
000000000000000000000000000000000000000000000000000000000000000000000000000000000000001100000000000000000000000111000000000000000000000000000000000000000000110000000000000000000001000000000001000000000000000000000000000000000000000000000000000000000000000000000000000000000000000000000000000000000000
000000000000000000000000000000000000000000000000000000101000000000010000000000000000000000000000000000000000000000000000000000000000000000000000000000000000000000000000000000000010100000000000000000000000000000000000000000000000000000000000000000000000000000000000000000000000000000001100000000000000
000000000000000000000000000000000000000010000000000000100000010000111000000000000000000000000000000000000000000000000000000000000000000000000000000000001000000000000000000000000010100000000000000000000000000000000000000000000000000001000000000000000000000000000000000000000000000000001100000000000000
000000000000000000000000000000000000000010000000000000100000101001101100000000000000000000000000000000000000000000000000000000000000000000000000000000010100000000000000000000000001000000000000000000000000000000000000000000000000000001000000000000000000000000000000000000000000000000000000000000000000
000000000000000000000000000000000000000010000000000000011000010001111000000000000000000000000000000000000000000000000000000000010000000000000000000000010100000000000000000000000000000000000000000000000000000000000000000000000000000001000000000000000000000000000000000000000000000000000000000000000000
000000000000000000000000000000000000000000000000000000000000001110010000000000000000000000000000000000010000000000000000000000111100000000000000000000001000000000000000000000000000000000000100000000000000000000000000000000000000000000000000000000000000000000000000000000000000000000000000000000000000
000000000000000000000000000000000000000000010000000000000000000100000010000000000000000000000000000000101000000000000000000001100000000000000000000000000000000010000011100010000000011000000100000000000000000000000000000000000000011100011100000000000000000000000000000000000000000000000000000000000000
000000000000000000000000000000000000000000101000000000000000000000000101000000000000000000000000000000101000000000000000000010111011000000000000000000000000000010001111000000100000011000000100000000000000000000000000000000000000000000000000000000000000000000000000000000000000000000000000000000000000
000000000000000100010000000000011000000000101000000000000000000000000101000000000000000000000000000000010000000000000000000001100011001100000000000000000000000011111010000010100000000000000000000000000000000000000000000000000000000001000000011000000000000000000000000000000000000000000000000000000000
000000000000001111101000000000100100000000010000000000000011100000000010000000000000000000000000000000000010000000000000000001101011001100000000000000000000000000100000101000000000000000000000000000000000000000000000000000000000000001000000011000000000000000000000000000000000000000000000000000000000
010000000000010101000000000000101000000000000000000000000000000000000000000000000000000000000000000000000010000000000000000000000000000000000000000000000000000001110001100011100000000000000000000000000000000000000000000000000000000001000000000000000000000000000000000000000000000000000000000000000000
101000000000011011100000000000010000000000000000000000000000000000000000000000000000000000000000000000000010000000100000000000011100000000000000000000000001100000110011001100000110000000000000000000000000000000000000000000000001000000000000000000000000000000000000000000000000000000000000000000000000
101000000000001101000000000000000000000000000000000000000011100000000000000000000000000000000000000000000000000000100000000000000000000000000000000000000000100000011111000101100110000000000000000000000000000000000000000000000001000000000000000000000000000000000000000000000000000000000000000000000000
010000000000000110000000000000000000000000000000000000000011100000000000000000000000000000000000000110000000000000100000000000000000000000000000000000000100000000001110000010000000000000000000000000000000000000000000000000000001000000010000000000000000111000000000000000000000000000000000000000000000
000000000000000000000000000000000000000000000000000000000001000000000000000000000000000000000000000110000000000000000000000000000000000000000000000000000110000000000000000000000000000000000000000000000000000000000000000000000000000000101000000000000000000000000000000000000000000000000000000000000000
000000000000000000000000000000000000000000000000000000000000000000000000000000000000000000000000000000000000000000001110000000000000000000000000000000000000000000000000000000001000000000000000000000000000000000000000000000000000011100101000000000000010000010000000000000000000000000000000000000000000
000000110000000000000000000000000000000000000000000000000000000000000000000000000000000000000000000000001000000000000000000000000000011000000000000000000000000000000000000000110010000000000000000000000000000000000000000000000000000000010000000000000010000010000000000000000000000000000000000000000000
000000110000000000000000000000000000000000000000000000000000000000000000000000000000001100000000000000010100000000000000000000000000100100000000000000000000000011000000000001100010000000000000000000110000000000000000000000000000000000000000011000000010000010000000000000000000000000000000000000000000
000000000000000000000000000000000001110000000000000000000000000000000000000000000000001100000000000000100010000000000000000000000000000100000000000000000000000011000000000001101100000000000000000000110000000000000000000000000001000000000000011000000000000000000000000000000000000000000000000000000000
000000000000000000000000000000000000000000000000000000000000000000000000000000000000000000000000000000100011000000000000000000000111000100001100000000000000000000000000000000000000000000000000000000000000000000000000000000000010100000010000000000000000111000000000000000000000000000000000000000000000
000000000000000000000000000000000000000000000000000000000000000111000000000000000000000000000000000001100011000010100000000000001001010110010010000000000000000000000000000000000000000000000000000000000000000000000000000000000100100000010000000000000000000000000000000000000000000000000000000000000000
000000000000000000000000000000000000000000000000000000000000001110100000000000000000000000000000000001100011000100000000000000001101010110010010000000000000000000000000000000000010000000000000000000000000000000000000000000000011000000010000000000000000000000000000000000000000000000000000000000001000
000000000000000000000000000000000000000000010000000000000000010100100000000000001110000000000000000001101100010110010000000000001100010010001100000011000000000000000000000000000010000000000000000000000000000000000000000000000000000000000000000000000000000000000000000000000000000000000000000000010100
000000000000000000000000000000000000000000110000000000000000110110000000000000000000000000000000000000011100101111101000000000000100010000000000000011000000000000000000000000000000000000000000000000000000000000000000000000000000000111000111000000000000000000000000000000000000000000000000000000010100
000000000000000000000000000000000000000000110000000000000000010000000000000000000000000000000000110000010000101000011100000000000000000000000000000000000000000000000000000000000000000000000000000000000000000000000000000000000000000000000000000000000000000000000000000000000000000000000000000000001000
000000000000000000000000000000000000000000100000000000000000010000100000000000000000000000000000110000001100010000000000000000000011100000000000000000000000000000000000000000000000000000000000000000000000000000000000000000000000000000010000000000000000000000000000000000000000000000000000000000000000
000000000000000000000000000000000011000000000000000000000110001000100001000000000000000000000000000000011100000000000000000000000000111100000100000000000000000000000000000000000001110000000000000000000000000000000000000000000000000000010000000000000000000000000000000000000000000000000000000000000000
000000000000000000000000000000000011000000000000000000000110000001100010100000000000000000000000000000001010000000000000000000000000001110000000000000011000000000000000000000000001110000000000000000000000000000000000000000000000000000010000000000000000000000000000000000000000000000000000000000000000
000000000000000000000000000000000000000000000000000000000000000000000010100000000000101100000000000000011110000000000000000000100000000000011001000000011000000000000000000000000010010000000000000000000000000000000000000000000000000000000000000000000000000000000000000000000000000000000000000000000000
000000000000000000000001000000000000000000000000000000000000000000000001000000000010000010000000001100011101100000000000000001010000001100010010000000000001000000000000000000000001100001000000000000000000000000000000000000000000000000000000000000000000000000000000000000000000000000000000000001100000
000000000000000000000001000000000000000000000000000000000000000000000000000000000001001110000000010010100101001000000000000000000000000000000110000000000111100000000000000000000000110010110000000000000000011000000000000000000000000000000000000000000000000000000000000000010000000000000000000001100000
000000000000000000000001000000000000000000000000000000000000000110000000000000000000000000000000001100010100101000000000000001101100001101010100000000000000010000000000000000011001110010110000000000000000101000000000000000000000000000000000000000000000000000000000000000101000000000001110000000000000
000000000000000000000000000000000000000000000100000000010000000110000000000000000000000000000000000000001001001000000000000000001100000111100100000000001101011000000000000000000000000001001110000000000001010000000000000000000000000000000000000000000000000000110000000000101000000000000000000000000000
000000000000000000011100000000000000000000001010000000111000000000000000000000000000000000000000000000000001100000000000000100000000000000001011000000111001010000000000000000000000000000110010000000000000100000000000000000000000000000000000000000000000000001001000000000010000000000000000000000000000
000000000000000000000000000000000000000000000110000001101100000000000000000000000000000000000000010000000110000000000000101111010000000000001001000000100101100000000000000000000001000001111110000000000000000000000000000000000000000000000000000000000010100000110000000000000000000000000000000000000000
000000000000000000000000000000000000000000000000000000111000000000000000000000000000000000000000111000001010000000000000111011110000001000001001000000100011000000000000000000000001000010000000000000000000000000000000000000000000000000000000000000000010000000000000001100000001100000000000000000000000
000000000000000000000011000000000000011000000000000000010000000000000000000000000000000000000000111000000000000000000000000000100000010100001010000000010010000000000000000000000000000001110000000010000000000000000000000000000000000000000000000000000010001000000000010010000001100000000000000000000000
000000000000011100000011000000000000100100000000000000000000000000000000000000000010000000000001101100011100000000000000000000000000100110001100000000001000000000000000000000000000000001110000000101000000000000000000000000000000000000000000000000000000000000000000001100000000000000000000000000000000
000000000000000000000000000000010001001000000000000000000000000000000000000000000111000000000000111000000000000000000000001110000000100110001000000000000000000000000000000000000000000001100000000101000000000000000000000000000000000000000000000000000000111000000000000000000000000000000000000000000000
000000000000000000000000000000010000110000000000000000000000100000000000000000011011100000000000111000000000000000000011101101000001000100000000000000000000000000000000000000000000000001100000000010000000000000000000000000000000000000000000000000000000000001100000000000000000000000000000000000000000
000000000000000000000000000000010000000000000000000000000000100000000000000000010000110000000000000000000000000000000001111010000000100100000000000000000000110000000000000000000000000001100000000000000000000000000000000000000000000000000000000000000000000001100000000000110000000000000000000000000000
000000000000000000000000000000000000000000000000000000000000100000000000000000000100111000000000000000100000000000000000111110000001110000000000000000000000110000000000000000000000000000000000000000000000000000000000000000000000000000000000000000011000000000000010000000110000000000000000000000000000
000000000000000000000000000111000111000000000000000000000000000000000000000000010010110000000000000001110000000000000001100100000001000000100000000000000000000000000000000000000000000000000000000000000000000000000000000000000000000000000000011000010100000000000101000000000000000000000000000000000000
000000000000000000000000000000000000000000000000000000001110001110000000000000011100000000000000000010101000000000000000000100000001000001010000000000000000000000000000000000000000000000000000000000000000000000000000000000000000000000000000100100001000000000001010000000000000000000001100000000000000
000000010000000000000000000000010000000000000000000000000000000000000001100000000001000000000000000010101000111000000001111000000000000001010000000000000000000000000000000001000000110000000000000000000110000000000000000000000000000000000000101000000000000000001100000000000000000000001100000000000000
000000110000000000000000000000010000000000000000000000000000100000000001100000001010000000000000000001110000000000000000100000000000000000111000000000000000000000000000000010100000110000000000000000000110000110000000000000000000000000000000010000000000000000000000000000000000000000000000000000000000
000001001000000000000000000000010000000000000000000000000000100000000000000000001010000000000000000000100000000001000000000000000000000001000000000000000000000000000000000010100000000000000000000000000000000110000000000000000000000000000000000000000000000000000000000000000000011000000000000000000000
000000110010000000000110000000000000000000000000000000000000100000000000000000000000000000000000000000000000000010000000000000000000000010110100000000000000000000000000000001000000000000000000000000000000000000000000000000000000000000000000000000000000000000000000000000000000011000000000000000000000
000000000010000000000110000000000000000000000000000000000000000000000000000000001010000000000000000000000000000010000000000000000000000000000011000000000000000000000000000000000000000000000000000000000000000000000000000000000001000000000000000000000000000000000000000000000000000000000000000000000000
000000000010000000000000000000000000000000000000000000000000000000000000000000010000000000000001000000000000000000000000000000000000000010010010100000000000000000000000000000000000000000000000000000000000000000000000000000001010100000000000000000000000000000000000000000000000000000000000000000000000
000000000000000000000000000000000000000000000000000000000000000000000000001100001000000000000010100000000000000000000000000000000000000000111100100000000000000000000000000000000000000000000000000000000000000000000000000000010000001100000000000000000000000000000000000000000000000000000000001000000000
000000000000000000000000000000000000000000000000000000000000000000000000000011000010100000000110110000000000000000000000000000000000000000111011100000000000000000000000000000000000000000000000000000000000000000000000000000010010100010000000000000000000001100000000000000000000000000000000010100000000
001000000000000000000000000000000000000000000000000000000011000000000000000010100010100000000111000000011000000000000000000000000000000000000000000000000000000000000000110000000000000000000000000000000000000000000000000000000000100010000000000000000000001100000000000000000000000000000000010100000000
001000000000000000000000000000000000000000000000000000000011000000000000000010100001000000001101100000011100000000000000000000000000000000000000000000000000000000000000110000010000000000000000000000000000000000000000000001000000100110000000000000000000000000000000000000000001000000000000001000000000
001000000000000000000000000000000000000000000000000000000000000000000000011000100000000000001100000000000110000000000000000000000000000000000000010000000000000000000000000000010000000000000000000000000000000000000000000011100000011000000000000000000000000000000000000000000001000000000000000000000000
000000011000000000000000000000000110000000000000000000000000000000000000001000100000000000000001000000110100000000000000000000000000000000000000101000000000000000000000000000010000000000000000000000000000000000001000000100100000000000000000000000000000000000000000000000000001000000000000000000000000
000000010100000000000000000000000110000000000000000000000000000000000000000101000000000000001000000001111000000000000000000000000000000000000001101000000000000000000000000000000000000000000000000000000000000000010110000111000000000000000000000000000000000000000000000000000000000000000000000000000000
000000011100000000000000000000000000000000000000000000000000000000000000000010000000000000001000000000100000000000000000000000000000000000000000010000000000000000000000000000000000000000000000000000000000000000000000100011001000000000000000000000000000000000000000000000011100011100000000000010000000
000110000000000000000000000000000000000000000000000000000000000000000001100000000000000000000101000000000000000000000000000000000000000000000000000000000000000000000000010000000000000000000000000000000000000000110000100000011000000000000000000000000000000000000000000000000000000000000110000101000000
000110000000000000000000000000000000000000000000000000000000000000000001100000000000000000000011000000000000000000000000000000000110000000000110000000001110000000000000101000000000000000000000000000000000000001010000000000010000000000000000000000000000000000000000000000000001000000000110000101000000
000000000000000000000000000000000000000000000000000000000000000000000000000000000000000000000000000000000000000000000000000000000110000000001111010000000000000000000000101000000000000000000000000000000000000001111111100000000000000000000111000000000000000000000000000000000001000000000000000010000000
000000010000000000000000000000000000000000000000000000000000000000000000000000000000000000000000000000000000000000000000000000000000000000011010010000000000000000000000010000000000000000000000000000000000000100100001000000000000000000000000000000000000000000000000010000000001000000100000000000000000
000001100000000000000000000001110000000000000000000000000000000000000000000000000000000000000000000000000000000000000000000000000000000000000100001000000000000000000000000000000000000000000000000000000000000011000000000000000000000000000000000000000000000000000000010000000000000000100000000000000000
000000000000000000000000000000000000000000000000000000000000000000000000000000000000000000000000000000000000000000000000000000001000000000000001000000000000000000000000000000000000000000000000000000000000000010000000000000000000000000000000000000000000000000000000010000000000000000100000000000000000
000000000000000000000000000000000000000000000000000000000000000000000000011000000000000000000000000000000000000000000000000000010100000000000001000000000000000000000000000000000000000000000000000000000000000000000000000011000000000000000000000000000000000000000000000000000000000000000000000000000000
000000000000000000000000000000000000000000000000000000000000000000000000011000000000000000000000000000000000000000000000000000001000000000000000111000000000000000000000000000000000000000000000000000000000000000000000010001000000000000000011000000000000000000000000010000000000000000000000000000000000
000000000000000000000000000000000000000000000000000000000000000000000000000000000000000000000000000000000000000000000000000000000000000000000000000000000000000000000000000000000000000000000000000000000000000100000100100100000000000000000011000000000000000000000000101000000000000000000000000000000000
000000000000000000000011000000000000000000000000000000000000000000000000000000000000000000000000000000000000000000000000000000000000000000000000000000000000000000000000000000000000000000000000000000000000000100000100010100000000000001110000000000000000000000000001000000000000000000011000000000000000
000000000000000000000011000000011000000000000000000000000000000000000000000000000000000000000000100000000000000000000000000000001000000000000000000000000000000000000000000000000000000000000000000000000000000100000100000000000000000000000000000000000000000000000001000000000000000000011000000000000000
000000000000000000000000000000011000000000000000000000000000000000000000000001100000000000000000100000001110000000000000000000010100000000000000000000000000000000000000000000000000000000000000000000100000000000000000000000000000000000000000000000000000000000000001001000000000000000000000000000000000
000000000000000000011000000000000000000000000000000000000000000000000000000001100000000000000000100000000000000000000000000000010100000000000000000001000000000000000000000000000000000000000000000001010000000001110000000000000000000000000000000000000000000000000000000000000011000001000000000000000000
000000000000000000100100000000000000000000000000000000000000000000001110000000000000000000000000000000000000000000000000000000001000000000001000011101000000000000000000000000000000000000000000000010010000000000000000000000000000000000000000000000000000000000001100101100000010100010010000000000000000
000000000000000000011000000000000000000000000000000000000000000011101010000000000000000000001110000000000000000000000000000000000000000000001000100001000000000000000000000000000000000000000000000001100000000000000000000000010000000000000000000000000000000000010100011100100001000000000001000000000000
000000000000000000000000000000000000000000000000000000000000000001101010001100000000000000000000000000000000000000000000000000000000000000011001101000001000000000000000000000000000000000000000000000000000000000000000000000101000000000000000000000000000000000011000000011011000000000001000000000000000
000000000001100000000000000000000000000000000000000000000000000000000000001100000001100000000000100000000001110000000000000000000000000000000001100000001000000000000000000000000000000000000000000000000000000000000000000000011000000000000000000000000000000001100000000000100000000001001001100000000000
000000000001100000000000000000000000000000000000000000000000000000000000000000000001100000000000100000000000000000000000000000000000000000000000001010001000000000000000000000000000000000000000000000110000000000000000000000000000000000000000000000000000000010100000000000100000000000010000000000000000
000000000110000000000000000000000000000000000000000000000000110110000000000000000000000000000000100000000000000000000000000000000000000000000000101001000000000000000000000000000000000000000000000000101000000000000000000000000000000000000000000000000100000001000000000000000000110000001111011000000000
000000000110000000000000000000000000000000000000000000000000000011000000000000000000000000000000000000000000000000000000000000000000000000000000100001000000000000000000000000000000000000000000000000011000000000000000000000000000000000000000000000011010000000000000000000000001001000000111011000000000
000000000000000000000000000000000000000000000000000000000000000000000000000000000000000000000000000000000000110000000000000000000000000000000000000110000000001000000000000000000000001000000000000000000100000000000000000110000000001100000000000000011010100000000110100010000000110000010010110000000000
000000000000000000000000000000000000000000000000000000000000000000100000000000000000000000000000000000000000110000000000000000000000000000000000111000000000001000000000000000000010001100000000000010101100000000000000000011000000010010000000000000000110100000000110100100000000101000000000000000000000
000000000000000000000000000000000000000000000000000000000000000000010000000000000000000000000000000000000000000000000000000000000000000000011000000000000000001000000000000000000101010010000000000110100000000000000000001010000000010010000000000000111000000000001000000100000000010000001000000000000000
001100000000000000000000000000000000000000000000000000000000000001011000000000000000000000000000000000000000000000000000000000000000000000100100000000000000000000000000000000000101000010000000000000000000000000000000010000000000001100000000000000101000000000000011001000000000010000001101100000000000
001100000000000000000011100000000000000000000000000000000000000001000000000000000000000000000000000000000000000000000000000000000000000000011000000000000000000000010000000000000000000100000000000110000000000000000000001010000000000000000000000000100011000000000011001000000000000010000000000000000000
000000000000000000000000000000000001100000000000000000000000000010000000000000000000000000000000000000000000000000000000000011100000000000000000000000000000000000010000000000000000000000000100000110000000000000000000001010000000000000000000000000010011000000000000011000000000000101010001010000000110
000000000000000000000000000000000010010000000000000000000000000011100000000000001000000000000000000000000000000000000000000000000000000000000000000000000000000000010000000000000000000000000111000110000000000000000000001000000010000000000000000000000011100000000000011100000000000100100100010000000110
000000000000000000000000000000000001100000000000000000000000000000000000000000010010000000000000000000000000000000000000000000000000000000000000000000000000000000000000000000000000000000111100100110001000000000000000001110000010000000000000000000000000100000001100011100000000000011000100110000000000
000000000000000000000000000000000000000000000000000000000000000000000000000000001000110000000000000000000000000000000000000000000000000000000000000000000000000000000111000000000000000000111001100110010100011000000000010010001101100000000000000000000011100000001110011100000000000000000011100000000000
000000000000000000000001100000000001100000000000000000000000000000000000000000000000011000000000000000000000000000000011000000000000000000000000000000000000000000000000000000000000000000001000000000010100011000000000001100001001100000000000000000000000000000001101110000000000000000000001000000000000
000000000000000000000001100000000010010000000000000000000000000000000000000000000011000000000000000000000000000000000100100000000000000000000000000000000000000000000000000000000000000000111000000000001000000000000000000000010110100000000000001100000000000000000101100000110000000000000000000000000000
000000000000000000000000000000000001100000110000000000000000000000000000000000000000000000000000000000000000011000000011000000000000000000000000000000000000000000000000000000000000000000111000000000000000000000000001000000011001100011000000000001000000000000001101100000110000000000000000000000000000
110000000000001100000000000000000000000001001000000000000000000000000000000000000000000000000000000000000000011000000000000000000000000000000000111000000000000000000000000000000000000000000000000111000000000000000010000000000100100011000000000001000000000000001010000000000000000000000000000000000000
110000000000001100000000000000000000000000110000000000000000000000000000000000000000000000000000000000000000000000000000000000000000000000000000000000000000000000000000000000000000000000000000000100110000000010000001000000011100100000000000000010001000000110101000000000000000000000000000000000000000
000000000000000000000000000000000000000000000000000000000000000000000000000000000111000000000000000000000000000000000000000010000000000000000000000000000000000000000000000000000000000000000000000011100000000011000000000000010001000000000000000000000010001000100000000000000000000000000000000000000000
000000000000000000000000000000000000110000000000000000000000000000000000000000000111110000000000000000000000110000000000000101000000000000000001000000000000000000000000000000000000000000000000000001000000001000000001000000001110000000000000000000001011001100110000000000000000000000000000000011000000
000000000000000000010000000000000001001000000000000000000000000000000000000000000110011000000000001100000000110000000000000101000000000000000001000000000000000000000000000000000000000000000000000000000000001100010001100000000000000000000000000000001001001001100000000000000000000000000000000100100000
000000000000000000101000000000000000110000000000000000011100000100000000000000000011010000000000010100000000000000000000000010000000000000000001000000000000000000000000000000000000000000000000000000000000001011001001010000000000000000000000000000001001001110000000000000000000000000000000000100010000
000000000000000000101000000000000000000000000000000000100100000100000000000000000011100000000000001000100000000000000000000000000000000000001000000000000000000000000000000000000000000101100000000000000000000000010000000000000000000000000000000000000110000100000000000000000000000000101000001000100000
000000000000000000010000000000000000000000000000000001000100000100000000000000000001000000000000000000001101000000000000000000000000000000010100000000000000000000000000000000000000000100100000000000000000000000111000000000000000000000000000000000000000000000000000000000000000000001100010001011000000
000000000000000000000000000000000000000000000000011001000000100000110000000000000000000000000000000001001111100000000000000000000000000000010100000000000000000000000000000000000000000111000000000000000000000000000000000000000000000000000000000000000000000000000000000000000000000000000001000000000000
000000000000000000000000000000000000000000000000100100010011010000110000000000000000000011000000000001011000100000000000000000000000000000001000000000000000000000000000000000000000000000000000000000000000000000000000000000000000000000000000000000000000000000000000000000000000000000010001000000000000
000000011100000000000000000000000000000000000010001000011110111000000000000000000000000011000000000000110110000000000000000000000000000000000000000000000000000011000000000000000000000000000000000000000000000001000000000000000000000000000000000000000000000000000000000000000000000000001101000000000000
000000000000000000000000000000000000000000001000001000001010011000000000000000000000000000000000000001000010000000000000000000000000000000000000000000000000000100100000000000000000000000000000000000000000000110110000000000000000000000000000000000000000000000000000000000000000000000000000000000000000
000000000001000000000000000000000000000000000000000000001100011000000000000000000000000000000000000000100100000000000000000000000000000000000000000000000000000011000000000000000000000000000000000000000000000111001110000000000000000000000000000000000000000000000000000000000000000000000000000000000000
000000000001000100000000000000000000000000001000001000000010101010000000000000000000000000000000000000010000000000000000000000000000000000000110000000000000000000000000000000000000000000000000000000000000000011100110000000000000011100000000000110000000000000000000000000000000000000000001100000000000
000000000001000100000010000000000011100000000110001000000000001110011000000000000000001110000000000000000000000000000000000000000000000000000110000000000000000000000000000000000000000000000000000000000000000000100110000000000000000000000000010001000000000011000000000000000000000000000001100000000000
000000000000000100000010000000000000000000000010001000000000001100011000000000000000000000000000000000000000000000000000000000000000000001101001000000000000000000000000000000000000000000000000000000000000110000101000000000000000000001000000010101000000000011000000000000000000000000000000000000000000
000000000000000000000010000000000000001000000000010000000000001000011000000000000000000000000000000000000000000000000000000000000000100000000111000000000000000000000000000000000000000000000000000000000010010000000000000000000000000001000000000001100000000000000000000000000000000000000000000000110011
000001000000000000000000000000000000001000000011100000000000000100000000000000000000000000000000000000000000000000000000000000000001110100010011000000000000000000000000000000000000000000000000000000000010010000000000100001110000000001000000011010000000000000000000000000000000000000000000000000110011
000001000000000000000000000000000000001000000000000000000000000000000000000000000000000000000000000000000100000000000000000000000010010000011011000000000000000000001000100000000000000000000000000000000010100000000001110001110000000000000001111010000000011100000110000000000000000000000000000000000000
000001000000000000000000000000000000000000000000000000000001110000000000000000000000000000000000000000001010000000000000000000000011110000000011000000000000000000001000100000000000000000000000000000000000000000000001010000000000000000000001100010000000000000000110000000000000000000000000000000000000
000000000000000000000000000000000011100000000000000000000000000000000000000000000000000000000000000000000110000000000000000000000000110100011010000000000000000000110100100000000000000000000000000000000000000000000000000000000000000000000000110100000000000000000000000000000000000000000001000000000000
000000000000000000000000000000000000000000100000000000000000000000000000000000000000000000000000000000000000000000000000000000011100000000100100000000000000000000010011100000000000000000000000000000000000000000000011100001100000000000000000011100000000000000000000000000000000000000000001000000000000
000000000000000000000000000000000000000001110000000000000000000000000000000000000000000000000000000000000000000000000000000000011000000011100000000000000000000000110000000000000000000000000000000000000000000000000000000001100000000000000000000000000000000000000000110000000000000000000001000000000000
000000000000000001100000000000000000000001001000000000000000000000000000000000000000000000000000000000000000000110000000000000000100000000000000000000000000000000000010010000000000000000000001000000000100000000000100011000000000000000000000000000000000000000100000110000000000000000000000000000000000
000000000000000001100000000000000000000111001100000000000000000000000000000000000000000000000000000000000000000110000000000000000000100000000000000000000000000000001000010000000000000000000001100000000110000000000010000000000000000000000000000000000000000001010000000000000000000000001000000000000000
000000000000000000000000000000000000001000100000000000000000000000000000000001100000000000000000000000000000000000000000000000000001010000000000000000000000000000000100010000000000000000110010110000001011000000000000100000000000000000000000000000000000000010000000000000000000000000001000000000000000
000000000000000000000000000000000000000100001000000000000000000000000000000010010000000000000000000000000000000000000000000000000001010000000000000000000000000000000110100000000000000001010001000000000000000000000000000000000011000010000000000000000000000001100000000000000000000000001000000000000000
000000000000000000000000000000000000000100111010000000000000000000000000000010100000000000000000000000000000000000000000000000000000100000000000000000000000000000000001000000000000000011010101010000000000000000000000000000000000100101000000000000000000000000100000000000000000000000000000000001000000
000000000000000000000000000000000000000000100000000000000000000000000000000001000000000000000000000000000000000000000000000000000000000000000000000000000000000000000000000000000000000001110100000001110000000000000000000000000100000010000000000000000000000000110000000000000000000000000000000010100000
000000000000000000000000000000000000000011100100000000000000000000000000000000000000000000000000000000000000000000000000000000000000000000000000000000000000000000000011000000000000000000010100011001010000000000000000000000000011000000000000000000000000000000110011000000000000000000000000000010100000
000000000000000000000000000000000000000011101000000000000000000000000000000000000000000000000000000000000000000000000000000000000000000000000000000000000000000000000011000000000000000000000000000000100000000000000000000000100000000000000000000000000000000001010111000000000000000000000000000001000000
000000000000000000000000000000000000000001000000000000000000000000000000000000000000000000000000000000000000000000000000000000000000100000000000000000000000000000000001000000000000000000000000000001000000000000000000000000100000000000000000000000000000000001110110000000000000000000000000000000000000
000000000000000000000000000000000000000000010000000000000000000000000000000000000000000000000000000000000000000000000000110000000001010000000000000000000000000000000000000000000100000000000000000000000000000000000000000000100000000000000000000000000000000000110000100000000000011000000000000000000000
000000000000000000000000000000000000000000010000000000000000000000000000000000000000000000000000000000000000000000000000110000000001010000000000000000000000000011000110000000000100000000000000000000000000000000000000000000000000000000000000000000000000000000111011100000000000011000000000000000000000
000000100000000000000000000000000000000000000000000000000000000000000000000000000000000000000000000000000000000000000000000000000000100000000000000000000000000100011010000000000100000000000000000000000000000000000000000000000000000000000000000000000000000000000010000000110000000000000000000000000000
000001010000000000000000000000000000000000110000000000001100000000000000000000000111000000000000000000000000000000000000000000000000000000000000000000000000000010111010000000000000000000000000000000000000000000000000000000000001000000000000000000000000000000000000000001010000000000000000000000000000
000001010000000000000010000011100000000010010000000000010100000000000000000000000001000000000000000000000000000000000000000000011000000011000000000000000000000001000000000000000000000000000000000000000000000000000000000000000001000000000000000000000000000000000000000000100000000000000000000000000000
000000100000000000000010000100000000000010010000000000011000000000000001100000000010000000000000000000000000000000000000000000100100000100100000000000000000000000000000000000000000000000000000000000000000000000000000000000000001000000000000000000000000000000000000000000000000000000000000000000000000
000000000000000000000010000010100000000011100000000000000000000110000001100000000000000000000000000000000000000000000000000000011000000011000000000000000000000000000000000000000000000000000000000000000000000000000000000000000000000000000000000000000000000000000000001000000000000000000000000000011000
000000000000000000000000000001000000000000000000000000011000000110000000000000000000000000000000000000000000000000000000000000000000000000000000000000000000000000000000000000000000000000000000000000000000000000000000000111000000000000000000000000000000000000000000001000000000000000000000000000011000
000000110000000000000000000000000000000000000000000000011000000000000000000000000000000000000000000000000000000110000000000000000000100000000000000000000000000000000000000000000000000000000000000000000000000000000000000000000000000000000000000000000000000000000000001000000000000000000000000000000000
000000110000000000000000000000000000000001100000000000000000000000000000000000000000000001000000000000000000001001000000000000000001010000000000000000000000000000000000000000000000000000000000000000000000000000000000000000010000000000000000000000000000000000000000000000000000000000000000000000000000
000000000000000000000000000000000000000010010000000000000000000000000000000000000000000001111100000100000000000101000000000000000001010000000000000000000000000000000000000000000000000000000000000000000000000000000000011000010000000000000000000000000000000000000000000000000000000000000000000110000000
000000000000000000000000000000000000000001010000011000000000011100000000000000000000000000011110001000010000000010000000000000000000100000000000000100000000000000000000000000000000111000000000000000000000000000000000100100010000000000000000000000000000000000000000000000000011000000000000000110000000
000000000000000000000000000000000000000000100000100100000000010010000000000000000000000000110011011000001000000000000000000000000000000010000000000100000000000000000000000000000000000000000000000001100000000000000000011000000000000000000000000000000000011000000000000000000100100000000000000000000000
000000000000000000000000000000000000000000000000100100000000100010000000000000000000000010001010100000001000000000000000000000000000000101000000000100000000000000000000000000001100000001000000000010010000000000000000000000000000000000000000000000000000011000000000000000000011000000000000000000000000
000000000000000000000000000000000000000000000000011000000000000001000010000000000000000110001010101000001000000000000000000000011000000101000000000000000000000000000000000000001100000010100000000001100000000011000110000000000000000000000000000000000000000000000000000111000000000000000000000000000000
000000000000000000000000000000000000000000000000000000000011000110001101100000000000000110000110101000001000000000000000000000100100000010000000000000000000000000000000000000000000000010100000000000000000000101000110000000000000000011000000000000000000000000000000000000000000000000000000000000000000
000010000000000000000000000000000000000000000000000000000100100000001101100000000000000000000000010000000000000000000000000000100100000000000000000110000000000000000000000000000000000001000000000000000000000110000000000000000000000100100000000000000000000000000000000000000000000000000000000000000000
000101000000000000000000000000000000000000000000000000000101000000011000110000000000000000000000000000100000000000000000000000011000000000000000001001000000000000000000000000000000000000000000000000000000000011000000000000000000000101000000000000001000000000000000001000000000000000000000000000000000
000110000000000000000000000000000001000000000000000000000010000000011000110000010000000000000000000000011000000000000000000000000000000000000000000110000000000000000000000000110000000000000000000000000000000001100000000000000000000010000000000000001100000000000000010100000000000000000000000000000000
000000000000000000001100000000000010100000000000000000000000000000001101100000011000110000000000000000000000000000000000000000000000000000000000000000000000000000000000000000101000000000000000000000000000000001100000000000000000000000000000000000000000000000000000010100000000000000000000000110000000
000000000000000000010010000000000010010000000000000000000000000000001100000000001100110000000000000000000000000000000000000000000000000000000000000000000000000000000000000000010000000000000000000000000000000000000000000000000000000000000000000000000000000000000000001000000000000000000000000110000000
000000000000000000001100000000000001100000000000000000000000000000000011100000011000000000000000000000000000000000000000000000000000000000000000000000000000000000000000000000000000000000000000000000000000000000000000000000000000000000000000000000000011000000000000000000000000000000000000000000000000
000000000000000000000000000000000000000000000000000000000010000000000001000001110000000000000000000000000011000000000000000000000000000000000000000000000000000001100000000000000000000000000000000000000000000000000000000000000000000000000000000001000011000000000000000000000000000000000000000000000000
000000000000000000000000000000000000000000000000000000000101000000000000000011100000000000000000000000000100100000000000000000000000000000000000000000000000000001100000000000000000000000000000000001010000000000000000000000000000000000000000000010100000000000000000000110000000000000000010000000000000
000000000000000000000000000000000000000000000000000000000100100000000000000000100000000000000000000000000011000000000000000000000000000000000000000000000000000000000000000000000000000000000000000001011110000000110110000000000000000000000000000010100000000000000000000110000000000000000101000000000100
000000000000000000000000000000000000000000000000000000000011000110000100000000000000000000000000000000000000000000000000000000000000000000000001110000000000000000000000000000000000000000000001100000101111000000100010000000000000000000000000000001000000000000000000000000011100000000000101000000001010
000000000000000000000000000000000000000000000000000000000000000001001101110000000000000000000000000000000000000000000000000000000000000000000000000000000000000000000000000000000000000000000000010000000011100000011100000011100000000000000000000000000000000001100000000000000000000000000010000000001001
000000000000000000000000000000000000000000100000000000000000100010000100000000000000000000000000000000000000000000000000000000000000000000000000000000000000000000000000000000000000000000000000000000000001101000001000000000000000000000000000000000000000000001100000000001000001000000000000000000000110
000000000000000000000000000000000000000001010000000000000000010010000010001000000000000000000000000000000000000000000000000000000000000000000000000000000000000000000000000000000000000000000000000000000010000110000000000000000110000000000000000000000000000000000000000001000001000000000000000000000000
000000000000000000000000000000000000000001010000110000000000011100000010010000000000000000000000000000000011000000000000000000000000000000000000000000000000000000000000000000000000000000000000000000100111000110000000000000000110000000000000000000000000000000000000000001000001000000000000000000000000
000000000000000000000000000000000000000000100000110000000000000000000001110000000000000000000000000000000011000000000000000000000000000000000000000000000000000000000000000000000000000000000000000000101100000110000000000000000000001100000000000000000000000000000000000000000000000000000000000000000000
000000000000000000000000000000000000000000000000000000000000000000000000000000000000000000000000000000000000000000000000000000000000000000000000000000000000000000000000000000000000000000000000000000101000000000000000000001100000001100000000000000000110000000000000000000011100000000000000000000000000
000000010000000000000000000000000000000000000000000000000000000000000000000000000000000000000000000000000000000000000000000000000000000000010000000000000000000000000000000000000000000000000000000000000000100000000000000000110000000000000000000000000110000000000000000000000000000000000000100000000000
000000010000000111000111000000000000000000000000000000000000000000000000000000000000000000000000000000000000000000000000000000000000000000010000000000000000000000000000000000000000000000000000000000000010010000000000000001000000000000000000000000000000000000000000000000000000000000000000100000000000
000000010000000000000000000001110000000000000000000000000000000000000000000000000000000000000000000000000000000000000000000000000000000000010000000000000000000000000000000000000000000000000000000000000011001000000000000000000000000001110000000000000000000000000000000000000000000000000000100000000000
000000000000010000101000010000000000000000000000000000000000000000000000000000000000000000000000000000000000110000000000000000000000000000000000000000000000000000000000000000000000000000110000000000000010101100000000000000000000000000000000000000000000000000000000000000000000000000000000000000000000
000000000000010000101000010000000000000000000000000000000000000000000000000000000000000000000000000000000000110000000000000000000000000000000000000000000000000000000000000000000000000001001000000000000011001110000000000000000000000000000000000000000000000000001100000000000000000000000000000000000000
000110000000010000101000010000000000000000000000000000000000000000000000000000000000000000000000000000000000000000000000000000000000000000000000000000000000000000000000000000000000000001001000000000000010101100000000000000000000000000000000000000000000000000001100000000000000000000000000000000000000
000110000000000111000111000000000000000000000000000000000000000000000000000000000000000000000000000000000000000000000000000000000000000000000000000000000000000000000000000000000000000000110000000000000000000000000000000000000000000000000000000000000000000000000000000000000000000000000000000000000000
