300 300
000000000000001100000000000000000000000000000000000000000000000000000000000000000000000011000110000000000000000000000000000000000000000000010000000000000000000000000100000000000000000000000010000000000000011000000100110000000001000000000000000000000000000000000000000000000000000000000000000000000000
000000000000010010011100000000000000000000000000000000000000000000000000000000000000001010101010100000000000000000000000000000000000000000101000000000000000000000000100000000000000001100000010000000000000011000001000000100000010100000001100000000000000000000000000000000000000000000000111000000000000
000000000000001100000000000000000000000000000000000000000000000000000000000000000000111001101100111000000000000000000000000000000000000000101000000000000000000000000100000000000000001100000010000000000000000000000000011100000011000000010010000000000000000000000000000000000000000000000000000000000000
000000000000000000000000000000000000000000000000000000000000000000000110000110000000000000000000000000000000000000000000000000000000000000010000000000000000000000000000000000000000000000000000000000000000000000010000000000000000000000010100000000000000000000000000000000000000000000000000000000000000
000000000000000000000000000000000000000000000000000000000000000000001001000110000000000011000110000000000000000000000000000000000000000000000000000000000000000000000001110000000000000000000000000000000000000000001010110100000000000000001000000000000000000000000000000000000000000000000000000000000000
000000000000000000000000000000000000000000000000000000000000000000000110000000000000000010000010000000000000000000000000000000000000000000000000000000000000011000000000000000000000000000000000000000000000000000010100000100000000000000000000000000000000000000000000000000000000000000000000000000000000
000000000000000000000000000000000000000000000000000000000000000000000000000000000000000010000010000000000000000000000000000000000000000000000000000000000000011000000000000000000000000000000000000001000000000000110100001000000000000000000000000000000000000000000000000000000000000000000000000000000000
000000000000000000000000000000000000000000000000000000000000000000000000000000000000000000000000000000000000000000000000000000000000000000000000000000000110010100000000000000000011000000000000000011000000000000110100010000000000000000000000000000000000000000000000000000000000000000000000000000000000
000000000000000000000000000000000000000000000000000000000110000000000000000000000000000000000000000000000000000000000000000000000000000000000000000000000110001110000000000000000011000000000000000010100000000000010000100000001000100000000000000000000000000000000000000000000000000000000000000000000000
000000000000000000000000000000000000000000000000000000000101000000000000000000000000000000000000000000000000000000000000000000000000000000000000000000000000110100000000000000000000000000000000000000000000000000110001000000000000110000000000000000000000000000000000000000000000000000000000000000111000
110001100000000000000000000000000000000000000000000000000010000000000000000000000000000000000000000000000000000000000000000000000000000000000000000000000000110101000011100000000000000000000000000000000000000000100000100000000000011000000000000000000000000000000000000000000000000000000000000000000000
110001100000000000000000000000000000000000000000000000000000000000000000000000000000000000000000000000000000000000000000000000000000000000000000000000000000001110000110010000000000000000000000000000000000000000110001011100000111110000000000000000000000000000000000000000000000001110000000000000000000
000000000000000000000000000000000000000000000001000000000000000000000000000000000000000000000000000000000110000000000000000000000000000000000000000000000000000000001010001000000000000000000000000000000000000000001001001010000111000000000000000000000000000000000000000000000000010010000000000000000000
000000000000000000000000000000000000000000000001000000000000011000000000000000000000000000000000000000000110000000000000000000000000000000000000000000000000000000011010010000000000000000000000000000000000000000000100000011000000000000000000000000000000000000000000000000000000010010000000000000000000
000000000001100011000000000000000000000000000001000000000000011000000000000000000000000000000000000000000000000000000000000000000000000000011000000000000000000000001011100000000000110000000000000000000000000000000000000110000000000000000000000000000000000000000000000000000000110110000000000000000000
000000000001100011000000000000000000000000000000000000000000000000000000000000000000000000000000000000000000000000000000000000000000000100011000000000000010000000000111000000000001001000000000000000000000000000000000000000000000000000000000000000000000000000000000000000000000111110000000000000000000
000000000000000000000000000000000000000000110000000000000000000000000000000000000000000000000000000000000000000000000010000000000000001010000000000000000111001100000000001100000000110000010000000000000000000000000000000000000000000000000000000000000000000000000000000000000001110111000000000000000000
000000000000000000001100000000000000000000110000110000000000000000000000000000000000000000000000000100000000000000000010000000000000000110000000011000001001000000000000001100000000000000010000000000000000000000000000000000000000000000000000000000000000000000000000000000000000000011000000000000001100
000000000000000000001010000000000000000000000000110000000000000000000000000000000000000000000000000100000000000000000010000000000000000000000000011000011010000110000000000000000000000000010000000000000000000000000000001000000000000000000000000000000000000000000000000000000000011110000000000000010100
000000000000000000000100000000000000000000000000000000000000000000000000000000000000000000000000000100000000000000000000000000100000000000000000000000001101000000000000000000000000000000000000000000000000000000000000010100000000000000000000000000000000000000000000000000000000001000000000010000001000
000000000000000000000000000000000000000000000000000000000000000000000000000000000000000000000000000000000001110000000000000000100000000000000000000000000101100000000000000000000000000000000000000000000000000000000000010100000000000000000000000000000000000000000000000000000000001000000000001100000000
000000000000000000000000000000000000110000000000000000000000000000000000000000000000000000000000000000000000000000000000000000100000000000000000000000000011000000000000000110000000000000000000000000000000000000000000001000000000000000000000000000000000000000000000000000000000000001011001000000000000
000000000000000000000000000000000000110000000000000000000000000000000000000000000000000000000000000000000000000000000000000000000000000001100000000000000000000000000000000110000000000000000000000000000000000000000000000000000000000000000000000000000000000000000000000000000000000001010100001100000000
000000000000000000001000000000000000000000000000000000000000000000000000000000000000000000000000000000000000000000000000000000001110000001100000000000011000000000000000000000000000000000000000000000000000000000011100000000000000000000000000000000000000000000000000000000000000000000101110101100001000
000000000000000000011000000000000000000000000000000000000000000001000000000000000000000000000000000000000000000000000000000000000000000000000000000000100100000000000000000000000000000000000000000000000000000000111100000000000000000000000000000000000000000000000000000000000000000000000000001100001000
000110000000000000111100000000000000000000000000000000000000000111100000100000000000000000000000000000000000000000000000000000000000000000000000000000101000000000000000000000000000000000000001100000000000000001010010010000000000000000100000000000000000000000000000000000000000000000000010000010001000
001001000000000000000011000000000000000000000000000000000000001110011011100000000000000000000000000000000000000000000000000000000000000000000000000000010000000000000000000000000000000000000010010000000000000000110001000100000000000001010000000000000000000000000110000000000000000000000010000010000000
001010000000000000000111000000000000000000000000000000000000111111010000001000000000000000000000000000000000000000000000000000000000000000000000000000000000000000000000000000000000000000000001010000000000000000010000000010000000011001010000000000000000000000000110000000000000000000000001111101100000
000100000000000000000000000000010000000000000000000000000000101000110000111100000000000000000000000000000000000000000000000000000000000000000000000000000000000000000000000000000000000000000000100000000000000000101001000010000000011000100000000000000000000000000000000000000000000000000000000010100000
000000000000000100000110000000110000000000000000000000000000100100101000110110000000000000000000000000000000000000000000000000000000000000000000000000000000000000000000000000000000000000000000000000000001100000010001000010000000000000000000000000000000000000000000000000000000000000000000000010100000
000000000000001010000100000001010000000000000000000000000000100111000100000100000000000000000000000000000000000000000000000010000000000000000000000000000000000000000000000000000000000000000000000000000001100000011000011000000000000000000000000000000000000000000000000000000000000000000000000001000000
000000000000001001011100000001000000000000000000000000000000010001000010011000000000000000000000000000000000000000000000000101000000000000000000000000000000000000000000000000000000000000000000000000000000000000001000000000000000000000000000000000000000000000000111000000000000000000000000000000000000
000000000000001000000000000000100011000000000000000000000000001110000001000000000000000000000000000000000000000000000000000010000000000000000000000000000000000000000000000000000000000000000000000000000001100000001000000000000000000000000000000000000000000000000000000000000000000000000000000000000000
000000000000000010000000000000000001100000000000000000001100000000000000000000000000000000000000000000000000000000000000000000000000000000000000000000000000000000000000000000000000000000000000000000000001100000000000000000000000000000000000000000000000000000010000010000000000000000000000000000000000
000000000000000010011011000000000011000000000000000000000110000000000000000000000000000000000000000000000000000000000000000000000000000000000000000000000000000000000000000000000000000000000000000000000000000000000011100000000000000000000000000000000000000000010000010000001100000000000000000000000000
000000000000000001110001100000000000000000000000000000000000000000000000000000000000000000000100000000000000000000000000000000000000000000000000000000000000000000000000000000000000000000000000000000000000000000000011100000000000000000000000000000000000000000010000010000001100000000000000000000000000
000000000000000001110000010011000000000000000000000000101000000000000000000000000000000000001010000000000000000000100000000000000001000000000000000000000000000000000000000000000000000000000000000000000000000000000111100000000000000000000000000000000000000000000000000000000000000000000000000000000000
000000000000000001100111100100100000000000000000000000010011100000000000000000000000000000001010000000000000000001010000111000000010100000000000000000000000000000000000000000000000000000000000000000000000000000001100000000000000000000000000000000000000000000000111000000000000000000000000000000001100
000000000000000001101000100011000000000000100000000000000010000000000000000000000000000000000100000000011000000000100000000000000010100000000000000000000000000000000000000000000000000000000000000000000000000000000000000000000000000000000000000110110000000000000000000000000000000000000000000000001100
000010000000000001100011000000000000000001010000000000000000010000000000000000000000000000000000000000011000000000000001000100000001000000000000000000000000000000000000000000000000000000000000000000000000000000000000001100000000000000000001111101001000000000000000000000000000000000000000000000000000
000010000000000000101000100000000000000010010000000000000010111000000000000000000000000000000000000000000000000000000001000100000000000000000000000000000000000000000000000000000000000000000000000000000000000000000010001100000000000000000010110011001000000000000000000000000000000000000000000000000000
000010000000110000001011000000000010000001100000000000000010101000000000000000000000000000000000000000000000000000000000000000000000000000000000000000000000000000000110000000000000000000000000000000000000000000001100001110000000000000000110100000000000000000000000000000000000000000000000000000000000
000000000001000000001011000000000101000000000000001100000000000000000000000000000000000000000000000000000000000000000000111000000000000000000000000000000000000000000110000000000000000000000000000000000000000000010110001100000000000000000011000000111000000000000011000000000000000000000000000000000000
000000000001001000000100000000000101000000000000000110000000000000000000000000000000000000000000000000000000001000010000000000000000000000000000000000000000000000000000000000000000000000000000000000000000000000011000001100000000000000000001000000011000000000000011000000000000000000000000000000000000
000000000001000110000000000000000010000000000010000000000000000000000000000000000000000000000000000000000000001000010000000000000000000000001100000000000000000000000000000000000000000010000000000000011000000001100000001100000000000000000000000000000000000000000000000000000000000000000000000000000000
000000000001000100000000000000000000000000000101001110000000000000000000000000000000000000000000000000000000001000010000000000000000000000000100000000000000000000000000000000000000000101000000000000100100000001100110000110000000000000000000000000000000000000000000000000000000000000000000000000000000
000000000001000110000000000000000000000000001000001000000000000000000000000000000000000000000000000000000000000000000000000000000000000000000110000000001100000000000000000000000000000101000000000000011000000010110110000000000000000000000000000000000000000001000000000000000000000000000000000110000100
000000000000100110000000000000000000000000010000000100001100000000000010000000000000000000000000000000000000000000000111000000000000000000001010100000001100000000000000000001100000000010000000000000000000000100000110000000000100000010000000000000000000000010100000000000000000000000000000110110000100
000000000000010100000000000000000000000000100000011000110100000000000111000000000000000000000000000000000000000000000000000000000000000000100110110000000000000000000000000001011000000000000000000000000000001000000000000000000010001011000000000000000000000010100000000000000000000000000000010100000010
000000000000001000000000000000000000000000100000010000110000000000001111100000000000000000000000000000000000000000000000000000000000010100100000000000000000000000000000011100111000000000000000000000000000000101000000000000000100011001000000000000000000000001000000000000000000000000000000001000000000
000000000000000000000000000000000000001001000000100000110100000000010000010000000000000000000000000000000000001000000000000000000000010001001000000000000000000000000010111100011000000000000000000000000000000000000000000000000000011101100000000000000000000000000000000000000000000000000000000000000100
000000000000000000000000000000000110000100110001100000001010000000110010011000000000000000000000000000000000001000000000000011000000000000100010000000000000000000000011111110100000000000000000000000000000100001110000000000000000001111100000000000000000000000000000000000000000000000000000000000000100
000000000000000000000000000000001000001100001000001000001010000001110101011100000000000000000000000000000000001000000000000100100000000110000110000000000000011100000000110010110000000000000000000000000001110000001000000000000000000111000000000000000000000000000000000000000000000000000000000000000100
000000000000000000000000000000000000000000000100001000000000000000110010011000000000000000000000000000000000000000000000000010100000000100100110000000000000000000000000110000000001000000000000000000000001100011000000000000000000000010000000000000000110000000000000000000000000000000000000000000000000
000000000000000000000000000000011010000000001000001000000000000000010000010000000000000000000000000000000000000000000000000001000000000111100000000000000000011000000000100000010011000000000000000000000000001000000000000000000000000000000000000000000110000000000000000000000000000000000001000000000000
000000000000000000000000000000010100000000110001100000000000000000001111100000010000000000000000000000000000000000000000000000000000000100010001100000001100100010000001000010010001000000000000000000000000011010100000000000000000000000000000000000000000000000000000000000010000001100000001000000000000
000000000000000000000000000000100111000001000000000000000000000000000111000000101000000000000000000000000000000000000000000000000000000001110001100000000110111100000000000000000000000000000000000000000000001010110000000000000000000000000000000000000000000000000000000000111000001100000000000000000000
110000000000000000000000000000011100111000100010000000000001100000000010000000011000000000000000000000000000000000000000000000000000000001110001000001101110110000000000000101000000000000000000000000000000010100000000000000000000000000000000000000000000000000000000000001101000000000000000000000000000
110000000000000000000010000000001000111000100100000000000010010000000000000000000000000000000000000000000000000000000000000000000000000000000000000001111100000000000000000101001000000000000000000000000000010000000000000000000000000000000000000000000000000000000000000000000000000000000001000000000000
000000000000000000000101000000000100000000011100000000000010100000000000000000000000000000000000000000000000000000000000000000000000000000000000000000101100000000000000000110011000000000000000000000000000000000001000000000000000000000000000000000000000000000000000000000000000000110000000000000000000
000000001100000000000101000000000100000000000000000000000001000000000000000000000000000000000000000000000000000000000000000000000000000000011100000000100100000000000000000001001000000000000000000000000000000000010100000000000000000000000000000000000000000000000000000000000111000110000000000000000000
000000010010000000000010000000000111000000000000000000000000000000000000111000000000000000000000000000000000000000000000000000000000000000000000000010000000000000000000000001110000000000000000000000001100000000010000000000000000000000000100000000000000011100000000000000000100000100100000000000000000
000000001100000000000000000000000000000000000000000000000000000000000010000100000000000000000000000000000000000000001000000000000000000000010100000110110000000000000000000000000000000000000000000000010100000000000001000000000000000000001010000000000000000000000000000000000000000010010000000000000000
000000000000000000000000000000000000000000000000000000000000000000000010000010000000000011100000000000000000000000010100000000000000000000000010001100011100000000000000000000000000000000000000000000011000000000011000100000000000000000001100000000000000000000000000011100000110000010001000000000000000
000000000000000000000000000000000000000000000000000011000000000000000000010100000000000000000000000000000110000000010100000000000000000000100010001110001100000000000000000000000000000000000000000000000000000100010000000000000000000000000000000000000000000000000000000000010010000000101000000000000000
000000000000000000000000000000000000000000000000000100100000000000000101100100000000000000000000000000000110000000001000000000000000000000000000000000001100000000000000000000000000000000000000000000000000010001001100000000000000000000000000000000000000000000000000000000001100000000110000000000000000
000000000000000000000000000000000000000000000000000011000000000000000001010110000000000000000000000000000000000000000000000000000000000000100110000010001000000000000000110000000000000000000000000000000000100001001100010000000010000000000000000000000000000000000000000001000000000000000000000000000000
000000000000000000000000000000000000000000000000000000000000000000000000110010000000000000000000000000000000000000000000000000000000000000000000000000001000000000000000110000000000000000000000000000000000100000100101100000000101100000000000000000000000000000000000000010100000000000000000000000000000
000000000000000000000000000000000000000001000000000000000000000000000000101010011100000001100000000000000000000000000000000000000000000000000000000111000000000000000000000000000000000000000000000000000000110000001110000000001000100000000001000000000000000000000000000010100000000000000000000000000000
000000000000000000000000000000000000000010000000000000000000000000000000000000000000000001100000000000000000000000000000000000000000000000000000001111111000000000000000000000000000000000000000000000000000000000011000000000000110000000000010100000000000000000000000000001000000011000000000000000000000
000000000000000000000000000000000000000011100000000000000000000000000001000000001000000000000000000000000000000100000000000000000000000000000000001111000100000000000000000000000000000000000000000000000000001101100000000000000000100000000100100001000000000000000000000000000000011000000000000000000000
000000000000000000000000000000000000000000000000000000000000000000000000111110101000000000000000000110000000001010000000000000000000000000000000000001100100000000000000000000000000000000000000000000011000000000000001000000000011110000000011000001000000000000000000000000000000001101100000000000000000
000000000000000000000000000000000000000000000000000000000000000000000000100000000100000000000000000110000000001010000000000000000000000000011000000000011000000000000001000000000000000000000000000000011000000000000110110000000110010000000000000001000000000000000000000000000000000010100000000000000000
000000000000000000000000000000000000000000000000000000000000000000000000001110000100000000000000000000011100000100000000000100011110000000011000000000000000000110000001000000000000000000000000000000000000000000001101000000001000110000000000000000000000000000000000000000000001100000100000000000000000
000000000000000000000000000000000000001110000000000000000000000000000111000101000010000000000000000000000000000000000000001011011111000000000000000000000000001001000001000000000001100000001100000000000000000000001111000000001100000000000000000000000000000000000000000000000001100000000000000000000000
000000000000000000000000000000000000001001000000000000000000000000000100100000100010000000000000000000000000000000000000010101011111100000000000000000000000000110000000000000000001110000011100000000000000000011110010000000000100000000000000000000000000000000000000000000000000000000000000000000000000
000000000000000000000000000000000000100000000000000000000000000000001000100000011110000000000000000000000000000000000000110001000000110000000000000000000000000000000000000000000010001000100010000000000000000110011100000000000001100000000000000000000000000000000011000000000000000000000000000000000000
000000000000000000000000000000000000100000100000000000000000000000000000010000000000000000000000000000000000000000000000101110110000101000000000000000000000000000000000000000001000100000001000100000000010011100011000000000000011110000000000000000000000000000000011000111000000000000000000000000000000
000000000000000000000000000000000000100000100000000000000000000000110001100000000000000000000000000000000000000000000000011001000111101100000001100000000000000000000000000000001000010000010000100000000000111001100000000000000100001000000000000000000000000000011001011001011000000000000000000000000000
000000000000110000000000000000000000001111110000000000000000000010000010000000011000000000000000000000000000000000000000001000000000101000000001100000000000000000000000000000011000000000000000110000000000000000000000000000000011110000000000000000000010000000011101011000111000000000000000000001100000
000000000001001000000000000000000000000100010000000000000000000010000100000000101000000000000000000000000000000000000100000000010000010000000000000000000000000000000000000000100100000000000001001000010000111000000000000000000001100000000000000000001111000000000001111011100100000000000000000001100000
000000000001010000000000000000000000011111100000000000000000000010000010000001110000000000001100000000000000000000001110000000000000000000000000000000000000000000000000000001101111110000011111101100000000010111000000000000000000000000000000000000011111000000000000000000011100000000000000000000000000
000000000000100000000000000000000001000100000000000000000000000000110001100001110000000000001100000000000000000000010011000000000111000000000000000000000000000000000000000011011000100000001000110110000100100110000000000000000000000000000000000000011000000111000000110000000001100000000000000000000000
000000000000000000000000000000000000110000000000000000000000000000000000010001101000011000000000000000000000000000001000100000001100000000000000000000000000000000000000000001100010100000001010001100000011111100011000000000000000000000000000000000000000000000000000010000001100000000000000000000000000
000000000000000001000000000000000000000000000000000000000000000000001000100001101000011000000000000000000000000000101111100000001110000000000000000000001000000000000000000000111001000000000100111000000000001001000110000000000110000000000000000000000000000000000000010000000100010000000000000000000000
000000000000000011100000001010000000000000000000000000000000000000000100100000000000000000000000000000000000000001010010000110000010000000000000000000001000000000000000000000000000100000001000000000000100000001000000000000011001000000000000000000110000000000000000000011000001100000000000000000000000
000000000000000111110000111010000000000000000000000000000000000000000111000001010000000000000000000000000000000000001010000001001100000000000000110000001000000000000000000000000000000000000000000000001010000001000001000000110001000000000000000000000000000000000000000011000000010000000000000000000000
000000000000001000001011000010000000000000000000000000000000000000000000000001010000000000000000000000000000000010111000000000011100000000000001001000000000000000000000000000000000000000000000000000001010000000100010000000010000000000000000000000000000000000000000000100000001110000000000000000000000
000000000000011000001101101100000000000000000000000000000000000000000000000000100000000000000000000000000000000001100000000000010000000000000000110000000000000000000000000000000000001101100000000000000100000000011100000000110100000000000000000000000000000000000000000000000001110000000000000000000000
000000000000110000000100000000100000000100000000000000000000000000000000000000000000000000000000000000000000000000000000000000000000000000000000000000000000000000000000000000000000001101100000000000000000000000000000000000010110000000000000000000000000000000000000000000000000000000000000000000000000
000000000110110100010100000001010000011000011000000000000000000000000000000000000000000000000000000000000000000000001001000000000000000000010000000000000000000000000000000000000000000010000000000000000000000000000000000000001100000000000000000000000000000000000000000000000000000000000000000000000000
000000000101001100011000000011011000000100000000000000000000000000000001010000000000000000000000000000000000000000010010000000000000000000010000000000000000000000000000000000000000000000000000000000000000001100000000000000000000000000000000000000000000000000000000010000000000000000000000000000000000
000000000010000000000000000111000000000000000000000000000000000000000101001000000000000000000000000000000000000000001100000000000000000000010000000000000000000000000000000000000000000000000000000000000000001100000000000000000000000000000000000000000000000000000001001000000000000000000000000000001100
000000000000000000000000000111000000000000000000000000000000000000010000001000000011000000000000000000000000000000000000000000000000000000000000000000000000000000000000000000000000000000000000000000000000000000000000000000000000000000000000000000000100000000000001001000000000000000000000000000001100
000110000000000000000000000011000000000000000000000000000001000000010010000000000100100001000001100000000000000000000000000000000000000000000000000000000000100000000000000000000000110000000000000000000000000000000000000000000000000000011100000000001001000110000000100000000000000000000000000000000000
000110000000000000000111000000010010100000000000000000000010100000010110000000001100000010010001010000000000000000000000000000000000000000000000000000000001010000000000000000000000110000000000000000000000000000000000000000000000000000000000000000000110000110000000000000000000000001000000000000000000
000000000000000000001001000000011111011000000000000000000000000001101010100011011100000100010000001100000000000000000000000000000000000000000000000000000000100000000000000000000000000000000000000000000000001000000000000000000000000000000000000001000000000000000000000000000000000001100000000000000000
000000000000000000001000100000100010101000000000000000000000000000000000011001001110000100010000010110000000000000110000000000000000000000000000000000000000000000000000000000000000000000000000000000000000011111110000000000000010100000000000000010100000000000000001000000000000000001110000000000000000
000000000000000000011010100000011000011000000000000000000000000001011100001011000101000101100000010100000000000000110000000000000000000000000000000000000000000000000000000000000000000000000000000000000000001111101000000000001110100000000000000000100000000000000010100000000000011100001100000000000000
000000000000000000011011000000000000000000000000000000000000000000110100100010000010000100100000010100000000000000000000000000000000000000000000000000000000000000000000000000000000000000000000000000000000000001101111000000110001000000000000000001000000000000000011000000000000100010001010000000000000
000000000000000000001110000000000000000000000000000000000000000000000000101100000000000011000000000000000000000000000000000000000000000000000000000000000000000000000000000000000000000000000000000000000001000001001101010001000110000000000000000000000000000000000000000000000000010011001001000000000000
000000000000000000000000010000000000000000000000000000000000000000010011000000000000000010100000000000000000000000000000000000000000000000000000000000000000000000000000000000000000000000000000010000011000110101000101100001111100000000000000000000000000000000000000000000000000001101101010000000000000
000000000000000000000001101100000001100000000000000000000000000000000000100100000000000001000000000000000000000000000000000000000000000000000000000000000000000000000000000000000000000000000100011101000001010100001000000000000000000000000000000000000000000110000000000000000000000001100100000000000000
000000000000000000000001000100000001100000000000011000000000000001011010100000000000000000000000000000000000000000000000000000000000000000000000000000000000000000000000000000000000000000001111111101001010011010001000000000100000000000000000000000000000000110000000000000000000000000000000000000000000
000000000000000000000011011011000000000000000000011000000001000110001010001000000000000000000000000000000000000000000000000000001000000000000000000000000000000000000000000000000001100000010001000000001010010010100000000000100110000000000000000000000000000000000000000000000000000000000000000000000000
000000000000000000000001011001000000000000000000000000001101100000000100000000000000000000000000000000000000000000000000000000001000000000000000000000000000010000000000000000000010010000010111000000001000001010110000000001000110000000000000000000000000000000000000000000000000000000000000000000000000
000000000000000000001100001001000000000000000000000000010001000000010000100000000000000000011000000000000000000000000000001000001000000000000000000000000000101000000000000000000001100000001101110000000110000100000000000000100000000000000000000000000000000000000000000000000000000000000000000000000000
000000000000000000000001101010000000000000000000000000010000000100010001000000000000000000000000000000000000000000011000011100000000000000000000000000000001001000000000000000000000000000000000110100001100000000000000000000101000000000000000000000000000000000000000000000000000000000000000000000000000
000000000000000000000000000000000000000000000000000000011100001001000000000000000000000110011100000000000000000000011001000110000000000000000000000000000000110000000000000000000000000010000000010100000000000000000000000000010000000000000000000000000000000000000000000000000000000000000000000000000000
000000000000000000000000000000000000000000000000000000000000000001000000000000000000011010000000011000000000000000000001001001001100000000000000000000000000000000000000000000110000000101000000000000000000000000000000000000000000000000000000011000000000000000000000000000000000000000000000000000000000
000000000000000000000000000000000000000000000000000000000000000101000000000000000000011000000011100100000000000000000001000101001000000000001000000000000000000000000000000000101000000101000000000000000000000000000000000000000000000000000000011100000000000000000000000000000000000000000000000000000000
000000000000000000000000000000000000000000000000000000000000000000000000000000000000011010000110000000000000000000000000001110000100000000010100010000000000000000000000000000010000000010000000000000000000000000000000000000000000000000000000101000000000000000000000000000000000000000000000000000000000
000000000000000000000000000000000000000000100000000000000000000000000000000000000000000110001001000010000000000000000010111000000000010000000100110000000000110000000000000000000000000000000000000000000000000000000000000000000000000000000000010001110000001100000000000000000000000000000000000000000000
000010000000000000000000000000000000000001100000000000000000000000000000000000000000000000001100100000000000000000000010011000000111000000001100001000000001010000000000000000000000000000000000000000000000000000000000000000000000000001100000000001111100001100000000000000000000000000000000000000000000
000100000000000000000000000000000000000010010000000000000000000000000000000000000000000000000100010100000000000000000000111000001110000000000000011000000000001000000000000000000000000000000000000000000000000000000000000000000000000000110000000000000000000000000000000000000000000000000000000000000000
000111000000000000000000000000000000000110100000000000000000000000000000000000000000000000000000011000000000000000000000110000011010000000000000000100000010000001000000000000000000000000000000000000000000000000000000000000001100000000000000000000000000000000000000000000000000000000000000000000000000
000000000000000000000000000000000000000010110100000000000000000000000000000001100000000000000000000000000000000000000000100000010000000000001000000100000010000001000011000000000000000000000000000000000000000000000000000000001100000000000000000000000000000000000000000100000000000000000000000000000000
000000000000000000000000000000000000000001000100000000000000000000000000000001100000000000010000000000000000000010000000011001110000000000000000000000000010000001000100100000000000000000000000000000000000000000000000000000000000000000000000000000000000000000000000001010000000000000000000000000000000
001000001000000000000000000000000000000000001010000000000000000000000000000000000000000000011100000000000000000101000000001000000000000000000100001000000010110100000011000000000000000000000000000000000000000000000000000000000000000000000000000000000000000000000000001010000000000000000000000000000000
010110110110000000000000000000000000000000001000000000011100000000000000000000000010001000000100000000000000000101000000000000000000000000000001100000000100100000000000000000000000000000000000000000000000000011100000000000000000000000000000000000000000000000000000000100000000000000000000000000000000
010011110110000000000000000000000000000000110100000000011100000000000000000000000010001000011100000000000000000010000000010010000000000000000000000000000011000000000000000000000000000000000000000000000000000011100000000000000000000000000000000000000000000000000000000000000000000000000000000000000000
001011011100000000000000000000000000000000100100000000100010000000000000000000000010001000101000000000000000000000000000010000000000000000000000000000000000000000000000000000000000000000000000000000000000000001100000001100000000000000000000000000000000000000000000000000000000000000000000000000000000
000000000000000000000000000000000001100000100100000000110110000000000000000000000001001000101000000000000000000000000000110000010000000000000000000000000000000000000000000000000000000000000000000000000000000011000000010010000000000000000000000000000000000000000000000000100000000000000000000000000000
000001011000000000000000000000000001100000010010000000000000000000000000000000000000101000110000000000000000000000000000110010001000000000000000011000000000000000000000000000000000000000000000000000001000000001100000001100000000000000000000000000000000000000000000000001010000000000000000000100000000
000010001000000000000000000000000000000000001100000000000000000000000000000000000000010000000000000000000000000000000001100001000000000000000000011011000000000000000000000000000000000000000000000000001100000000000000000000000000000000000000000000000000000000000000000001010000000000000000001010000000
000001000100000000000000000000000000000000000100000000000000000000000000000000000000000000000000000000000000000000000001001000000000000000000000000100100000000000000000000000001110010000000000000000010100000000000010000000000000000000000000000000000000000000000000000000100000000000000000001010000000
000000001000000000000000000000000000000000000000000000000000000000000000000000000000000000000000000000000010000000000000101001000000000000000000000111000000000000000000000000000000101000000000000000000000000000000101000000000000000000000000000000000000000000000000000000000000000000000000000100000000
000000011000100000000000000000000000000111000111000000000000000000000000000000000000000000000000000000000001000000000000000010001100000000000000000110000000000000000000000000000000100100000000000000000000000000000101000000000000000011100000000000000000000000000000000000000000000000000000000000000000
000000000101100000000000000000000000000000000000000000000000000000000000000000000000000000000000000000010000010000000000000111001100000000000000000000000000000000000000000000000000010110000000000000000000000000000010000000000000000000000000000000000000000000000000000000000000000000000000000000000000
000000000000000000000000000000000000000000010000000000011100000000000000000000000000000000000000000000100000110000000000000101000100000010000000000000000000000000000000000000000001100001000000000000000000000000000000000000000000000000000000000000100000000000000000000000000000000000000000000000000000
000000001000000000000000111000000100000000010000000000011000000000000000000000000000000000000000000001001100000000000000000000001000000101000000011111000000000000000000000000000111100001000000000000000000000000000000000000000000000000000000000001010000000000000000000000000000000000000000000000000000
000000000011000000000000000000001010000000010000000000100000000000000000000000000000000000000000000001000100000000000000000001010000000110000000100011000000000000000000000000000100001100100000000000000000000000000000000000000000000000000000000001010000000000000000000000000000000000000000000000000000
000000000000000100000010000010000100000000000000000010100000111000000000000000000000000000000000000000000000000000000000000000000000000000000000011011000000000000000000000011001001100010110000000000000000000000000000000000000000000000000000000000100000000000000000000000000000000000000000000000000000
000000000000001010000010000010000000000000000000000100100000010100000000000000000000000000000000000010011000001000000000000010100000000000000000000000000000000000000000000100100101100000100000000000000000001110000000000000000000000000000000000000000000000000000000000000000000000000000000000000000000
000000000000010010000010000010000000000000000000001001000000000100000000000000000000000000000000000001100000011100000000000001000000000000000000000000000000000000000000000011000110110111100000000000000000000000000000000000000000000000000000000000000000000000000000000000000000000000000000000000000000
000000000000001100000000000000000000000000000000000110000000011100000000000000000000000000000000000000000000000000000000000001000110000000000000000000000000000000000000000000000011010101100000000000000001100000000000000000000000000000000000000000000000000000000000000000110000000000000000000000000000
000000000000000000000000111000000000000000000000000000100100000000000000000000000000000000000000000000000000001100000000000000001001000000110000000000000000000000000000000000000001011100000000000000000001100000000000000000000000000000000000000000000000000000000000000000110000000000000000000110000000
000000000000000000000000000000000000000000000000000000110000000000000000000000000000000000000000000000000000000000000000000000000110000000110000000000000000110000000000000000000000000000000000000000000000000000000000000000000000000000000000000000000000000000000000000000000000000000000000000110000000
000000000000000000000000000000000000000000000000000001010000000000000000000000000000001100000000000000000000000110000000000000000000000000000011100000000001001000000000000000000000110000000011000000000000000000000000000000000000000000000000000000000000000000000000000000000000000000000000000000000000
000000000000000000000000000000000000000000000000000000000000000000000000000000000000001100000000000000000001001110000000000000000000000000000010101100000000110000000000000000000000101000000011000000000000000000000000000000000000000000000000000000000000000000000000000000000000000000000000000000000000
000000000000000000000000000000000000000000000000000000000000000000000000000000000000000000000000000000000001010101000000000000000000000000000000001000000000000000000000000000000001000100000000000000000000000000000000000000000000000000000000000000000000000000000000000000000000000000001100000000000000
000000000000000000000000000000000000000010000000001101110000000000000000000000000000000000000000000000000000000001100000000000000000000000000000101000001000000000000000000000000000101100000000000000000000000000000000000000000000000001000000000000000000000000000000000000000000000000001100000000000000
000000000000000000000000000000000000000010000000001000011000000000000000000000000000000000000000000000000000111011000000000000000000000000000000010000010100000000000000000000000000010000000000000000000000000000000000000000000000000001000000000000000000000000000000000000000000000000000000000000000000
000000000000000000000000000000000000000010000000000100000100000000000000000000000000000000000000000000000000001110000000000000000000000000000000000000010100000000000000000000000000000000000000000000000000000000000000000000000000000001000000000000000000000000000000000000000000000000000000000000000000
000000000000000000100000000000000000000000000000000001111100000000000000000000000000000000000000000000010000000100000000000000110000000000000000000000001000000000000000000000000000000000000100000000000000000000000000000000000000000000000000000000000000000000000000000000000000000000000000000000000000
000000000000000001010000000000000000000000010000000000001000000000000000000000000000000000000000000000101000000000000000000000110000000000000000000000000000000000000000000000000000011000000100000000000000000000000000000000000000011100011100000000000000000000000000000000000000000000000000000000000000
000000000000000001001000000000000000000000101000000000000001000000000000000000000000000000000000000000101000000000000000000000000000000000000000000000000000000001000000011000000000011000000100000000000000000000000000000000000000000000000000000000000000000000000000000000000000000000000000000000000000
000000000000000000110000000000011000000000101000000000000010100000000000000000000000000000000000000000010000000000000000000000000000001100000000000000000000000011000000000100010000000000000000000000000000000000000000000000000000000001000000011000000000000000000000000000000000000000000000000000000000
000000000000000000000000000000100100000000010000000000001101000000000000000000000000000000000000000000000010000000000000000001110000001100000000000000000000000001100000101000111000000000000000000000000000000000000000000000000000000001000000011000000000000000000000000000000000000000000000000000000000
010000000000000000000000000000101000000000000000000000001100000000000000000000000000000000000000000000000010000000000000000001110000000000000000000000000000000000000000100001000000000000000000000000000000000000000000000000000000000001000000000000000000000000000000000000000000000000000000000000000000
101000000000000000110000000000010000000000000000000000001101000000000000000000000000000000000000000000000010000000100000000000000000000000000000000000000001100000000000000001000101000000000000000000000000000000000000000000000001000000000000000000000000000000000000000000000000000000000000000000000000
101000000000000000110000000000000000000000000000000000000011000000000000000000000000000000000000000000000000000000100000000000000000000000000000000000000000100000000000000101000001100000000000000000000000000000000000000000000001000000000000000000000000000000000000000000000000000000000000000000000000
010000000000000000000000000000000000000000000000000000000000000000000000000000000000000000000000000110000000000000100000000000000000000000000000000000000100000000000011000000010101000000000000000000000000000000000000000000000001000000010000000000000000111000000000000000000000000000000000000000000000
000000000000000000000000000000000000000000000000000000000000000000000000000000000000000000000000000110000000000000000000000000000000000001100000000000000110000000000010011001000000000000000000000000000000000000000000000000000000000000101000000000000000000000000000000000000000000000000000000000000000
000000000000000000000000000000000000000000000000000000000000000000000000000000000000000000000000000000000000000000001110000000000000000001010000000000000000000000000010000001100000000000000000000000000000000000000000000000000000011100101000000000000010000010000000000000000000000000000000000000000000
000000110000000000000000000000000000000000000000000000000000000000000000000000000000000000000000000000000000000000000000000000000000000000100000000000000000000000000001000111110000000000000000000000000000000000000000000000000000000000010000000000000010000010000000000000000000000000000000000000000000
000000110000000000000000000000000000000000000000000000000000000000000000000000000000001100000000000000000000000000000000000000000000000000000000000000000000000011000000100000110110000000000000000000110000000000000000000000000000000000000000011000000010000010000000000000000000000000000000000000000000
000000000000000000000000000000000001110000000000000000000000000000000000000000000000001100000000000000000000000000000000000000000000000000000000000000000000000011000000011100110000000000000000000000110000000000000000000000000001000000000000011000000000000000000000000000000000000000000000000000000000
000000000000000000000000000000000000000000000000000000000000000000000000000000000000000000000000000000000000000010000000000000000000000000000000000000000000000000000000000001110000000000000000000000000000000000000000000000000010100000010000000000000000111000000000000000000000000000000000000000000000
000000000000000000000000000000000000000000000000000000000000000000000000000000000000000000000000000000000000000010000000000000000000110000100000000000000000000000000000000000100000000000000000000000000000000000000000000000000100100000010000000000000000000000000000000000000000000000000000000000000000
000000000000000000000000000000000000000000000000000000000000000000000000000000000000000000000000000000000000000000100000000000011000001001001000000000000000000000000000000000011100000000000000000000000000000000000000000000000011000000010000000000000000000000000000000000000000000000000000000000001000
000000000000000000000000000000000000000000010000000000000000000000000000000000001110000000000000000000000000000001110000000000100000001000110110000011000000000000000000000000001100000000000000000000000000000000000000000000000000000000000000000000000000000000000000000000000000000000000000000000010100
000000000000000000000000000000000000000000110000000000000000000000000000000000000000000000000000000000000000000001101000000000000000101000110000000011000000000000000000000000000000000000000000000000000000000000000000000000000000000111000111000000000000000000000000000000000000000000000000000000010100
000000000000000000000000000000000000000000110000000000000000000000000000000000000000000000000000110000000000000000001000000000100000011000000000000000000000000000000000000000000000000011000000000000000000000000000000000000000000000000000000000000000000000000000000000000000000000000000000000000001000
000000000000000000000000000000000000000000100000000000000000000000000000000000000000000000000000110000000000000000011000000000011000110000001010000000000000000000000000000000000011000111000000000000000000000000000000000000000000000000010000000000000000000000000000000000000000000000000000000000000000
000000000000000000000000000000000011000000000000000000000110000000000001000000000000000000000000000000001000000000000000000000001100110000001000000000000000000000000000000000000111010000100000000000000000000000000000000000000000000000010000000000000000000000000000000000000000000000000000000000000000
000000000000000000000000000000000011000000000000000000000110000000000010100000000000001110000000000000010000000000000000010000000011100000000100000000000000000000000000000000000011011010100100000000000000000000000000000000000000000000010000000000000000000000000000000000000000000000000000000000000000
000000000000000000000000000000000000000000000000000000000000000000000010100000000000000000000000000000001000000000000001010000000000000000000000000000000000000000000000000000000000011011111011000000000000000000000000000000000000000000000000000000000000000000000000000000000000000000000000000000000000
000000000000000000000001000000000000000000000000000000000000000000000001000000000000100000100000000000000000000000000000110000000000000000000000000000000000000000000000000000000000000000011011000000000000000000000000000000000000000000000000000000000000000000000000000000000000000000000000000001100000
000000000000000000000001000000000000000000000000000000010000000000000000000000000000100000100000000000000000000000000000000000000000000011000000000011110000000000000000000000000000000000011001000000000000011000000000000000000000000000000000000000000000000000000000000000010000000000000000000001100000
000000000000000000000001000000000000000000000000000000010000000110000000000000000000100000100000000000000000000000000000000000000011000011000100001101111000000000000000000000000000000000000110000000000000101000000000000000000000000000000000000000000000000000000000000000101000000000001110000000000000
000000000000000000000000000000000000000000000100000000010000000110000000000000000000000000000000000000000000000000000000000100000110110000000100110000100110000000000000000000000000000000000000000000000001010000000000000000000000000000000000000000000000000000110000000000101000000000000000000000000000
000000000000000000011100000000000000000000001010000000000000000000000000000000000000001110000000000110000000011000000000001010000010001000000011000110100011000101000000000000000000000000000000000000000000100000000000000000000000000000000000000000000000000001001000000000010000000000000000000000000000
000000000000000000000000000000000000000000000110000111000111000000000000000000000000000000000000000110000000011000000000000001000001110001100000000000110001101001000000000000000000000000000000000000000000000000000000000000000000000000000000000000000000000000110000000000000000000000000000000000000000
000000000000000000000000000000000000000000000000000000000000000000000000000000000000000000000000000000000000000000000000000010000000100100100000000000010011100100000000000000000000000000001000000000000000000000000000000000000000000000000000000000000000000000000000001100000001100000000000000000000000
000000000000000000000011000000000000011000000000000000010000000000000000000001111000101000000000000000001110000000000000000000000000000110111100000011011000110100000000000000000000000000011000000010000000000000000000000000000000000000000000000000000000000000000000010010000001100000000000000000000000
000000000000011100000011000000000000100100000000000000010000000000000000000001000100100100000000000000000000000000000000000000000000000010011000000010010000011000000000000000000000000000000000000101000000000000000000000000000000000000000000000000000000000000000000001100000000000000000000000000000000
000000000000000000000000000000010001001000000000000000010000000000000000000011111100001100000000000000000000000000000000000000000000001010110000000011100000000000000000000000000000000000000000000101000000000000000000000000000000000000000000000000000000000000000000000000000000000000000000000000000000
000000000000000000000000000000010000110000000000000000000000100000000000000111000000001100000000000000000000000000000000000010100000010001111000000000000000000000000000000000000000000000000000000010000000000000000000000000000000000000000000000000000000000001100000000000000000000000000000000000000000
000000000000000000000000000000010000000000000000000000000000100000000000000110000011000100000000000000000000000000000000000100100000001010000000000000000000110000000000000000000000000000000000000000000000000000000000000000000000000000000000000000000000000001100000000000110000000000000000000000000000
000000000000000000000000000000000000000000000000000000000000100000000000001100000011011100000000000000000000000000000000000010100000000100000000000000000000110000000000000000000000000000000000000000000000000000000000000000000000000000000000000000011000000000000010000000110000000000000000000000000000
000000000000000000000000000111000111000000000000000000000000000000000000000101100011010100000000000000000000000000000000000000000000000000001100000000000000000000000000000000000000000000000000000000000000000000000000000000000000000000000000011000010100000000000101000000000000000000000000000000000000
000000000000000000000000000000000000000000000000000000001110001110000000000011100000111000000000000000000000000000000000000000000000000000001110000000000000000000000000000000000000000000000000000000000000000000000000000000000000000000000000100100001000000000001010000000000000000000001100000000000000
000000111000000000000000000000010000000000000000000000000000000000000001100001000000011100000000100000000000111000000000000000000000000000010000000000000000000000000000000001000000110000000000000000000110000000000000000000000000000000000000101000000000000000001100000000000000000000001100000000000000
000000000000000000000000000000010000000000000000000000000000100000000001100000000000000100000000110000000000000000000000000000000000000000000110000000000000000000000000000010100000110000000000000000000110000110000000000000000000000000000000010000000000000000000000000000000000000000000000000000000000
000010000010000000000000000000010000000000000000000000000000100000000000000000000000000100000001001000000000000000000000000000000000000000000110100000000000000000000000000010100000000000000000000000000000000110000000000000000000000000000000000000000000000000000000000000000000011000000000000000000000
000010000010000000000110000000000000000000000000000000000000100000000000000000000000000000000000101000000000000000000000000000000000000000000000001010000000000000000000000001000000000000000000000000000000000000000000000000000000000000000000000000000000000000000000000000000000011000000000000000000000
000010000010000000000110000000000000000000000000000000000000000000000000000000000000000000000000110000000000000000000000000000000000000000000011010001000000000000000000000000000000000000000000000000000000000000000000000000000000000000000000000000000000000000000000000000000000000000000000000000000000
000000000000000000000000000000000000000000000000000000000000000000000000000010000000000000000000000000000111000000000000000000000000000000000000110010000000000000000000000000000000000000000000000000000000000000000000000001000000000000000000000000000000000000000000000000000000000000000000000000000000
000000111000000000000000000000000000000000000000000000000000000000000000000101000000000000000000000000001000000000000000000000000000000000000000010000000000000000000000000000000000000000000000000000000000000000000000000011000000000000100111000000000000000000000000000000000000000000000000001000000000
000000000000000000000000000000000000000000000000000000000000000000000000000101000000000000000000010100010011000000000000000000000000000000000000000000000000000000000000000000000000000000000000000000000000000000000000000111000000000000100110110000000000001100000000000000000000000000000000010100000000
001000000000000000000000000000000000000000000000000000000011000000000000000010000000000000000001101001001100000000000000000000000000000000000000000000000000000000000000110000000000000000000000000000000000000000000000001100000001100010001110010000000000001100000000000000000000000000000000010100000000
001000000000000000000000000000000000000000000000000000000011000000000000000000000000000000000000100000100000001110000000000000000000000000000000000000000000000000000000110000010000000000000000000000000000000000000000000110000001001101101001110000000000000000000000000000000001000000000000001000000000
001000000000000000000000000000000000000000000000000000000000000000000000000000000000000000000000011100100000000000000000000000000000000000000000010010000000000000000000000000010000000000000000000000000000000000000000000000000000100101101000000000000000000000000000000000000001000000000000000000000000
000000011000000000000000000000000110000000000000000000000000000000000000000001000000000000000100000101100000001010000000000000000000000000000000100011000000000000000000000000010000000000000000000000000000000000000000000000000000111000010000000000000000000000000000000000000001000000000000000000000000
000000100100000000000000000000000110000000000000000000000000000000000000000010100000000000010101100000000100011100000000000000000000000000000000100010000000000000000000000000000000000000000000000000000000000001010000000000100000000000000000000000000000000000000000000000000000000000000000000000000000
000000010100000000000000000000000000000000000000000000000000000000000000000100100000000000100001100000001110110000000000000000000000000000000000101100000000000000000000000000000000000000000000000000000000000011011000000001011000000000000000000000000000000000000000000000011100011100000000000010000000
000110001000000000000000000000000000000000000000000000000000000000000001100011000000000000010100000000011001110000000000000000000000000000000000011000000000000000000000010000000000000000000000000000000000000000001000000000000000000000000000000000000000000000000000000000000000000000000110000101000000
000110000000000000000000000000000000000000000000000000000000000000000001100000000000000000000101100000001000000000000000000000000110000000000000000000001110000000000000101000000000000000000000000000000000000111110001101100000100000000000000000000000000000000000000000000000001000000000110000101000000
000000000000000000000000000000000000000000000000000000000000000000000000000000000000000000000001100000000000000000000000000000000110000000000000000000000000000000000000101000000000000000000000000000000000000100000001101100000000000000000111000000000000000000000000010100000001000000000000000010000000
000000000000000000000000000000000000000000000000000000000000000000000000000000000000000000000000000000000000000000000000000000000000000000000000000000000000000000000000010000000000000000000000000000000000000110010000101000111000000000000000000000000000000000000000000000000001000000100000000000000000
000000000000000000000000000001110000000000000000000000000000000000000000000000000000000000000000000000000000000000000000000000000000000000000000000000000000000000000000000000000000000000000000000000000000000010100000010000000000000000000000000000000000000000001000000010000000000000100000000000000000
000000000000000000000000000000000000000000000000000000000000000000000000000000000000000000000000000000000000000000000000000000001000000000000000000000000000000000000000000000000000000000000000000000000000000001000000000000000000000000000000000000000000000000001000000000000000000000100000000000000000
000000000000000000000000000000000000000000000000000000000000000000000000011000000000000000000000000000000000000000000000000000010100000000000000000000000000000000000000000000000000000000000000000000000000000000000000000000000000000000000000000000000000000000000000011100000000000000000000000000000000
000000000000000000000000000000000000000000000000000000000000000000000000011000000000000000000000000000000000000000000000000000001000000000000000000000000000000000000000000000000000000000000000000000000000000000000000000000000000000000000011000000000000000000001100000000000000000000000000000000000000
000000000000000000000000000000000000000000000000000000000000000000000000000000000000000000000000000000000000000000000000000000000000000000000000000000000000000000000000000000000000000000000000000000000000000100000100000000000000000000000011000000000000000000001010000001000000000000000000000000000000
000000000000000000000011000000000000000000000000000000000000000000000000000000000000000000000000000000000000000000000000000000000000000000000000000000000000000000000000000000000000000000000000000000000000000100000100000000000000000001110000000000000000000000011001100010010000000000011000000000000000
000000000000000000000011000000011000000000000000000000000000000000000110000000000000000000000000100000000000000000000000000000001000000000000000000000000000000000000000000000000000000000000000000010000000000100000100000000000000000000000000000000000000000000001011100000010000000000011000000000000000
000000000000000000000000000000011000000000000000000000000000000000001011000001100000000000000000100000001110000000000000000000010100000000000000000000000000000000000000000000000000000000000000000111011100000000000000000000000000000000000000000000000000000000000000000010001000100000000000000000000000
000000000000000000011000000000000000000000000000000000000000000000000001010001100000000000000000100000000000000000000000000000010100000000000000000000000000000000000000000000000000000000000000001000101010000001110000000000000000000000000000000000000000000000000000000001111101110000000000000000000000
000000000000000000100100000000000000000000000000000000000000000000000001101000000000000000000000000000000000000000000000000000001000000000000000000000000000000000000000000000000000000000000000000111110000000000000000000000100100000000000000000000000000000000000000000001100010000100000000000000000000
000000000000000000011000000000000000000000000000000000000000000000000000100100000000000000001110000000000000000000000000000000000000000000001100000000110000000000000000000000000000000000000000000011000001000000000000000000100010000000000000000000000000000000011000000000000100000010000000000000000000
000000000000000000000000000000000000000000000000000000000000000000000000100100000000000000000000000000000000000000000000000000000000000000001100000001000000000000000000000000000000000000000000000000000000000000000000000001100001000000000000000000000000000000011000010100000001100010000000000000000000
000000000001100000000000000000000000000000000000000000000000000000000000011100000001100000000000100000000001110000000000000000000000000000000000000000110000000000000000000000000000000011100000000000000010100000000000000001100001000000000000000000000000100000000000100001100000001100000000000000000000
000000000001100000000000000000000000000000000000000000000000000000000000101000000001100000000000100000000000000000000000000000000000000000000000000000000000000000000000000000000000000100100000000000100000100000000000000010110100000000000000000000001100010000000000010000100000000010000000000000000000
000000000110000000000000000000000000000000000000000000000000000000001001010000000000000000000000100000000000000000000000000000000000000000000000001000000000000000000000000000000000000100010000000010000110110000000000000100011000000000000000000000011000001000000000001110000000000100000000000000000000
000000000110000000000000000000000000000000000000000000000000001111100101100000000000000000000000000000000000000000000000000000000000000000000000001000000000000000000000000000000000001000001000000001001010100000000001000100000000000000000000000001111000110000000000000000000000000100000000000000000000
000000000000000000000000000000000000000000000000000000000000001000000001010000000000000000000000000000000000110000000000000000000000000000000000001000000000001000000000000000000001100110001000010000111011000000000011100010100000001000000000000001000000100000000000000000000000000111000010000000000000
000000000000000000000000000000000000000000000000000000000000001000000000110000000000000000000000000000000000110000000000000000000000000000000000000000000000001000000000000000000001100001000000111000010000000000000000010001000000011000000000000000010000000000000000000000000000001001000010000000000000
000000000000000000000000000000000000000000000000000000000000000100010000000000000000000000000000000000000000000000000000000000000000000000011000000000000000001000000000000000000000000000101001001000000000000000000010010000000000111000000000000001100000000000000000000001000000001000000000000000000000
001100000000000000000000000000000000000000000000000000000000000000000010110000000000000000000000000000000000000000000000000000000000000000100100000000000000000000000000000000000000000001000010000000110000000000000010110000000000001000000000000010100010000000000000000010100000001010000000000000000000
001100000000000000000011100000000000000000000000000000000000000000000110000000000000000000000000000000000000000000000000000000000000000000011000000000000000000000010000000000000000000110000000100000010000000000000010100001110000000110000000000011000000000000000000000000010000000001100000000000000000
000000000000000000000000000000000001100000000000000000000000010000000011000000000000000000000000000000000000000000000000000011100000000000000000000000000000000000010000000000000000001000000101000000100000000000000000000000000000001100000000000000001110000000000000000001100000001100010000000000000110
000000000000000000000000000000000010010000000000000000000001101100000000000000001000000000000000000000000000000000000000000000000000000000000000000000000000000000010000000000000000000100011001001000000000000000000000000000000000001011000000000000001100000000000000000000000000000110010000000000000110
000000000000000000000000000000000001100000000000000000000000101000000000000000001000000000000000000000000000000000000000000000000000000000000000000000000000000000000000000000000000000100000000011000000000000000000000100100010000001100110000000000000000100000000011011000000000000011000011000000000000
000000000000000000000000000000000000000000000000000000000000010000000000000000001000000000000000000000000000000000000000000000000000000000000000000000000000000000000111000000000000000010001000010000000000011000000001110100010000001110110000000000000001010000000011010100000000000000000000011000000000
000000000000000000000001100000000001100000000000000000000000000000000000000000000000000000000000000000000000000000000011000000000000000000000000000000000000000000000000000000000000000001001000000000000000011000000001000000010000000100110000000000000001100000000001000100000000000000000010010000000000
000000000000000000000001100000000010010000000000000000000000000000000000000000000000000000000000000000000000000000000100100000000000000000000000000000000000000000000000000000000000000000100100000000000000000000000001101101001000000011000000000000000000000000000010011000110000000000000000001000000000
000000000000000000000000000000000001100000110000000000000000000000000000000000000000000000000000000000000000011000000011000000000000000000000000000000000000000000000000000000000000000000011000000000000000000000000000010001001000000000000000000000000000000000110111110000110000000000000000110000000000
110000000000001100000000000000000000000001001000000000000000000000000000000000000000000000000000000000000000011000000000000000000000000000000000111000000000000000000000000000000000000000000000000000000000011000000000000001101000000000000000000000000000000001000110000000000000000000000000101000000000
110000000000001100000000000000000000000000110000000000000000000000000000000000000000000000000000000000000000000000000000000000000000000000000000000000000000000000000000000000000000000000000000000000000000110110000000100000110000000000000000000000000000000010000000000000000000000000000000010000000000
000000000000000000000000000000000000000000000000000000001110000000000000000000000000000000000000000000000000000000000000000010000000000000000000000000000000000000000000000000000000000000000000000000000001010100101101101111000110000000000000000000000000000100010000000000000000000000000001001000000000
000000000000000000000000000000000000110000000000000000000000000100000000000000000000000000000000000000000000000000000000000101000000000000000001000000000000000000000000000000000000000011000000000000000001001100110111110110001001000000000000000000000000000011001000000000000000000000000100000100000000
000000000000000000010000000000000001001000000000000000000110001010000000000000000000000000000000001100000000000000000000000101000000000000000001000000000000000000000000000000000000000011000000000000000000100111010111110100000110000000000000000000000000000001101110000000000000000000000111111100001000
000000000000000000101000000000000000110000000000000000000110000011000000000000000000000000000000010100000000010000000000000010000000000000000001000000000000000000000000000000000000000000000000000000000000000000000001100000000000000000000000000000000000000000000100000000000000000000000010001000001000
000000000000000000101000000000000000000000000001100000011001000011000000000000000000000000000000001000000000101100000000000000000000000000001000000000000000000000000000000000000000000000000000000000000000000101000011100000000000000000000000000000000000000000000000000000000000000001100000000000001000
000000000000000000010000000000000000000000000010010001010110000010000000000000000001100110000000000000000000101100000000000000000000000000010100000000000000000000000000000000000000000000000000000000000000010000100100000000000000000000000000001100000000000000000000000000000000000010010000000000000000
000000000000000000000000000000000000000000000110111111001110000100000000000000000001100111000000000000001000010010000000000000000000100000010100000000000000000000000000000000000000000000000000000011100000001111000011100000000000000000000000000000000000000000000000000000000000000001100000010000000000
000000000000000000000000000000000000000000000001001110000000000000000000000000000001100010000000000100010100001100000000000000000011011000001000000000000000000000000000000000000000000000000000000010100000000001000001100000000000000000000000000010000000000000000000000000000000000000000000110000000000
000000011100000000000000000000000000000000000000001110000000000000000000000000000000111100000000000100010100001100000000000000000011000000000000000000000000000011000000000000000000000000000000000011100000000000000000000000000000000000000000001011000000000000000000000000000000000000000000000000000000
000000000000000000000000000000000000000000010000001001000000000000000000000000000000011000000000000100011100000000000000000000000101000100000000000000000000000100100000000000000000001100000000000000000000000000000000000000000000000000000000000000000000000000000000000000000000000000000000000000000000
000000000001000000000000000000000000000000101000000110000000000000000000000000000000000000000000000000011100000000000000000000000000000000000000000000000000000011000000000000000000000000000000000000000000011101100000000000000000000000000001110100000000000000000000000000000000000000000000000000000000
000000000001000100000000000000000000000001000100000000000000000000000000000000000000000000000000000000001000000000000000000000000000001000000000000000000000000000000000000000000000001100000000000000000000100100110000000000000000011100000000000000000000000000000000000000000000000000000001100000000000
000000000001000100000010000000000011100000100100000000000000000000000000000000000000001110000000000000010100000000000000000000000001110000000000000000000000000000000000000000000000000000000000000000111000010001000000000000000000000000000000000000000000000011000000000000000000000000000001100000000000
000000000000000100000010000000000000000000000000000000000110000000000000000000000000000000000000000000001000000000000000000000000001100000000000000000000000000000000000000000000000000101000000000000111000011100000000000000000000000001000000000000000000000011000000000000000000000000000000000000000000
000000000000000000000010000000000000001000000001000000000110000000000000000000000000000000000000000000001000000000000000000000000000000011000000000000000000000000000000000000000000000010000000000001000010001000000000000000000000000001000000000000000000000000000000000000000000000000000000000000110011
000001000000000000000000000000000000001000000010100000000000000000000000000000000000000000000000000000000000000000000000000000000000000000000000000000000000000000000000100000000000000010000000000011101110000101000000000000000000000001000000000000000000000000000000000000000000000000000000000000110011
000001000000000000000000000000000000001000000010010000000000000000000000000000000000000000000000000000000100000000000000000000000000000101000000000000000000000000000111110000000000000000000000000001000001000010000000000000000000000000000000000000000000011100000110000000000000000000000000000000000000
000001000000000000000000000000000000000000000001100000000001110000000000000000000000000000000000000000001010000000000000000000000000000110000000000000000000000000000111101000000000000000000000000000100010000000000000000000000000000000000000000000000000000000000110000000000000000000000000000000000000
000000000000000000000000000000000011100000000000000000000000000000000000000000000000000000000000000000000110000000000000000000001100000000000000000000000000000000000000000000000000000000001000000000100100000000000000000000000000000000000000000000000000000000000000000000000000000000000001000000000000
000000000000000000000000000000000000000000000000000000000000000000000000000000000000000000000000000000000000000000000000000000010010000000000000000000000000011100000000010100000000000001100100000000001000000000000000000001100000000000000000000000000000000010000000000000000000000000000001000000000000
000000000000000000000000000000000000000000000000000000000000000000000000000000000000000000000000000000000000000000000000000000001100000000000000000000000000000000011110011100000000000001100010000000000000000000000000000001100000000000000000000000000000000010000000110000000000000000000001000000000000
000000000000000001100000000000000000000000000000000000000000000000000000000000000000000000000000000000000000000110000000000000000000000000000000000000000000000000101110011100000000000000100010000000000010000000000000000000000000000000000000000000000000000101000000110000000000000000000000000000000000
000000000000000001100000000000000000010100000000000000000000000000000000000000000000000000000000000000000000000110000000000000000000100000000000000000000000000001010100000000000000011000000000000000000101000000000000000000000000000000000000000000000000001010000000000000000000000000001000000000000000
000000000000000000000000000000000000010010000000000000000000000000000000000001100000000000000000000000000000000000000000000000000001010000000000000000000000000010000000000000000000110001101100000000000011000000000000000000000000000000000000000000000000001110000000000000000000000000001000000000000000
000000000000000000000000000000000000010100010000000000000000000000000000000010010000000000000000000000000000000000000000000000000001010000000000000000000000000001110110000000000000011111110000010000000000000000000000000000000011000010000000000000000000000100000000000000000000000000001000000000000000
000000000000000000000000000000000000000000101000000000000000000000000000000010100000000000000000000000000000000000000000000000000000100000000000000000000000000000111110000000000000001110000000101000000000000000000000000000000000100101000000000000000000000000000000000000000000000000000000000001000000
000000000000000000000000000000000000000000000000000000000000000000000000000001000000000000000000000000000000000000000000000000000000000000000000000000000000000000001001000000000000010010000000100000000000000000000000000000000100000010000000000000000000000000000000000000000000000000000000000010100000
000000000000000000000000000000000000000011000100000000000000000000000000000000000000000000000000000000000000000000000000000000000000000000000000000000000000000000000011100000000000001100000000010000000011100000000000000000000011000000000000000000000000000001010000000000000000000000000000000010100000
000000000000000000000000000000000000000100000110000000000000000000000000000000000000001100000000000000000000000000000000000000000000000000000000000000000000000000000100110000000000001000000000000000000000000000000000000000100000000000000000000000000000000100000100000000000000000000000000000001000000
000000000000000000000000000000000000000010011000000000000000000000000000000000000000010100000000000000000000000000000000000000000000100000000000000000000000000000000011100000000000000000000000000000001000000000000000000000100000000000000000000000000000000100000100010000000000000000000000000000000000
000000000000000000000000000000000000000001100000000000000000000000000000000000000000000100000000000000000000000000000000110000000001010000000000000000000000000000000001000000000100000000000000000000001000000000000000000000100000000000000000000000000000000100001000111000000000011000000000000000000000
000000000000000000000000000000000000000000000000000000000000000000000000000000000000000000000000000000000000000000000000110000000001010000000000000000000000000000000000000000000100000000000000000000001000000000000000000000000000000000000000000000000000000000010000110000000000011000000000000000000000
000000100000000000000000000000000000000000000000000000000000000000000000000000000000000000000000000000000000000000000000000000000000100000000000000000000000000000000000000000000100000000000000000000000000000000000000000000000000000000000000000000000000000010101100000000110000000000000000000000000000
000001010000000000000000000000000000000000000000000000001100000000000000000000000000000000000000000000000000000000000000000000000000000000000000000000000000000000000000000000000000000000000000000000000000000000000000000000000001000000000000000000000000000001010000000001010000000000000000000000000000
000001010000000000000010000000000000000000000000000000010100000000000000000000000000000000000000000000000000000000000000000000011000000011000000000000000000000000000000000000000000000000000000000000000000000000000000000000000001000000000000000000000000000000001110000000100000000000000000000000000000
000000100000000000000010011100000000000000000000000000011000000000000001100000000000000000000000000000000000000000000000000000100100000100100000000000000000000000000000000000000000000000000000000000000000000000000000000000000001000000000000000000000000000000000010000000000000000000000000000000000000
000000000000000000000010000000000000000000000000000000000000000000000001100000000000000000000000000000000000000000000000000000011000000011000000000000000000000000000000000000000000000000000000000000000000000000000000000000000000000000000000000000000000000000000010001000000000000000000000000000011000
000000000000000000000000000000000000000000000000000000011000000000000000000000000000000000000000000000000000000000000000000000000000000000000000000000000000000000000000000000000000000000000000000000000000000000000000000111000000000000000000000000000000000000000110001000000000000000000000000000011000
000000110000000000000000000000000000000000000010000000011000000000000000000000000000000000000000000000000000000110000000000000000000100000000000000000000000000000000000000000000000000000000000000000000000000010000000000000000000000000000000000000000000000000000100001000000000000000000000000000000000
000000110000000000000000000000000000000000000111100000000000000000000000000000000000000000000000000000000000001001000000000000000001010000000000000000000000000000000000000000000000000000000000000000000000000101000000000000010000000000000000000000000000000000000000000000000000000000000000000000000000
000000000000000000000000000000000000000000001000011100000000000000000000000000000000000000000000000000000000000101000000000000000001010000000000000000000000000000000000000000000000000000000000000000000000001000100000011000010000000000000000000000000000000000000000000000000000000000000000000110000000
000000000000000000000000000000000000000000010100000000000000000100000000000000000000000000000000000000000000000010000000000000000000100000000000000100000000000000000000000000000000111000000000000000000000011001000000100100010000000000000000000000000000000000000000000000000011000000000000000110000000
000000000000000000000000000000000000000000000000000010000000000110000000000000000000000000010010000000010000000000000000000000000000000010000000000100000000000000000000000000000000000000000000000001100000101100000000011000000000000000000000000000000000011000000000000000000100100000000000000000000000
000000000000000000000000000000000000000000011000000000000000000110000000000000000000000000000010100000101000000000000000000000000000000101000000000100000000000000000000000000001100000001000000000010010000100100000000000000000000000000000000000000000000011000000000000000000011000000000000000000000000
000000000000000000000000000000000000000000000001110100000111000000000000000000000000000000101000000000100100000000000000000000011000000101000000000000000000000000000000000000001100000010100000000001100000101100000110000000000000000000000000000000000000000000000000000111000000000000000000000000000000
000000000000000000000000000000000000000000000000010001100001100000000000000000000000000000011111100000011000000000000000000000100100000010000000000000000000000000000000000000000000000010100000000000000000011000000110000000000000000011000000000000000000000000000000000000000000000000000000000000000000
000010000000000000000000000000000000000000000000000100100000000000000000000000001100000000000100100000000000000000000000000000100100000000000000000110000000000000000000000000000000000001000000000000000000000000000000000000000000000100100000000000000000000000000000000000000000000000000000000000000000
000101000000000000000000000000000000000000000000000100100001001011100000011000010010000000000110000000000000000000000000000000011000000000000000001001000000000000000000000000000000000000000000000000000000000000000000000000000000000101000000000000001100000000000000001000000000000000000000000000000000
000110000000000000000000000000000001000000000000000011000000011010000011011000010100000000000001000000000000000000000000000000000000000000000000000110000000000000000000000000110000000000000000000000000000000000000000000000000000000010000000000000001100000000000000010100000000000000000000000000000000
000000000000000000001100000000000010100000000000000000000000001000000011000100001000110000000000000000000000000000000000000000000000000000000000000000000000000000000000000000101000000000000000000000000000000000000000000000000000000000000000000000000000000000000000010100000000000000000000000110000000
000000000000000000010010000000000010010000000000000000000000000000000100011000000000110000000000000000000000000000000000000000000000000000000000000000000000000000000000000000010000000000000000000000000000000000000000100000000000000000000000000000000000000000000000001000000000000000000000000110000000
000000000000000000001100000000000001100000000000000000000000000000001101011000000000000000000000000000000000000000000000000000000000000000000000000000000000000000000000000000000000000000000000000000000000000000000000100000000000000000000000000000000011000000000000000000000000000000000000000000000000
000000000000000000000000000000000000000000000000000011000000000000000001000000000000000000000000000000000011000000000000000000000000000000000000000000000000000001100000000000000000000000000000000000000000000000000010000000000000000000000000000001000011000000000000000000000000000000000000000000000000
000000000000000000000000000000000000000000000000000100100000001000110000000000000000000000000000000000000100100000000000000000000000000000000000000000000000000001100000000000000000000000000000000000000000010000000000000110000000000000000000000010100000000000000000000110000000000000000010000000000000
000000000000000000000000000000000000000000000000000100100000010000000000000000000000000000000000000000000011000000000000000000000000000000000000000000000000000000000000000000000000000000000000000000000000010000000000001001000000000000000000000010100000000000000000000110000000000000000101000000000100
000000000000000000000000000000000000000000000000000001100011111000000000000000000000000000000000000000000000000000000000000000000000000000000001110000000000000000000000000000000000000000000000000000110000100000000001001000100000000000000000000001000000000000000000000000011100000000000101000000001010
000000000000000000000000000000000000000000000000000000000110100000000000000000000000000000000000000000000000000000000000000000000000000000000000000000000000000000000000000000000000000000000000000001010000110000000110001100100000000000000000000000000000000001100000000000000000000000000010000000001001
000000000000000000000000000000000000000000100000000000000000101001000000000000000000000000000000000000000000000000000000000000000000000000000000000000000000000000000000000000000000000000000000000000011001001000001010001101100000000000000000000000000000000001100000000001000001000000000000000000000110
000000000000000000000000000000000000000001010000000000000000001110000000000000000000000000000000000000000000000000000000000000000000000000000000000000000000000000000000000000000000000000000000000000111001001000000100000010000000000000000000000000000000000000000000000001000001000000000000000000000000
000000000000000000000000000000000000000001010000110000000000000110000000000100000000000000000000000000000011000000000000000000000000000000000000000000000000000000000000000000000000000000000000000000010000100000000000000000000000000000000000000000000000000000000000000001000001000000000000000000000000
000000000000000000000000000000000000000000100000110000000000000000000000100010000000000000000000000000000011000000000000000000000000000000000000000000000000000000000000000000000000000000000000000000000000000010000000000000000000001100000000000000000000000000000000000000000000000000000000000000000000
000000000000000000000000000000000000000000000000000000000000110000000000100000000000000000000000000000000000000000000000000000000000000000000000000000000000000000000000000000000000000000000000000000000000011010000000000000000000001100000000000000000110000000000000000000011100000000000000000000000000
000000010000000000000000000000000000000000000000000000000000110000000000010000000000000000000000000000000000000000000000000000000000000000010000000000000000000000000000000000000000000000000000000000000000010010000000000000000000000000000000000000000110000000000000000000000000000000000000100000000000
000000010000000111000111000000000000000000000000000000000000000000000000000000000000000000000000000000000000000000000000000000000000000000010000000000000000000000000000000000000000000000000000000000000000011111000000000000000000000000000000000000000000000000000000000000000000000000000000100000000000
000000010000000000000000000001110000000000000000000000000000000000000000000000000000000000000000000000000000000000000000000000000000000000010000000000000000000000000000000000000000000000000000000000000000000001100000000000000000000001110000000000000000000000000000000000000000000000000000100000000000
000000000000010000101000010000000000000000000000000000000000000000000000111000000000000000000000000000000000110000000000000000000000000000000000000000000000000000000000000000000000000000110000000000000000011100010000000000000000000000000000000000000000000000000000000000000000000000000000000000000000
000000000000010000101000010000000000000000000000000000000000000000000001000000000000000000000000000000000000110000000000000000000000000000000000000000000000000000000000000000000000000001001000000000000001000011100000000000000000000000000000000000000000000000001100000000000000000000000000000000000000
000110000000010000101000010000000000000000000000000000000000000000000001011000000000000000000000000000000000000000000000000000000000000000000000000000000000000000000000000000000000000001001000000000000001110001000000000000000000000000000000000000000000000000001100000000000000000000000000000000000000
000110000000000111000111000000000000000000000000000000000000000000000000100000000000000000000000000000000000000000000000000000000000000000000000000000000000000000000000000000000000000000110000000000000000100000000000000000000000000000000000000000000000000000000000000000000000000000000000000000000000
