300 300
000000000000001100000000000000000000000000000000000000000000000000000000000000000000000111000111000000000000000000000000000000000000000000010000000000000000000000000000000000000000000000000000000000000000011000000000000000000001000000000000000000000000000000000000000000000000001010000000000000000000
000000000000010010011100000000000000000000000000000000000000000000000000000000000000010000101000010000000000000000000000000000000000000000101000000000000000000000000000000000000000001100000110110000000000011000000000000000000010100000001100000000000000000000000000000000000000010001000111000000000000
000000000000001100000000000000000000000000000000000000000000000000000000000000000000010000101000010000000000000000000000000000000000000000101000000000000000000000000000000000000000001100000011100000000000000000000000000000000011000000010010000000000000000000000000000000000000001001000000000000000000
000000000000000000000000000000000000000000000000000000000000000000000110000110000000010000101000010000000000000000000000000000000000000000010000000000000000000000110000000000000000000000000001000000000000000000000000000000000000000000010100000000000000000000000000000000000000001001000000000000000000
000000000000000000000000000000000000000000000000000000000000000000001001000110000000000000000000000000000000000000000000000000000000000000000000000000000000011000000001110000000000000000000000000000000000000000000000000000000000000000001000000000000000000000000000000000000000000101000000000000000000
000000000000000000000000000000000000000000000000000000000000000000000110000000000000000111000111000000000000000000000000000000000000000000000000000000000000011000000000000000000000000000000000000000000000000000000000000000000000000000000000000000000000000000000000000000000000000000000000000000000000
000000000000000000000000000000000000000000000000000000000000000000000000000000000000000000000000000000000000000000000000000000000000000000000000000000000000000000000000000000000000000000000000000000000000000000000000000000000000000000000000000000000000000000000000000000000000000000000000000000000000
000000000000000000000000000000000000000000000000000000000000000000000000000000000000000000000000000000000000000000000000000000000000000000000000000000000000000000000000000000000011000000000000000000000000000000000000000000000000000000000000000000000000000000000000000000000000000000000000000000000000
000000000000000000000000000000000000000000000000000000000110000000000000000000000000000000000000000000000000000000000000000000000000000000000000000000000010000000000000000000000011000000000000000000000000000000000000000000000000000000000000000000000000000000000000000000000000000000000000000000000000
000000000000000000000000000000000000000000000000000000000101000000000000000000000000000000000000000000000000000000000000000000000000000000000000000000000101000000000000000000000000000000000000000000000000000000000000000000000000000000000000000000000000000000000000000000000000000000000000000000111000
110001100000000000000000000000000000000000000000000000000010000000000000000000000000000000000000000000000000000000000000000000000000000000000000000000001000000000000000000000000000000000000000000000000000000000000000000000000000000000000000000000000000000000000000000000000000000000000000000000000000
110001100000000000000000000000000000000000000000000000000000000000000000000000000000000000000000000000000000000000000000000000000000000000000000000000000100010000110000000000000000000000000000000000000000000011000000000000110000000000000000000000000000000000000000000000000000000000000000000000000000
000000000000000000000000000000000000000000000001000000000000000000000000000000000000000000000000000000000110000000000000000000000000000000000000000000000011001000000000000000000000000000000000000000000000000011000000000001001000000000000000000000000000000000000000000000000000000000000000000000000000
000000000000000000000000000000000000000000000001000000000000011000000000000000000000000000000000000000000110000000000000000000000000000000000000000000000101010000000001100000000000000000000000000000000000000000000000000000101000000000000000000000000000000000000000000000000000001100000000000000000000
000000000001100011000000000000000000000000000001000000000000011000000000000000000000000000000000000000000000000000000000000000000000000000011000000000001110000000000001100000000000110000000000000000000000000000000000000000010000000000000000000000000000000000000000000000000000001100000000000000000000
000000000001100011000000000000000000000000000000000000000000000000000000000000000000000000000000000000000000000000000000000000000000000100011000000000001010000000000111000000000001001000000000000000000000000000000000001000000000000000000000000000000000000000000000000000000000000000000000000000000000
000000000000000000000000000000000000000000110000000000000000000000000000000000000000000000000000000000000000000000000010000000000000001010000000000000001000000000000110000000000000110000010000000000000000000000000000011100000000000000000000000000000000000000000000000000000000000000000000000000000000
000000000000000000001100000000000000000000110000110000000000000000000000000000000000000000000000000100000000000000000010000000000000000110000000000000111011000000000100000000000000000000010000000000000000000000000000100110000000000000000000000000000000000000000000000000000000000000000000000000000000
000000000000000000010010000000000000000000000000110000000000000000000000000000000000000000000000000100000000000000000010000000000000000000000000000011000111000000000000000000000000000000010000000000000000000000000000100010000000000000000000000000000000000000000000000000000000000000000100000000111000
000000000000000000001100000000000000000000000000000000000000000000000000000000000000000000000000000100000000000000000000000000100000000000000000000010001000000000000000000000000000000000000000000000000000000000000001011101000000000000000000000000000000000000000000000000000000000000000110000000111000
000000000000000000000000000000000000000000000000000000000000000000000000000000000000000000000000000000000001110000000000000000100000000000000000000000000000000000000000000000000000000000000000000000000000000000000000111001000000000000000000000000000000000000000000000000000000000000000011100111000100
000000000000000000000000000000000000110000000000000000000000000000000000000000000000000000000000000000000000000000000000000000100000000000000000000000000100000000000000000110000000000000000000000000000000000000000010100010100000000000000000000000000000000000000000000000000000000000000000001000001000
000000000000000000000000000000000000110000000000000000000000000000000000000000000000000000000000000000000000000000000000000000000000000001100000000000000110000000000000000110000000000000000000000000000000000000000010011110100000000000000000000000000000000000000000000000000000000000000010000000001000
000000000000000000110000000000000000000000000000000000000000000000000000000000000000000000000000000000000000000000000000000000001110000001100000000010000011000000000000000000000000000000000000000000000000000011100000000010000000000000000000000000000000000000000000000000000000000000000001000001100000
000000000000000001010000000000000000000000000000000000000000000000000000000000000100000000000000000000000000000000000000000000000000000000000000000000000110000000000000000000000000000000000000000000000000000100100000000100000000000000000000000000000000000000000000000000000000000000001000101000000000
000110000000000000000000000000000000000000000000000000000000000000001110000000001010000000000000000000000000000000000000000000000000000000000000000000110010000000000000000000000000000000000001100000000000000100000000110000000000000000100000000000000000000000000000000000000000000000001001101000100000
001001000000000000000000000000000000000000000000000000000000000000000000000000000011100000000000000000000000000000000000000000000000000000000000000000010110000000000000000000000000000000000010010000000000000001000000000000000000000001010000000000000000000000000110000000000000000000010000001010101000
001010000000000001001000000000000000000000000000000000000000000000010000000000000111110000000000000000000000000000000000000000000000000000000000000000000000000000000000000000000000000000000001010000000000000101100000000000000000011001010000000000000000000000000110000000000000000000001000011110001000
000100000000000001111000000000000000000000000000000000000000000000001100010000000000011000000000000000000000000000000000000000000000000000000000000000000000000000000000000000000000000000000000100000000000000101000000000000000000011000100000000000000000000000000000000000000000000000001000000001000000
000000000000000001110000000000000000000000000000000000000000000000000101100000001010011000000000000000000000000000000000000000000000000000000000000000000000000000000000000000000000000000000000000000000000000000000000000000000000000000000000000000000000000000000000000000000000000000000011000001100000
000000000000000000000000000000000000000000000000000000000001100000000010001000011011100000000000000000000000000000000000000010000000000000000000000000000000000000000000000000000000000000000000000000000000000000000000000000000000000000000000000000000000000000000000000000000000000000000000000000000000
000000000000000010000000000000000000000000000000000000000110010000000011010000000100000000000000000000000000000000000000000101000000000000000000000000000000000000000000000000000000000000000000000000000000000000000000000000000000000000000000000000000000000000000111000000000000000000000000001000000000
000000000000001110000000000000000000001110000000000000000000001000000000100000000000000000000000000000000000000000000000000010000000000000000000000000000000000000000000000000000000000000000000000000000000000001000000000000000000000000000000000000000000000000000000000000000000000000000000001000000000
000000000000011011100000000000000000001100000000000000001000110000000000000000000000000000000000000000000000000000000000000000000000000000000000000000000000000000000000000000000000000000000000000000000000000010110000000000000000000000000000000000000000000000010000010000000000000000000000000100000000
000000000000110000000000000000000000001100100000000000000000010000000000000000000000000000000000000000000000000000000000000000000000000000000000000000000000000000000000000000000000000000000000000000000000000010110001000000000000000000000000000000000000000000010000010000001100000000000000000000000000
000000000000011010010000000000000000000010010000000000000000100000000000000000000000000000000100000000000000000000000000000000000000000000000000000000000000000000000000000000000000000000000000000000000000000001100010100100000000000000000000000000000001000000010000010000001100000000000000000000000000
000000000000001000010000000000000111000010100000000000000010100000000000000000000000000000001010000000000000000000100000000000000001000000000000000000000000000000000000000000000000000000000000000000000000000000000100001001000000000000000000000000000110100000000000000000000000000000000000000000000000
000000000000000100010001000000000101000000000000000000000000000000000000000000000000000000001010000000000000000001010000000000000010100000000000000000000000000000000000000000000000000000000000000000000000000000000100001000000000000000000000000000011010110000000111000000000000000000000000000000001100
000000000000000000100001100000001001100000000000000000000000011000000000000000000000000000000100000000011000000000100000000000000010100000000000000000000000000000000000000000000000000000000000000000000000000000000001001010000000000000000000000001101010010000000000000000000000000000000000000000001100
000010000000000100110000000000001001000000000000000000000000100100000000000000000000000000000000000000011000000000000000000000000001000000000000000000000000000000000000000000000000000000000000000000000000000000000000010100000000000000000000000001100100110000000000000000000000000000000000000000000000
000010000000000000001000000000001010000000001000000000000001100100000000000000000000000000000000000000000000000000000000000000000000000000000000000000000000000000000000000000000000000000000000000000000000000000000010000000000010000000000011000001100000000000000000000000000000000000000000000000000000
000010000000000110000010000000000100000000001000000000000001011000000000000000000000000000000000000000000000000000000000000000000000000000000000000000000000000000000110000000000000000000000000000000000000000000000010010000000011100000000011000000000000000000000000000000000000000000000000000000000000
000000000000000001100110000000000000000000000000000000000001011000000000000000000000000000000000000000000000000000000000000000000000000000000000000000000000000000000110000000000000000000000000000000000000000000000000000000100010100000000000000000000000000000000011000000000000000000000000000000000000
000000000000000000011111010000000000000000000000000000000000000000000000000000000000000000000000000000000000001000010000000000000000000000000000000000000000000000000000000000000000000000000000000000000000000000000011011111010000100000000000000000100000000000000011000000000000000000000000000000000000
000000000000000000000000110000000000000000000000000000000000000000000000000000000000000000000000000000000000001000010000000000000000000000000000000000000000000000000000000000011000000010000000000000011000000000000000100011110000000000000000000000111000000000000000000000000000000000000000000000000000
000000000000000000000000000000000000000000000000000000000000000000000000000000000000000000000000000000000000001000010000000000000000000000000000000011000000000000000000000000101000000101000000000000100100000110000000010010000000000000000000000000111000000000000000000000000000000000000000000000000000
000000000000000000000000000000000000000000000000000000000000000000000010000000000000000000000000000000000000000000000000000000000000000000000000100111001100000000000000000000010000000101000000000000011000001110000000001100000000000000000000000000000000000001000000000000000000000000000000000000000000
000000000000000000000000000000000000000000000000000000000000000000000101000000000000000000000000000000000000000000000111000000000000000000000101110000001100000000000000000000000000000010000000000000001110001001000111010000000000000000000000000000000000000010100000000000000000000000000000000000000000
000000000000000000000000000000000000000000000000000000000000000000000101000000000000000000000000000000000000000000000000000000000000000000001011010000000000000000000000000000000000000000000000000000000010001110000010100000000001110000000000000000000000000010100000000000000000000000000000000000000000
000000000000000000000000000000000000000000000000001100000100000000000010000000000000000000000000000000000000000000000000000000000000000000000001000000000000000000000000000000000000000000000000000000000010001110000001000000000000000000000000000000000000000001000000000000000000000000000000000000000000
000000000000000000000000000000000000000000000000010010000110000000000000000000000000000000000000000000000000001000000000000000000000000000000001000000000000000000000000000000000000000000000000000000000000001000000000000000000100000100000000000000000000000000000000000011000000000000000000000000000100
000000000000000000000000000000000000000000000000110001000000000001100000001100000000000000000000000000000000001000000000000011000000000000000001000000000000000000000000000000000000000000000000000000111000111000000000000000000100000100000000000000000000000000000000000101000000000000000000000000000100
000000000000000000000000000000000000000000000000010000000000000010010000010010000000000000000000000000000000001000000000000100100000000000001001000000000000000000000001100000000000000000000000000000000000000000011000000000000100000100000000000000000000000000000000000100000000000000000000000000000100
000000000000000000000000000000000000000000000000001110000000000001100000001100000000000000000000000000000000000000000000000010100000000000000000000000000000011000000001100110000000000000000000000000000010000000100100000000000000000000000000000000000110000000000000000110000000000000000000000000000000
000000000000000000000000000000000000000000000000000000000000000000000000000000010000000000000000000000000000000000000000000001000000011100001110000000000000100100000001100111000010000000000000000000000010000000001000000000000001110000000000000000000110000000000000000010000000000000000000000000000000
000000000000000000000000000000100000000000000000000000000000000000000000000001000100000000000000000000000000000000000000000000000000000000000000000000000000011000000000000101000000000000000000000000000010000000000000000000000000000000000000000000000000000000000000000000000000000000000000000000000000
000000000000000000000000000001010000000000000000000000000000000000000000000010000000000000000000000000000000000000000000000000000000000000000000000000000000000000000000000010000110000000000000000000000000000000000000000000000000000000000000000000000000000000000000000000000000000000000000000000000000
110000000000000000000000000000100000111000000000000000000001100000000000000100000100000000000000000000000000000000000000000000000000000000000000000000000000000000000000000000000011100000000000000000000000000000000000000000000000000000000000000000000000000000000000000000000000000000000000000000000000
110000000000000000000010000000000001110100000000000000000010010000000000101000011000000000000000000000000000000000000000000000000000000000000000000000000000000000000000000000011111100000000000000000000000000000000000000000000000000000000000000000000000000000000000000000000000000000000000000000000000
000000000000000000000101000000000010011000000000000000000010100000000000101000010000000000000000000000000000000000000000000000000000000000000000000000000000000000000110000000101000000000000000000000110111000000000000000000000000000000000000000000000000000000000000000000000001100000000000000000000000
000000001100000000000101000000000001010100000000100000000001000000001000111010000000000000000000000000000000000000000000000000000000000000000000000000000000000000000111000000000001100000000000000000111000011000000000000000000000000000000000000000000000000000000000000000000011010000000000000000000000
000000010010000000000010000000000000011100000001110000000000000000001100000001110000000000000000000000000000000000000000000000000000000000000000000000000000000000000001000000000001100000000000000001000010111000000000000000000000000000000100000000000000011100000000000000000100110011000000000000000000
000000001100000000000000000000000000001100000010001000000000000000000100000000000000000000000000000000000000000000001000000000000000000000000000000000000000000000000000000000000000000000000000000000111010000100000000000000000000000000001010000000000000000000000000000000001000010101000000000000000000
000000000000000000000000000000000000000000000110010000000000000000000000000000000000000011100000000000000000000000010100000000000000000000000000000000000000000000000000000000000000000000000000000000110000111000000000000000000000000000001100000000000000000000000000011100000001000101000000000000000000
000000000000000000000000000000000000000000000010001000000000000000000000000000000000000000000000000000000110000000010100000000000000000000000000000000000000000000000000000000000000000000000000000000000111011000000000000000000000000000000000000000000000000000000000000000001010001010110001000000000000
000000000000000000000000000000000000000000000001000000100000000000111000000000000000000000000000000000000110000000001000000000000000000000000000000000000000000000000000000000000000000000000000000000000000000000000000000000000001010000000000000000000000000000000000000001110000010110001011000000000000
000000000000000000000000000000000000001100000000000001000000000000000000000000000000000000000000000000000000000000000000000000000000000000000000000000000000000000000000110000000000000000000000000000000000000000000000000000000110001100000000000000000000000000000000000010010110100001101101000000000000
000000000000000000000000000000000000000000000000010001000000000000000000000000000000000000000000000000000000000000000000000000000000000000000000000000000000000000000000110000000000000000000000000000000000000000000000000000000110001100000000000000000000000000000000000000000011000000010100000000000000
000000000000000000000000000000000000001000000000000100000000000000000110000000000000000001100000000000000000000000000000000000000000000000000000000000000000000000000000000000000000000000000000000000000000000000000000000000011010001110000001000000000000000000000000000000000001011000000000000000000000
000000000000000000000000000000000000010001100000000000000000000000001011000000000000000001100000000000000000000000000000000000001000000000000000000000000000000000000000000000000000000000000000000000000000000000000011100000110111000000000010100000000000000000000000000000000101001100001100000000000000
000000000000000000000000000000000000001000110000000000000000000000001001100000000000000000000000000000000000000100000000000000000100000000000000000000000000000000000000000000000000000000000000000000000000000000000000000001100001101100000100100001000000000000000000000000011010101100000100000000000000
000000000000000000000000000000000000001000001000000000000000000000000101000000000000000000000000000110000000001010000000000010000110000000000000000000000000000000000000000000000000000000000000000000000000000000000000000010001101111110000011000001000000000000000000000000011010000000001100000000000000
000000000000000000000000000000000000000110001000000000000000000000000010000000000110000000000000000110000000001010000000000101111100000000011000000000000000000000000001000000000000000000000000000000000000000000000000000110010001010000000000000001000000000000000000000000000000100000000000000000000000
000000000000000000000000000000000000000000010000000000000000000000000000010000000110000000000000000000011100000100000000001100110000000000011000000000000000000110000001000000000000000000000000000000000000000000000000001100101101010001000000000000000000000000000000000000000000000000000000000000000000
000000000000000000000000000000000000000000000000000000000000000000111100111000000000000000000000000000000000000000000000000110001000000000000000000000000000001001000001000000000000000000000000000000000000000000000000000010000010010000100000000000000000000000000000000000000001110000000000000000000000
000000000000000000000000000000000000000000000000000000000000000000100001001000000000000000000000000000000000000000000000000011110000000000000000000000000000000110000000000000000000000000000000000000000000000000000000000000000000110000100000000000000000000000000000000000000000000000000000000000000000
000000000000000000000000000000000000000000000000000000000000000000000001110000000011000000000000000000000000000000010100000000100000000000000000000000000000000000000000000000000001000000000100000000000000000000000000000000000000001000100000000000000000000000000000000000000000000000000000000000000000
000000000000000000000000000000000000000000000000000000000001100000000001000000000011000000000000000000000000001110010100110000000000000000000000000000000000000000000000000001100001000000000100001100000000000000000000000000000000001000000000000000000000000000000000000000000000000000000000000000000000
000000000001000000000000000000000000000000000000000000000110110000000011000000000000000000000000000000000000001000001100010000000000000110000001100000000000000000000000000001100000110000011000001100000000000000000000000000000000001001000000000000000000000000000000000000000000000000000000000000000000
000000000110100000000000000000000000000110000100000000000100000000001010000000000000000000000000000000000000001100000000010000000101000110000001100000000000000000000000000000000001000000000100000000000000111000000000000000000000001100000000000000000000000000000000000000000000000000000000000001100000
000000000000110000000000000000000000000110001010000000000100010000000100000000000000000000000000000000000000000010111000100000000010000000000000000000000000000000000000000000000001000000000100000000000001001000000000000000000011000000000000000000000000000000000000000011100000000000000000000001100000
000000001000010011000000000000000001000000010010000000000011001000000000000000000000000000001100000000000000000000111000000000000010000000000000000000000000000000000000000000000000000111000000010000000011011000000000000000000011000000000000000000000000000000000000001100100000000000000000000000000000
000000000000110011000000000000000010100000001100000000000000000011000000001100000000000000001100000000000000000000000001000000000000000000000000000000000000000000000000000000000000001001000000111000000001010000000000000000000000000000000000000000000000000000000000001001100110000000000000000000000000
000000000010000010000000000000000010100000000000000000000000000011000000000000000000011000000000000000000000000000110001000000000000000000000000000000000000000000000000000001100000001001100001010100000001110000110000000000000000000000000000000000000000000000110000001110001000000000000000000000000000
000000000011001100000000000000000001000000000000000000000000000000000100001110000000011000000000000000000000000000010001000000000000000000000000000000001000000000000000000001100000000000100000100110000000010000110000000000000000000000000000000000000000000000100100000000001000101000000000000000000000
000000000001111100000000000011000000000000000000000000000000000000000110001110000000000000000000000000000000000000010010000000000000000000000000000000001000000000000000000000000000000101000000001100000000101100010000011000000000000000000000000000000000000000010000000000001101111110000000000000000000
000000000000110000000000000100100000000000000000000000000000000000000011001100000000000000000000000000000000000000001100000000000000000000000000110000001000000000000000000000001001100000000000000000001011100001010000101000000000001010000000000000000000000000000000000000000000110110000000000000000000
000000000000000000000000000011000000011100000000000000000000000000000110011100000000000000000000000000000000000000000000000000001110000000000001001000000000000000000000000000010100111011000000110000001010000001101000010000000000001010000000000000000000000000000000000000000000000001000000000000000000
000000000000000000000000000000000000000000000000000000000000000000000100001011100000000000000000000000000000000000000000000000000000000000000000110000000000000000000000000000010111111100000001011000000010110100001100001100000000111100000000000000000000000000000000000000000000000011100000000000000000
000000000000000000000000000000000000000001000000000000000000000000000000000111000000000000000000000000000000000000000000000000000000000000000000000000000000000000000000000000011011000100000001001100001100000001000000001110000001010000000000000000000000000000000000000000000011000011000000000000000000
000000000000000000000000000000000000000001000000000000000000000000000000000110000000000001000000000000000000000000000000000000000000000000010000000000000000000000000000000000000100000000001000010000010000000001011000011001000010010000000000000000000000000000000000000000000001001110000000000000000000
000000000000000101000000000111000000000001000000000000000000000000000000000100000000000010101000100000000000000000000000000000000000000000010000000000000000000000000000000000000011101010010100000000111000000000110000110000010110010000000000000000000000000000000000010000000001001100000000000000000000
000000000000001000000000001101100000010000000000000000000000000000000001110101110000000010001000000000000000000000000000000000000000000000010000000000000000000000000000000000000100001110010100000000101000000000000000100000110000000000000000000000000000000000000001001000000000110000000000000000001100
000000000000000001010000001100100000001000000000000000000000000000000000101100010000010000000100010000000000000000000000000000000000000000000000000000000000000000000000000000000110000000001000000000110000000000000000110000011001000000000000000000000000000000000001001000000000000000000000000000001100
000110000000001110010000000011000001101000000000000000000000000000010000010110010000100000011000010000000000000000000000000000000000000000000000000000000000100000000000000000000110000000000000000000000000000000000000000001000000000000011100000000000000000110000000100000000000000000000000000000000000
000110000000011100100001110000000000110000000000000000000000000000101000100000000000010000001001010011000000000000000000000000000000000000000000000000000001010000000000000000000000000000000000000000000000000000000000000111000010100000000000000000000000000110000000000000000000000000000000000000000000
000000000000011001000001010000000000000000000000000000000000000000000000000010000000000000001010010100110000000000000000000000000000000000000000000000000000100000000000000000000000000000000000000000000000000001000000000000000000100000000000000000000000000000000000000000000110110000000000000000000000
000000000000010111000001010000000000000000000000000000000000000000111000000000000110001001101010010010010000000000110000000000000000000000000000000000000000000000000000000000000000000000000000000000000000000100100000000011000000000000000000000000000000000000000001000000000010110000000000000000000000
000000000000001100000001000000000000000000000000000000000000000000000000000000000110000110001010010100010000000000110000000000000000000000000000000000000000000000000000000000000000000000000000000000000000000000000000000111000000000000000000000000000000000000000010100000000010001000000000000000000000
000000000000000000000001100010000000000000000000000000000000000000000000010010000000001110000100000011100000000000000000000000000000000000000000000000000000000000000000000000000000000000000000000000000000000101000000001001100000000000000000011000000000000000000011000000111010010000000000100000000000
000000000000000000000001101101000000000000000000000000000000000000011000000010000000001110101000000010000000000000000000000000000000000000000000000000000000000000000000000000000000000000000000000000000000000000000000001110100000000000000000111100000000000000000000000000000000000000110001100000000000
000000000000000000000010100001000000000000000000000000000000000011100101000100000000001100000000000000000000000000000000000000000000000000000000000000000000000000000000000000000000000000000000000000000000000000000000000110110000000000000001010100000000000000000000000000000000110000110001100000000000
000000000000000000000001000110000001100000000000000000000000011011010000000000000000000111111000000000000000000000000000000000000000000000000000000000000000000000000000000000000000000000000000000000000000000000000000000010100000000000000000000000000000000110000000000000000001001000000001000000000000
000000000000000000000001000000000001100000000000000010000000000011011000010000000000000011000000000000000000000000000000000000000000000000000000000000000000000000000000000000000000000001110000000000000000000000000000000110000000110000000000000000000000000110000000000000000010001100000000000000000000
000000000000000000000000000000000000000000000000000111000000000000000010100000000000000010011000000000000000000000000000000000001000000000000000000000000000000000000000000000000001100110001000000000000000000000000001100011000001001000000000000000000000000000000000000000000001010000000000000000000000
000000000000000000000000000000000000000000000110111101100000100000000000000000000000001110000000000000000000000000000000000000001000000000000000000000000000010000000000000000000010010110001000000000000000000000000001100000000000101000000001100000000000000000000000000000000000000000000000000000000000
000000000000000000000000000000000000000000000111111011100011000000000000000000000000110100000000000000000000000000000000000000001000000000000000000000000000101000000000000000000001100111111000000000000001100000000000000000000000111000000001100000000000000000000000000000000000000000000000000000000000
000000000000000000000000000000000000000000001000011011100011011000000000000000111000100100000000000000000000000000000000000000000000000000000000000000000001001000000000000000000000000001000011100000000001100000000000000000001100000000000000000000110000000000000000000000000000000000000000000000000000
000000000000000000000000000000000000000000000111011011000010010000000000000000110110111100000000000000000000000001110000000000000000000000000000000000000000110000000000000000000000000001000010100000000010100000000000000000010100000000000000000011000100000000000000000000000000000000000000000000000000
000000000000000000000000000000000000000000000110010111000011100000000000000010011110000110010000000000000000000001001000000000000000000000000000000000000000000000000000000000110000000000000100100000000011000000000000000000010100000000000000000000000100000000000000000000000000000000000000000000000000
000000000000000000000000000000000000000000000000110110000001000000000000000010000000000001100000000000000000000010001000001000000000000000000000000000000000000000000000000000101000000000000100000000000011000000000000000000001000000000000000000100000100000000000000000000000000000000000000000000000000
000000000000000000000000000000000000000000000000110110000000000000000000000010100000000000000000000000000000000010101100000000000000000000000011000000000000000000000000000000010000000000000011000000000000000000000000000000000000000000000000000010001000000000000000000000000000000000000000000000000000
000000000000000000000000000000000000000000000000001000000000000000000000000000000110000000000000000000000000000001101000001000000000000000000011000000000000000000000000000000000000000000000000000000000000000000000000000000000000000000100000000001110000001100000000000000000000000000000000000000000000
000000000000000000000000000000000000000110001111000000000000000000000000000000000110000000000000000000000000000000111011000000000000000000000000000000000000000000000000000000000000000000000000000000000000000000000000000000000000000001010000000000000000001100000000000000000000000000000000000000000000
000100000000000000000000000000000000001100101100000000000000000000000000000000000110000000000000000000000000000000000010010000000000000000000000000110000000000000000000000000000000000000000000000000000000000000000000000000000000000001010000000000000000000000000000000000000000000000000000000000000000
001010000000000000000000000000000000000110101111100000011100000100000000000000000000000000000000000000000000000000001100100000000000000000000000001000000000000000000000000000000000000000000000000000000000000000000000000000001100000000100000000000000000000000000000000000000000000000000000000000000000
001100000000000000000000000000000000000000010001000000011100011110000000000001100000000000000000000000000000000000001001100000000000000000000000000111100000000000000011000000000000000000000000000000000000001001000000000000001100000000000000000000000000000000000000000100000000000000000000000000000000
000000000000000000000000000000000000000000000000000000000110111111000000000001100000000000000000000000000000000010001001000000000000000000000000000100100011000000000100100000000000000000000000000000000000010000000000000000000000000000000000000000000000000000000000001010000000000000000000000000000000
000000000000000000000000000000000000000010111000000000000001101110110000000000000000000000000000000000000000000101000101011100000000000000000000000000001110000000000011000000000000000000000000000000000000010000100000000000000000000000000000000000001110000000000000001010000000000000000000000000000000
000010000000000000000000000000000000000110111000000000000001000110010000000000000000000000000000000000000000000101000000011100000000000000000000000111100100000000000000000000000000000000000000000000000000011000100000000000000000000000000000000000001010000000000000000100000000000000000000000000000000
000001100011000000000000000000000000000101001100011000111000000100010000000000000001000000000000000000000000000010000000100100000000000000000000011111010100000000000000000000000000000000000000000000000000001001000000000000000000000000000000000000000000000000000000000000000000000000000000000000000000
000011100011000000000000000000000000000000001110011110000100000001100000000000000010100000000000000000000000000000000000011100000000000000000000010010000000100000000000000000000000011100000000000000000000000100000000001100000000000000000000000000000000000000000000000000000000000000000000000000000000
000010100000000000000000000000000001100000010010000010000010000000000000000000000001000000001100000000000000000000000000011010000000000000000000011110001111100000000000000000000000110010000000000000000000000111000000010010000000000000000000000000000000000000000000000000100000000000000000000000000000
000000000000000000000000000000000001100000011100000010000000000000000000000000000000000000001100000000000000000000000000000000000000000000000000000011000001000000000000000000000001000110000000000000000000000100100000001100000000000000000000000000000000000000000000000001010000000000000000000100000000
000011000000000000000000000000000000000000000000000000011100000000000000000000000000011000000000000000000000000000000000000000000000000000000000000010001100000000000000000000000010011100000000000000000000000011000000000000000000000000000000000000000000000000000000000001010000000000000000001010000000
000000000000000000000000000000000000000000000000000000000000000000000000000000000000011000000000000000000000000000000000000000000000000000000000000001101100000000000000000000000100110000000000000000000000000000000010000000000000000000000000000000000000000000000000000000100000000000000000001010000000
000000000000000000000000000000000000000000000000000000010110100000000000000000000000101000000000000000000000000000000000000000000000000000000000000000000000000000000000000000000100100000101000000000000000000000000101000000000000000000000000000000000000000000000000000000000000000000000000000100000000
000001000000000000000000000000000000000111000000000000110110100000000000000000000000111000000000000000000000000000000000000000000000000000000000000000000000000000000000000000000010001111010100000000000000000000000101000000000000000011100000000000000000000000000000000000000000000000000000000000000000
000011000001100000000000000000000000000000000000000000000110000000000000000000000000011000000000000000000000110000000010000000000000000000000000000000000000000000000111000000000011000000000000000000000000000000000010000000000000000000000000000000000000000000000000000000000000000000000000000000000000
000100100001100000000000000000000000000000010000000000110000000000000000000000000000000000000000000000000000110000000100000000000000000010000000111000000000000000000100000000000000000000000001000000000000000000000000000000000000000000000000000000100000000000000000000000000000000000000000000000000000
000011000000000000000000111000000100000000010000000000111000000000000000000000000000000000000000000100000000000000000111000000000000000101000000000000000000000000000010000000000000100000000000100000000000000000000000000000000000000000000000000001010000000000000000000000000000000000000000000000000000
000001000000000000000000000000001010000000010000000000001100000000000000000000000000000000000000000011111000000000000000000000000000000110000000000000000000000000000000000000000000000100000001000000000000000000000000000000000000000000000000000001010000000000000000000000000000000000000000000000000000
000000000000000100000010000010000100000000000000000000001111110000001110000000000000000000000000001010000000000000000000000000000000000000000000000000000000000000000000000000000000001000000000100000000000000000000000000000000000000000000000000000100000000000000000000000000000000000000000000000000000
000000000000001010000010000010000000000000000000000000000101100000010101100000000000000000000001100100000000000000000000000000000000000000000000000000000000000000000000000000000000000100000001000000000000001110000000000000000000000000000000000000000000000000000000000000000000000000000000000000000000
000000000000010010000010000010000000000000000000000000000000000000010001010000000000000000000000010001001001000000000000000000000000000000000000000000000000000000000000000000000000000100000000000000000000000000000000000000000000000000000000000000000000000000000000000000000000000000000000000000000000
000000000000001100000000000000000000000000000000000000000000000000010100010000000000000000000000000000000010100000000000000000000000000000000000000000000000000000000000000000000000000111000100000000000001100000000000000000000000000000000000000000000000000000000000000000110000000000000000000000000000
000000000000000000000000111000000000000000000000000000000000000000001101010000000000000000000000000100000100100001000000000000000110000000110000000000000000000000000000000000000000000011001000000000000001100000000000000000000000000000000000000000000000000000000000000000110000000000000000000110000000
000000000000000000000000000000000000000000000000000000000000000000000011100000000000000000000000001000000001100001000000000000001001000000110000000000000000110000000000000000000000000000000000000000000000000000000000000000000000000000000000000000000000000000000000000000000000000000000000000110000000
000000000000000000000000000000000000000000000000000000000000000000000000000000000000001100000000001101111110000001000000000000000110000000000000000000000001001000000000000000000000000000000000000000000000000000000000000000000000000000000000000000000000000000000000000000000000000000000000000000000000
000000000000000000000000000000000000000000000000000000000000000000000000000000000000001100000000000100000110000000000000000000000000000000000000100000000000110000000000000000000000001101100010000000000000000000000000000000000000000000000000000000000000000000000000000000000000000000000000000000000000
000000000000000000000000000000000000000000000000000000000000000000000000000000000000000000000000000011000110000000000000000000000000000000000001010000000000000000000000000000000000001101100000000000000000000000000000000000000000000000000000000000000000000000000000000000000000000000001100000000000000
000000000000000000000000000000000000000010000000000000000000000000000000000000000000000000000000000010100110000001100000000000000000000000000001010000001000000010000000000000000000000001010000000000000000000000000000000000000000000001000000000000000000000000000000000000000000000000001100000000000000
000000000000000000000000000000000000000010000000000000000011000000000000000000000000000000000000000010100110000011010000000000000000000000000000100000010100000010000000000000000000000000110000000000000000000000000000000000000000000001000000000000000000000000000000000000000000000000000000000000000000
000000000000000000000000000000000000000010000000000000000001100000000000000000000000000000000000000000110000011101010000000000000000000000000000000000010100000000000000000000000000000000110000000000000000000000000000000000000000000001000000000000000000000000000000000000000000000000000000000000000000
000000000000000000100000000000000000000000000000000001110000100000000000000000000000000000000000000001100001101010100000000000110000000000000000000000001000000000000000000000000000000000000100000000000000000000000000000000000000000000000000000000000000000000000000000000000000000000000000000000000000
000000000000000001010000000000000000000000010000000010000000000000000000000000000000000000000000000000110001000000000000000000110000000000000000000000000000000000000000000000000000000000000100000000000000000000000000000000000000011100011100000000000000000000000000000000000000000000000000000000000000
000000000000000001001000000000000000000000101000000001110000000000000000000000000000000000000000000000100001000000000000000000000000000000000000000000000010100000000000000000000000000000000100000000000000000000000000000000000000000000000000000000000000000000000000000000000000000000000000000000000000
000000000000000000110000000000011000000000101000000000100001100000000000000000000000000000000000000000000001000000000000000000000000001100000000000000000100100010000000000000000000000000000000000000000000000000000000000000000000000001000000011000000000000000000000000000000000000000000000000000000000
000000000000000000000000000000100100000000010000000000000001010000000000000000000000000000000000000000000001010100000000000000000000001100000000000000000100100010000000011100100000000000000000000000000000000000000000000000000000000001000000011000000000000000000000000000000000000000000000000000000000
010000000000000000000000000000101000000000000000000000000011011000000000000000000000000000000000000000000000011000000000000000000000000000000000000000000011100000000000010000010000000000000000000000000000000000000000000000000000000001000000000000000000000000000000000000000000000000000000000000000000
101000000000000000110000000000010000000000000000000000000000000000000000000000000000000000000000000000000000000001000000000000000000000100000000000000000100100000000000011111100001000000000000000000000000000000000000000000000001000000000000000000000000000000000000000000000000000000000000000000000000
101000000000000000110000000000000000000000000000000000000011011000000000000000000000000000000000000000000000000011010110000000000000001100000000000000000110101001100000000111000011100000000000000000000000000000000000000000000001000000000000000000000000000000000000000000000000000000000000000000000000
010000000000000000000000000000000000000000000000000000000000000000000000000000000000000000000000000110000000000000010110000000000000001010000000000000000000000011010000000000000100100000000000000000000000000000000000000000000001000000010000000000000000111000000000000000000000000000000000000000000000
000000000000000000000000000000000000000000000000000000000010001000000000000000000000000000000000000110000000000000010110000000000000000000000000000000000111011011110000000000001011000000000000000000000000000000000000000000000000000000101000000000000000000000000000000000000000000000000000000000000000
000000000000000000000000000000000000000000000000000000000001010000000000000000000000000000000000000000000000000011000000000000000000000000000000000000000000000110010000000000011011000000000000000000000000000000000000000000000000011100101000000000000010000010000000000000000000000000000000000000000000
000000110000000000000000000000000000000000000000000000000001010000000000000000000000000000000000000000000000000000111000000000000000000000000000000000000000000111001000000000001011000000000000000000000000000000000000000000000000000000010000000000000010000010000000000000000000000000000000000000000000
000000110000000000000000000000000000000000000000000000000000100000000000000000000000001100000000000000000000000000000000000000000000000000001100000000000000000011000000000000000100100000000000000000110000000000000000000000000000000000000000011000000010000010000000000000000000000000000000000000000000
000000000000000000000000000000000001110000000000000000000000000000000000000000000000001100000000000000000000000000000000000000000000000000010011000000000000000000000000000000000011100000000000000000110000000000000000000000000001000000000000011000000000000000000000000000000000000000000000000000000000
000000000000000000000000000000000000000000000000000000000000000000000000000000000000000000000000000000000000000000000110000000000000000000011011000000000000000000000000000000000001000000000000000000000000000000000000000000000010100000010000000000000000111000000000000000000000000000000000000000000000
000000000000000000000000000000000000000000000000000000000000000000000000000000000000000000000000000000000000000000001010000000000000000100011001000000000000000000000000000000000000000000000000000000000000000000000000000000000100100000010000000000000000000000000000000000000000000000000000000000000000
000000000000000000000000000000000000000000000000000000000000000000000000000000000000000000000000000000000000000000000100000000000000000100000110000000000000000000000000000000000000000000000000000000000000000000000000000000000011000000010000000000000000000000000000000000000000000000000000000000001000
000000000000000000000000000000000000000000010000000000000000000000000000000000001110000000000000000000000000000000000000000000000000000100000000000011000000000000000000000000100000000000000000000000000000000000000000000000000000000000000000000000000000000000000000000000000000000000000000000000010100
000000000000000000000000000000000000000000110000000000000000000000000000000000000000000000000000000000000000000000000000000000000000000000000000000011000000000000000000000001010000000000001110000000000000000000000000000000000000000111000111000000000000000000000000000000000000000000000000000000010100
000000000000000000000000000000000000000000110000000000000000000000000000000000000000000000000000110000000000000000000001110000000000000000000000000000000000000000000000000001010000000000001001000000000000000000000000000000000000000000000000000000000000000000000000000000000000000000000000000000001000
000000000000000000000000000000000000000000100000000000000000000000000000000000000000000000000000110000000000000000000001110000000000000000000000000000000000000000000000000000100000000011000000100000000000000000000000000000000000000000010000000000000000000000000000000000000000000000000000000000000000
000000000000000000000000000000000011000000000000000000000110000000000001000000000000000000000000000000000000000000000000000000000000000000000000000000000000000000000000000000000000000011000101000000000000000000000000000000000000000000010000000000000000000000000000000000000000000000000000000000000000
000000000000000000000000000000000011000000000000000000000110000000000010100000000000001110000000000000000000000000010000000000000000000000100000000000000000100000000000000000000000000000000110000000000000000000000000000000000000000000010000000000000000000000000000000000000000000000000000000000000000
000000000000000000000000000000000000000000000000000000000000000000000010100000000000000000000000000000000000000000011000000000000000000001000000000000000001000000000000000000000000000000000100000000000000000000000000000000000000000000000000000000000000000000000000000000000000000000000000000000000000
000000000000000000000001000000000000000000000000000000000000000000000001000000000000100000100000000000000000000000001100000000000000000001110000000000000011100110000000000000000001100000000000000000000000000000000000000000000000000000000000000000000000000000000000000000000000000000000000000001100000
000000000000000000000001000000000000000000000000000000010000000000000000000000000000100000100000000000000000000000011000000000000000000000110000000000000000100111000000000000000010100010000000000000000000011000000000000000000000000000000000000000000000000000000000000000010000000000000000000001100000
000000000000000000000001000000000000000000000000000000010000000110000000000000000000100000100000000000000000000000010000000000000000000011100000000000000000110010000000000000000011000011000000000000000000101000000000000000000000000000000000000000000000000000000000000000101000000000001110000000000000
000000000000000000000000000000000000000000000100000000010000000110000000000000000000000000000000000000000000000000000000000000000000000011000010000000000000011100000000000000000000000000000000000000000001010000000000000000000000000000000000000000000000000000110000000000101000000000000000000000000000
000000000000000000011100000000000000000000001010000000000000000000000000000000000000001110000000000110000000011000000000000000000000000110000010000000000000001110000000000000000000000000000000000000000000100000000000000000000000000000000000000000000000000001001000000000010000000000000000000000000000
000000000000000000000000000000000000000000000110000111000111000000000000000000000000000000000000000110000000011000000000000000000000000000000010000000000000000011000000000000000000000000000000000000000000000000000000000000000000000000000000000000000000000000110000000000000000000000000000000000000000
000000000000000000000000000000000000000000000000000000000000000000000000000000000000000000000000000000000000000000000000000000000000000000000000000000000000000011000000000000000000000000000000000000000000000000000000000000000000000000000000000000000000000000000000001100000001100000000000000000000000
000000000000000000000011000000000000011000000000000000010000000000000000000000000000000000000000000000001110000000000000000000000000000000000000000000000000000000000000000000000000000000000000000010000000000000000000000000000000000000000000000000000000000000000000010010000001100000000000000000000000
000000000000011100000011000000000000100100000000000000010000000000000000000000000000000000000000000000000000000000000000000000000000000000000000000000000000000000000000000000000000000000000000000101000000000000000000000000000000000000000000000000000000000000000000001100000000000000000000000000000000
000000000000000000000000000000010001001000000000000000010000000000000000000000000000000000000000000000000000000000000000000000000000000000000000000110000000000000000000000000000000000000000000000101000000000000000000000000000000000000000000000000000000000000000000000000000000000000000000000000000000
000000000000000000000000000000010000110000000000000000000000100000000000000000000000000000000000000000000000000000000000000000000000000000000000000110000000000000000000000000000000000000000000000010000000000000000000000000000000000000000000000000000000000001100000000000000000000000000000000000000000
000000000000000000000000000000010000000000000000000000000000100000000000000000111000000000000000000000000000000000000000011100001100000000000000000000000000000000000000000000000000000000000000000000000000000000000000000000000000000000000000000000000000000001100000000000110000000000000000000000000000
000000000000000000000000000000000000000000000000000000000000100000000000000000000000000000000000000000000000000000000000000000001100000000000000000000000000000000000000000000000000000000000000000000000000000000000000000000000000000000000000000000011000000000000010000000110000000000000000000000000000
000000000000000000000000000111000111000000000000000000000000000000000000000000000000000000000000000000000000000000000000000001000000000000000000000000000000000000000000000000000000000000000000000000000000000000000000000000000000000000000000011000010100000000000101000000000000000000000000000000000000
000000000000000000000000000000000000000000000000000000001110001110000000000000000000000000001100000000000000000000000000000001000000000000000000000000000000000000000000000000000000000000000000000000000000000000000000000000000000000000000000100100001000000000001010000000000000000000001100000000000000
000000111000000000000000000000010000000000000000000000000000000000000000000000000000000000010010000110000000111000000000000001000000000001000000000000000000000000000000000001000000110000000000000000000110000000000000000000000000000000000000101000000000000000001100000000000000000000001100000000000000
000000000000000000000000000000010000000000000000000000000000100000000000000000000000000000001100000110000000000000000000000000000000000101000000000000000000000000000000000010100000110000000000000000000110000110000000000000000000000000000000010000000000000000000000000000000000000000000000000000000000
000010000010000000000000000000010000000000000000000000000000100000000000000000000000000000000000000000000000000000000000000000000000000011000000000000000000000000000000000010100000000000000000000000000000000110000000000000000000000000000000000000000000000000000000000000000000011000000000000000000000
000010000010000000000110000000000000000000000000000000000000100000000000000000000000000000000000000000000000000000000000000000000000000000000000000000000000000000000000000001000000000000000000000000000000000000000000000000000000000000000000000000000000000000000000000000000000011000000000000000000000
000010000010000000000110000000000000000000000000000000000000000000000000000000000000000000000000000000000000001000000000000000000000000000000000000000000000000000000000000000000000000000000000000000000000000000000001000000000000000000000000000000000000000000000000000000000000000000000000000000000000
000000000000000000000000000000000000000000000000000000000000000000000000000010000000000000000000000000000000000100000000000000000000000000000000000000000000000000000000000000000000000000000000000000000000000000000110110000000000000000000000000000000000000000000000000000000000000000000000000000000000
000000111000000000000000000000000000000000000000000000000000000000000000000101000000000000000000000000000000010010000000000000000000000000000000000000000000000000000000000000000000000000000000000000000000000000000110111010000000000000000000000000000000000000000000000000000000000000000000001000000000
000000000000000000000000000000000000000000000000000000000000000000000000000101000000000000000000000011100000010011000000000000000000000000000000000000000000000000000000000000000000000000000000000000000000010000000110110101000000000000000000000000000000001100000000000000000000000000000000010100000000
001000000000000000000000000000000000000000000000000000000011000000000000000010000000000000000000000010000000000010000000000000000000000000000000000000000000000000000000110000000000000000000000000000000001101100000000001100100000000000000000000000000000001100000000000000000000000000000000010100000000
001000000000000000000000000000000000000000000000000000000011000000000000000000000000000000010000000110100000011000100000000000000000000000000000000000000000000000000000110000010000000000000000000000000001101100000000000011000000000000000000000000000000000000000000000000000001000000000000001000000000
001000000000000000000000000000000000000000000000000000000000000000000000000000000000000000011000000011011000101110100000000000000000000000000000000000000000000000000000000000010000000000000000000000000010001100011000000000000000000000000000000000000000000000000000000000000001000000000000000000000000
000000011000000000000000000000000110000000000000000000000000000000000000000001000000000000001100000000100001101101000000000000000000000000000000000000000000000000000000000000010000000000000000000000000011001000010101100000000000000000000000000000000000000000000000000000000001000000000000000000000000
000000100100000000000000000000000110000000000000000000000000000000000000000010100000000000011101000000000000100000000000000000000000000000000000000001000000000000000000000000000000000000000000000000000100010000010110000000000001100000000000000000000000000000000000000000000000000000000000000000000000
000000010100000000000000000000000000000000000000000000000000000000000000000100100000000000000001000000000000000000000000000000000000000000000000000101000000000000000000000000000000000000000000000000000101100000001110000000000001111000000000000000000000000000000000000000011100011100000000000010000000
000110001000000000000000000000000000000000000000000000000000000000000001100011000000000000011000000000110000000000000000000000000000000000000000000101000000000000000000010000000000000000000000000000000111000000000000000000000010001000000000000000000000000000000000000000000000000000000110000101000000
000110000000000000000000000000000000000000000000000000000000000000000001100000000000000000000000000001001000000000000000000000000110000000000000000011000000000000000000101000000000000000000000000000000100000011100000000000000001000000000000000000000000000010110000000000000001000000000110000101000000
000000000000000000000000000000000000000000000000000000000000000000000000000000000000000000000000000000110000000000000000000000000110000000000001100111000000000000000000101000000000000000000000000000000110110101100000000000000001010000000111000000000000000101110100000000000001000000000000000010000000
000000000000000000000000000000000000000000000000000000000000000000000000000000000000000000000000000000000000000000000000000000000000000000000001101011000000000000000000010000000000000000000000000000001000110000000000000000000000110100000000000000000000001001010010000000000001000000100000000000000000
000000000000000000000000000001110000000000000000000000000000000000000000000000000000000000000000000000000000000000000000000000000000000000000001001111000000000000000000000000000000000000000000000000001111110000000000000000000000111100000000000000000000001010001100000000000000000000100000000000000000
000000000000000000000000000000000000000000000000000000000000000000000000000000000000000000000000000000000000000000000000000000001000000000000000111000000000000000000000000000000000000000000000000000000100110000000000000000000000001000000000000000000000001110000000000000000000000000100000000000000000
000000000000000000000000000000000000000000000000000000000000000000000000000000000000000000000000000000000000000000000000000000010100000000000000000000000000000000000000000000000000000000000000000000000011100000000000000000000000000000000000000000000000001101100000000000000000000000000000000000000000
000000000000000000000000000000000000000000000000000000000000000000000000000000000000000000000000000000000000000000000000000000001000000000000000000000000000000000000000000000000000000000000000000000000001000000000000000000000000000000000011000000000000000001010010000000000000000000000000000000000000
000000000000000000000000000000000000000000000000000000000000000000000000100000000000000000000000000000000000000000000000000000000000000000000000000000000000000000000000000000000000000000000000000000000000000100000100000000000000000000000011000000000000000001010000001100000000000000000000000000000000
000000000000000000000011000000000000000000000000000000000000000000000001010000000000000000000000000000000000000000000000000000000000000000000000000000000000000000000000000000000000000000110000000000000000000100000100000000000000000001110000000000000000000000010010001100000000000000011000000000000000
000000000000000000000011000000011000000000000000000000000000000000000001001000000000000000000000100000000000000000000000000000001000000000000000000000000000000000000000000000000000000000110000000000000000000100000100000000000000000000000000000000000000001100001010000000000000000000011000000000000000
000000000000000000000000000000011000000000000000000000000000000000000000000000000000000000000000100000001110000000000000000000010100000000000000000000000000000000000000000000000000000000000000000001100000000000000000000000000000000000000000000000000000010010000110000000000000000000000000000000000000
000000000000000000011000000000000000000000000000000000000000000011000011010100000000000000000000100000000000000000000000000000010100000000000000000000000000000000000000000000000000000000000000000001100000000000001100000000000000000000000000000000000000010100000001000000000000000000000000000000000000
000000000000000000100100000000000000000000000000000000000000000110110000000100000000000000000000000000000000000000000000000000001000000000000000000000000000000000000000000000000000000000000000000000000000000000001110000000000001010000000000000000001000001000110110000000000000011000000000000000000000
000000000000000000011000000000000000000000000000000000000000011000010000011000000000000000001110000000000000000000000000000000000000000000001100000000000000000000000000000000000000000000000000000000000000000000000001000000001110000000000000000000000100000000000100000000000000100100000000000000000000
000000000000000000000000000000000000000000000000000000000000000001011001010000000000000000000000000000000000000000000000000000000000000000001100000000000000000000000000000000000000000000000000000000000000000000001100100000001100000000000000000000000100000000111000001100000000010100000000000000000000
000000000001100000000000000000000000000000000000000000000000000000000011000000000001100000000000100000000001110000000000000000000000000000000000000000000000000000000000000000000000000000000000000001100110001110010001001100000001000000000000000000000110000000010000001100000000001000001000000000000000
000000000001100000000000000000000000000000000000000000000000001100011111111000000001100000000000100000000000000000000000000000000000000000000000000000000000000000000000000000000000000000000000000001101100010111001011000000001101000000000000000000010010100000000000000000011000000000010100000000000000
000000000110000000000000000000000000000000000000000000000000001000010000010000000000000000000000100000000000000000000000000000000000000000000000001000000000000000000000000000000000000000000000000000100010010001110111000000010011000000000000000000100000000000000000000000011000000000100100000000000000
000000000110000000000000000000000000000000000000000000000000110011010001100110000000000000000000000000000000000000000000000000000000000000000000001000000000000000000000000000000000000000000000000000110000111111001100000000001101001000000000000000100110000000000000000000000000000000011000000000000000
000000000000000000000000000000000000000000000000000000000011010001000000001100000000000000000000000000000000110000000000000000000000000000000000001000000000001000000000000000000000000000000000000011100000000000000100000000000000101110000000010110110000000000000000000000000000000000000000000000000000
000000000000000000000000000000000000000000000000000000000000100010000000001100000000000000000000000000000000110000000000000000000000000000000000000000000000001000000000000000000000000000000000000111011101000000000000000000000000111110000000010110000100000000000000000000000000000000000000000000000000
000000000000000000000000000000000000000000000000000000000011000100000001101000000000000000000000000000000000000000000000000000000000000000011000000000000000001000000000000000000000000001100000001100010100000000000000000000000000001000010000100110001000011000000000000000000000000000000000000000000000
001100000000000000000000000000000000000000000000000000000000000000000000101000000000000000000000000000000000000000000000000000000000000000100100000000000000000000000000000000000000000100000000011100000000000000000000000000000000000001101100010101001000011000000000000000000000000000000000000000000000
001100000000000000000011100000000000000000000000000000000000000000000000011000000000000000000000000000000000000000000000000000000000000000011000000000000000000000010000000000000000010000010000001011000000000000000000000000000000000000001100010010110000000000000000010000000000000000000000000000000000
000000000000000000000000000000000001100000000000000000000000000000100000000000000000000000000000000000000000000000000000000011100000000000000000000000000000000000010000000000000000010000000010000111000000000000000000000000000000000000000100000110100000000000000000101000000000000000000000000000000110
000000000000000000000000000000000010010000000000000000000000000000100000000000001000000000000000000000000000000000000000000000000000000000000000000000000000000000010000000000000000010000100010000110000000100000000000000000011000001000101110000000110000000000000000000100000000000000000000000000000110
000000000000000000000000000000000001100000000000000000000000000000100000000000001000000000000000000000000000000000000000000000000000000000000000000000000000000000000000000000000000000111000010011100000000100000000000000000101100001010000010000000000000000000000000110100000000000000000000000000000000
000000000000000000000000000000000000000000000000000000000000000000001000000000001000000000000000000000000000000000000000000000000000000000000000000000000000000000000111000000000000000000000000100010000000000000000000000001100100000100000000000000010100000000000000001000000000000000000000000000000000
000000000000000000000001100000000001100000000000000000000000111000111000000000000000000000000000000000000000000000000011000000000000000000000000000000000000000000000000000000000000000000000000100010000000001101000000000000111000000000000000000000000110000000000000000000000000000000000000001000000000
000000000000000000000001100000000010010000000000000000000000000000111000000000000000000000000000000000000000000000000100100000000000000000000000000000000000000000000000000000000000000000000000100010000000000011100000001100100000000000000000000000001100000000000000010000000000000000000000001000000000
000000000000000000000000000000000001100000110000000000000000000000011011100000000000000000000000000000000000011000000011000000000000000000000000000000000000000000000000000000000000000000000000011100000000000000100000001100000100000000000000000000000000000000000000101000000000000000000011111100000000
110000000000001100000000000000000000000001001000000000000111000000011000000000000000000000000000000000000000011000000000000001000000000000000000111000000000000000000000000000000000000000000000000000000000000001100000000000001000100000000000000000000000000000000000101000000000000000000011110000000000
110000000000001100000000000000000000000000110000000000001000100000001110000000000000000000000000000000000000000000000000000110110000000000000000000000000000000000000000000000000000000000000000000000000000000000000000000000000000000000000000000000000000000000000000010000000000000000000010000100000000
000000000000000000000000000000000000000000000000000000001000100000000000000000000000000000000000000000000000000000000000000110000000000000000000000000000000000000000000000000000000000000000000000000000000100000000000000000000010100000000000000000000000000000000000000000000000000000000000101000000110
000000000000000000000000000000000000110000000000000000001000100000000101000000000000000000000000000000000000000000000000000110110000000000000001000000000000000000000000000000000000000011000000000000000001000000000000000000000000000000000000000000000000000000000000000000000000000000000000010000001101
000000000000000000010000000000000001001000000000000000000111000000000010000000000000000000000000001100000000000000000000000001110000000000000001000000000000000000000000000000000000000011000000000000000001000001110000011000000000000000000000000000000000000000000000000000000000000000000000000000011101
000000000000000000101000000000000000110000000000000000000000000000000010000000000000000000000000010100000000000000000000000000100000000000000001000000000000000000000000000000000000000000000000000001000000100010110111001000000000000000000000000000000000000000000000000000000000000000000000000000011010
000000000000000000101000000000000000000000000000000000000000000000000000000000000000000000000000001000000000000000000000000000100001110000000000000000000000000000000000000000000000000000000000000001110000000001000000101000000000000000000000000000000000000000000000000000000000000000000000010000000010
000000000000000000010000000000000000000000000000000000000000000000000000000000000001100011000000000000000000000000000000100000010000010000000000000000000000000000000000000000000000000000000000000000001100000000000110110000000000000000000000000000000000000000000000000000000000000000000000100000010100
000000000000000000000000000000000000000000000000000000000000000000000000000000000001100100100000000000000000000000000001100000000000110000000000000000000000000000000000000000000000000000000000000000100000000000000111000000000000000000000000000000000000000000000000000000000000000000000001100000010000
000000000000000000000000000000000000000000000000000000000000000000000000000000000000000011000000000000000000000000000011010000000001000000000000000000000000000000000000000000000000000000000000011100100000000000000000000000000000000000000000000000000000000000000000000000000000000000000000110000000000
000000011100000000000000000000000000000000010000000001100000000000000000000000000000000000000000000000000000000000000001010000000000001000000000000000000000000011000000000000000000000000000000000000000000000000000000000000000000000000000000000000000000000000000000000000000000000000000000001110000000
000000000000000000000000000000000000000000010000000000000000000000000000000000000000000000000000000000000000000000000000110000000000010110000000000000000000000100100000000000000000000000000000000000000000000000000000000000000000000000000000000000000000000000000000000000000000000000000000000000000000
000000000001000000000000000000000001110000010000000000000000000000000000000000000000000000000000000000000000000000000000000000000000010010000000000000000000000011000000000000000000001000000000000000011100000000000000000000000000000000000000000000000000000000000000000000000000000000000000000000000000
000000000001000100000000000000000001110000000000000000000000000000000000000000000000000000000000000000000000000000000000000000000000001110000000000000000000000000000000000000000000010110000000000001011100000000000000000000000000011100000000000000000000000000000000000000000000000000000001100000000000
000000000001000100000010000000000011100000000000000000000000000000000000000000000000001110000000000000000000000000000000000000000000000000000000000000000000000000000000000000000000010000000000000111000000000000000000000000000000000000000000000000000000000000000000000000000000000000000001100000000000
000000000000000100000010000000000101000001100000000000000110000000000000000000000000000000000000000000000000000000000000000000000000000000000000000000000000000000010000000000000000001010000000000000000000101000000000000000000000000001000000010000000000000000011000000000000000000000000000000000000000
000000000000000000000010000000000011000001110000000000000110000000000000000000000000000000000000000000000000000000000000000000000000000000000000000000000000000000111001110000000000000110000000000001111001000100000000000000000000000001000000010000000000000000110000000000000000000000000000000000110011
000001000000000000000000000000000011100001110000000000000000000000000000000000000000000000000000000000000000000000000000000000000000000000000000000000000000000001001101101000000000000011100000000000110000000100000000000000000000000001000000010000000000000000010010000000000000000000000000000000110011
000001000000000000000000000000000010111001100000000000000000000000000000000000000000000000000000000000000100000000000000000000000000000110000000000000000000000010000000001000000000000000100000000000001001101000000000000000000000000000000000000000000000000000011100000000000000000000000000000000000000
000001000000000000000000000000000011011000001110111000000001110000000000000000000000000000000000000000001010000000000000000000000000000110000000000000000000000010001111111000000000000010010000000000000110010000000000000000000000000000000000000000000000110000001000000000000000000000000000000000000000
000000000000000000000000000000000001000010001000001000000000000000000000000000000000000000000000000000000110000000000000000000001100000000000000000000000000000010000010101000000000000001100000000000000000000000000000000000000000000000000000000000000001000000000000000000000000000000000001000000000000
000000000000000000000000000000000100000100001000001000000000000000000000000000000000000000000000000000000000000000000000000000010010000000000000000000000000000010000011001100011000000000000000000000000000000000000000000001100000000000000000000000000010001000000000000000000000000000000001000000000000
000000000000000000000000000000000010000100000100010000000000000000000000000000000000000000000000000000000000000000000000000000001100000000000000000000000000000111000001100011101000000000000000000000000000000000000000000001100000000000000000000000000010010000000000110000000000000000000001000000000000
000000000000000001100000000000000000011000000011100000000000000000000000000000000000000000000000000000000000000110000000000000000000000000000000000000000000000000000000101111110000000000000000000000000000000000000000000000000000000000000000000000000010010000000000110000000000000000000000000000000000
000000000000000001100000000000000000100000000000000000000000000000000000000000000000000000001110000000000000000110000000000000000000100000000000000000000000001000000000001001000000000000000000000000000001000000000000000000000000000000000000000000000000111000000000000000000000000000001000000000000000
000000000000000000000000000000000000000011100000000000000000000000000000000001100000000000000010000000000000000000000000000000000001010000000000000000000000011000000000000000000000000000000000011100000001000000000000000000000000000000000000000000000000101100000000000000000000000000001000000000000000
000000000000000000000000000000000000000000000000000000000000000000000000000010010000000000000100000000000000000000000000000000000001010000000000000000000000110001100000000000000000000000000000000000000001000000000000000000000011000010000000000000000000000101000000000000000000000000001000000000000000
000000000000000000000000000000000000001000000000000000000000000000000000000010100000000000000000000000000000000000000000000000000000100000000000000000000000010100001011000000000000000000000000000000000000000000000000000000000000100101000000000000000000010000100000000000000000000000000000000001000000
000000000000000000000000000000000000001000000000000000000000000000000000000001000000000000000000000000000000000000000000000000000000000000000000000000000000001100011101000000000000000111000000000000000000000000000000000000000100000010000000000000000000011100000000000000000000000000000000000010100000
000000000000000000000000000000000000001000000000000000000000000000000000000000000000000000000000000000000000000000000000000000000000000000000000000000000000000010000001100000000000001000100000000000000011100000000000000000000011000000000000000000000000001000000000000000000000000000000000000010100000
000000000000000000000000000000000000000000000000000000000000000000000000000000000000000000000000000000000000000000000000000000000000000000000000000000000000000001011000000000000000001100010000000000000000000000000000000000100000000000000000000000000000000000000000000000000000000000000000000001000000
000000000000000000000000000000000000000000000000000000000000000000000000000000000000000000000000000000000000000000000000000000000000100000000000000000000000000000010000000000000000000000001000000000001000000000000000000000100000000000000000000000000000000000000000000000000000000000000000000000000000
000000000000000000000000000000000000000000000000000000000000000000000000000000000000000000000000000000000000000000000000110000000001010000000000000000000000000000000000000000000100000001001000000000001000000000000000000000100000000000000000000000000000000000000000000001100000011000000000000000000000
000000000000000000000000000000000000000000000000000000000000000000000000000000000000000000000000000000000000000000000000110000000001010000000000000000000000000000000000000000000100000000001000000000001000000000000000000000000000000000000000000000000000000001110000000001100000011000000000000000000000
000000100000000000000000000000000000000000000000000000000011000000000000000000000000000000000000000000000000000000000000000000000000100000000000000000000000000000000000000000000100001100010000000000000000000000000000000000000000000000000000000000000000000010010000001000000000000000000000000000000000
000001010000000000000000000000000000000000000000000000100010100000000000000000000000000000000000000000000000000000000000000000000000000000000000000000000000000000000001110000000000001000100000000000000000000000000000000000000001000000000000000000000101000010001001010100000000000000000000000000000000
000001010000000000000010000000000000000000000000000001010000000000000000000000000000000000000000000000000000000000000000000000011000000011000000000000000000000000000010001000000000000111000000000000000000000000000000000000000001000000000000000000000110000110111111010000000000000000000000000000000000
000000100000000000000010011100000000000000000000000110000000000000000001100000000000000000000000000000000000000000000000000000100100000100100000000000000000000000000000001000000000000000000000000000000000000000000000000000000001000000000000000000000010000001011111100000000000000000000000000000000000
000000000000000000000010000000000000000000000000000110000000000000000001100000000000000000000000000000000000000000000000000000011000000011000000000000000000000000000100110000000000000000000000000000000000000000000000000110000000000000000000000000000000000000000000000000000000000000000000000000011000
000000000000000000000000000000000000000000000000000010001000000000000000000000000000000000000000000000000000000000000000000000000000000000000000000000000000000000001100100000000000000000000000000000000000000000000000011000000000000000000000000000000000000000001100000000000000000000000000000000011000
000000110000000000000000000000000000000000000000000001011000000000000000000000000000000000000000000000000000000110000000000000000000100000000000000000000000000000000100000000000000000000000000000000000000000000000000011000100000000000000000000000000000000000000000000000000000000000000000000000000000
000000110000000000000000000000000000000000000000000011100000000000000000000000000000000000000000000000000000001001000000000000000001010000000000000000000000000000000010000000000000000000000000000000000001100010000000001110110000000000000000000000000000000000111000000000000000000000000000000000000000
000000000000000000000000000000000000000000000000000010000000000000000000000000000000000000000000000000000000000101000000000000000001010000000000000000000000000000000011000000000000000000000000000000000001100011000011001100010000000000000000000000000000000000100000000000000000000000000000000110000000
000000000000000000000000000000000000000000000000000010100000000000000000000000000000000000000000000000000000000010000000000000000000100000000000000100000000000000000011100000000000111000000000000000000001100011000010001001110000000000000000000000000000000000100000000000000011000000000000000110000000
000000000000000000000000000000000000000000000000000001000000000000000000000000000000000000000000000000010000000000000000000000000000000010000000000100000000000000000011000000000000000000000000000000000000100000000100001111000000000000000000000000000000011000000000000000000100100000000000000000000000
000000000000000000000000000000000000000000000000000000000000000000000000000000000000000000000000000000101000000000000000000000000000000101000000000100000000000000000000000000001100000001000000000000000000000000000100001000000000000000000000000000000000011000000000000000000011000000000000000000000000
000000000000000000000000000000000000000000000000000000000000000000000000000000000000000000000000000000100100000000000000000000011000000101000000000000000000000000000000000000001100000010100000000000000000000000001000001000000000000000000000000000000000000000000000000111000000000000000000000000000000
000000000000000000000000000000000000000000000000000000000001110000110000000000000000000000000000000000011000000000000000000000100100000010000000000000000000000000000000000000000000000010100000000000000000000000001000001000000000000011000000000000000000000000000000000000000000000000000000000000000000
000010000000000000000000000000000000000000000000000000000010001001001000000000000000000000000000000000000000000000000000000000100100000000000000000110000000000000000000000000000000000001000000000000000000000000000100000000000000000100100000000000000000000000000000000000000000000000000000000000000000
000101000000000000000000000000000000000000000000000000000010001000110000000000000000000000000000000000000000000000000000000000011000000000000000001001000000000000000000000000000000000000000000000000000000000000000000000000000000000101000000000000001100000000000000001000000000000000000000000000000000
000110000000000000000000000000000001000000000000000000000010001000000000000000110000000000000000000000000000000000000000000000000000000000000000000110000000000000000000000000110000000000000000000000000000000000000000000000000000000010000000000000001100000000000000010100000000000000000000000000000000
000000000000000000001100000000000010100000000000000000000001110000000000011100110000000000000000000000000000000000000000000000000000000000000000000000000000000000000000000000101000000000000000000000000000000000000000000111000000000000000000000000000000000000000000010100000000000000000000000110000000
000000000000000000010010000000000010010000000000000000000000000011000000010100000000000000000000000000000000000000000000000000000000000000000000000000000000000000000000000000010000000000000000000000000000000000000000011100000000000000000000000000000000000000000000001000000000000000000000000110000000
000000000000000000001100000000000001100000000000000000000000000100100111010110000000000000000000000000000000000000000000000000000000000000000000000000000000000000000000000000000000000000000000000000000000000000000000000000001100000000000000000000000011000000000000000000000000000000000000000000000000
000000000000000000000000000000000000000000000000000000000000000100100100000100000000000000000000000000000011000000000000000000000000000000000000000000000000000001100000000000000000000000000000000000000000000000000000000000011010000000000000000001000011000000000000000000000000000000000000000000000000
000000000000000000000000000000000000000000000001100000000000000011000000001100000000000000000000000000000100100000000000000000000000000000000000000000000000000001100000000000000000000000000000000000000000000000000000000110101010110000000000000010100000000000000000000110000000000000000010000000000000
000000000000000000000000000000000000000000000001101010000000000000000001001000000000000000000000000000000011000000000000000000000000000000000000000000000000000000000000000000000000000000000000000000000000000000000000001000001101000000000000000010100000000000000000000110000000000000000101000000000100
000000000000000000000000000000000000000000000000100010110000100000000000110000000000000000000000000000000000000000000000000000000000000000000001110000000000000000000000000000000000000000000000000000000000000000000000000000011000000000000000000001000000000000000000000000011100000000000101000000001010
000000000000000000000000000000000000000000000000010000110001010000000000000000000000000000000000000000000000000000000000000000000000000000000000000000000000000000000000000000000000000000000000000000000000000000000000001010000000000000000000000000000000000001100000000000000000000000000010000000001001
000000000000000000000000000000000000000000100000001110001000110000000000000000000000000000000000000000000000000000000000000000000000000000000000000000000000000000000000000000000000000000000000000000000000000000000000001000000000000000000000000000000000000001100000000001000001000000000000000000000110
000000000000000000000000000000000000000001010000000100001000000000000000000000000000000000000000000000000000000000000000000000000000000000000000000000000000000000000000000000000000000000000000000000110000000000000111000110000000000000000000000000000000000000000000000001000001000000000000000000000000
000000000000000000000000000000000000000001010000110010001000000000000000000000000000000000000000000000000011000000000000000000000000000000000000000000000000000000000000000000000000000000000000000001001000000000000000000011000000000000000000000000000000000000000000000001000001000000000000000000000000
000000000000000000000000000000000000000000100000110000100000000000000000000000000000000000000000000000000011000000000000000000000000000000000000000000000000000000000000000000000000000000000000000000110000111110110000000000000000001100000000000000000000000000000000000000000000000000000000000000000000
000000000000000000000000000000000000000000000000000000000000000000000000000000000000000000000000000000000000000000000000000000000000000000000000000000000000000000000000000000000000000000000000000000000011010110011100000000000000001100000000000000000110000000000000000000011100000000000000000000000000
000000010000000000000000000000000000000000000000000000000000000000000000000000000000000000000000000000000000000000000000000000000000000000010000000000000000000000000000000000000000000000000000000000000010010000010010000000000000000000000000000000000110000000000000000000000000000000000000100000000000
000000010000000110000011000000000000000000000000000000000000000000000000000000000000000000000000000000000000000000000000000000000000000000010000000000000000000000000000000000000000000000000000000000000100010010000001000000000000000000000000000000000000000000000000000000000000000000000000100000000000
000000010000000011000110000001110000000000000000000000000000000000000000000000000000000000000000000000000000000000000000000000000000000000010000000000000000000000000000000000000000000000000000000000000010000101110001000000000000000001110000000000000000000000000000000000000000000000000000100000000000
000000000000010010101010010000000000000000000000000000000000000000000000000000000000000000000000000000000000110000000000000000000000000000000000000000000000000000000000000000000000000000110000000000000000010101001011000000000000000000000000000000000000000000000000000000000000000000000000000000000000
000000000000011101101101110000000000000000000000000000000000000000000000000000000000000000000000000000000000110000000000000000000000000000000000000000000000000000000000000000000000000001001000000000000001011000011000000000000000000000000000000000000000000000001100000000000000000000000000000000000000
000110000000001010101010100000000000000000000000000000000000000000000001100000000000000000000000000000000000000000000000000000000000000000000000000000000000000000000000000000000000000001001000000000000000000000000000000000000000000000000000000000000000000000001100000000000000000000000000000000000000
000110000000000111000111000000000000000000000000000000000000000000000001100000000000000000000000000000000000000000000000000000000000000000000000000000000000000000000000000000000000000000110000000000000000000000000000000000000000000000000000000000000000000000000000000000000000000000000000000000000000
