300 300
000000000000001100000000000000000000000000000000000000000000000000000000000000000000000111000111000000000000000000000000000000000000000000010000000000000000000000000000000000000000000000000000000000000000011000000000000000000001000000000000000000000000000000000000000000000000001110000000000000000000
000000000000010010011100000000000000000000000000000000000000000000000000000000000000001010101010100000000000000000000000000000000000000000101000000000000000000000000000000000000000001100000110110000000000011000000000000000000010100000001100000000000000000000000000000000000000010000100111000000000000
000000000000001100000000000000000000000000000000000000000000000000000000000000000000011101101101110000000000000000000000000000000000000000101000000000000000000000000000000000000000001100000100010000000000000000000000000000000011000000010010000000000000000000000000000000000000000000000000000000000000
000000000000000000000000000000000000000000000000000000000000000000000110000110000000010010101010010000000000000000000000000000000000000000010000000000000000000000000000000000000000000000000011100000000000000000000000000000000000000000010100000000000000000000000000000000000000011000100000000000000000
000000000000000000000000000000000000000000000000000000000000000000001001000110000000000011000110000000000000000000000000000000000000000000000000000000000000011000000001110000000000000000000001000000000000000000000000000000000000000000001000000000000000000000000000000000000000000111000000000000000000
000000000000000000000000000000000000000000000000000000000000000000000110000000000000000110000011000000000000000000000000000000000000000000000000000000000000011000000000000000000000000000000000000000000000000000000000000000000000000000000000000000000000000000000000000000000000000000000000000000000000
000000000000000000000000000000000000000000000000000000000000000000000000000000000000000000000000000000000000000000000000000000000000000000000000000000000000000000000000000000000000000000000000000000000000000000000000000000000000000000000000000000000000000000000000000000000000000000000000000000000000
000000000000000000000000000000000000000000000000000000000000000000000000000000000000000000000000000000000000000000000000000000000000000000000000000000000000000000000000000000000011000000000000000000000000000000000000000000000000000000000000000000000000000000000000000000000000000000000000000000000000
000000000000000000000000000000000000000000000000000000000110000000000000000000000000000000000000000000000000000000000000000000000000000000000000000000000110000000000000000000000011000000000000000000000000000000000000000000000000000000000000000000000000000000000000000000000000000000000000000000000000
000000000000000000000000000000000000000000000000000000000101000000000000000000000000000000000000000000000000000000000000000000000000000000000000000000001001000000000000000000000000000000000000000000000000000000000000000000000000000000000000000000000000000000000000000000000000000000000000000000111000
110001100000000000000000000000000000000000000000000000000010000000000000000000000000000000000000000000000000000000000000000000000000000000000000000000001001000000000000000000000000000000000000000000000000000000000000000000000000000000000000000000000000000000000000000000000000000000000000000000000000
110001100000000000000000000000000000000000000000000000000000000000000000000000000000000000000000000000000000000000000000000000000000000000000000000000000001000000000000000000000000000000000000000000000000000011000000000000110000000000000000000000000000000000000000000000000000000000000000000000000000
000000000000000000000000000000000000000000000001000000000000000000000000000000000000000000000000000000000110000000000000000000000000000000000000000000001101010000000000000000000000000000000000000000000000000011000000000001001000000000000000000000000000000000000000000000000000000000000000000000000000
000000000000000000000000000000000000000000000001000000000000011000000000000000000000000000000000000000000110000000000000000000000000000000000000000000001101010000000000000000000000000000000000000000000000000000000000000000101000000000000000000000000000000000000000000000000000001100000000000000000000
000000000001100011000000000000000000000000000001000000000000011000000000000000000000000000000000000000000000000000000000000000000000000000011000000000001011100000000001100000000000110000000000000000000000000000000000001000010000000000000000000000000000000000000000000000000000001100000000000000000000
000000000001100011000000000000000000000000000000000000000000000000000000000000000000000000000000000000000000000000000000000000000000000100011000000000011010000000000000000000000001001000000000000000000000000000000000011100000000000000000000000000000000000000000000000000000000000000000000000000000000
000000000000000000000000000000000000000000110000000000000000000000000000000000000000000000000000000000000000000000000010000000000000001010000000000000000011000000001001000000000000110000010000000000000000000000000000110010000000000000000000000000000000000000000000000000000000000000000000000000000000
000000000000000000001100000000000000000000110000110000000000000000000000000000000000000000000000000100000000000000000010000000000000000110000000000010001101100000000110000000000000000000010000000000000000000000000001110011000000000000000000000000000000000000000000000000000000000000000000000000010000
000000000000000000010010000000000000000000000000110000000000000000000000000000000000000000000000000100000000000000000010000000000000000000000000000000001101000000000000000000000000000000010000000000000000000000000001100001000000000000000000000000000000000000000000000000000000000000000110000000011000
000000000000000000001100000000000000000000000000000000000000000000000000000000000000000000000000000100000000000000000000000000100000000000000000000010100010000000000000000000000000000000000000000000000000000000000001100001000000000000000000000000000000000000000000000000000000000000001001000110111100
000000000000000000000000000000000000000000000000000000000000000000000000000000000000000000000000000000000001110000000000000000100000000000000000000000000000000000000000000000000000000000000000000000000000000000000000000000100000000000000000000000000000000000000000000000000000000000000101000000000110
000000000000000000000000000000000000110000000000000000000000000000000000000000000000000000000000000000000000000000000000000000100000000000000000000000000110000000000000000110000000000000000000000000000000000000000000110110100000000000000000000000000000000000000000000000000000000000000111000100111100
000000000000000000000000000000000000110000000000000000000000000000000000000000000000000000000000000000000000000000000000000000000000000001100000000000000101000000000000000110000000000000000000000000000000000011100000110010000000000000000000000000000000000000000000000000000000000000000000000000001000
000000000000000000110000000000000000000000000000000000000000000000000000000000000000000000000000000000000000000000000000000000001110000001100000000000000000000000000000000000000000000000000000000000000000000010100000000111000000000000000000000000000000000000000000000000000000000000000000000000100000
000000000000000000110000000000000000000000000000000000000000000000000000000000000000000000000000000000000000000000000000000000000000000000000000000000000010000000000000000000000000000000000000000000000000000100100000000000000000000000000000000000000000000000000000000000000000000000000000110001100000
000110000000000000000000000000000000000000000000000000000000000000000110000000000000000000000000000000000000000000000000000000000000000000000000000000100000000000000000000000000000000000000001100000000000000010100000000000000000000000100000000000000000000000000000000000000000000000011001100011000000
001001000000000000000000000000000000000000000000000000000000000000001100000000000000000000000000000000000000000000000000000000000000000000000000000000101110000000000000000000000000000000000010010000000000000010100000000000000000000001010000000000000000000000000110000000000000000000100101101011100000
001010000000000000000000000000000000000000000000000000000000000000010010000000000000000000000000000000000000000000000000000000000000000000000000000000011100000000000000000000000000000000000001010000000000000010010000000000000000011001010000000000000000000000000110000000000000000000010100011010100000
000100000000000011011100000000000000000000000000000000000000000000010010110000001100000000000000000000000000000000000000000000000000000000000000000000000000000000000000000000000000000000000000100000000000000001100000000000000000011000100000000000000000000000000000000000000000000000001000011100010000
000000000000000011110000000000000000000000000000000000000001000000000001010000011010110000000000000000000000000000000000000000000000000000000000000000000000000000000000000000000000000000000000000000000000000000000000000000000000000000000000000000000000000000000000000000000000000000000000000011100000
000000000000000011100000000000000000000000000000000000000010010000001100001000000000110000000000000000000000000000000000000010000000000000000000000000000000000000000000000000000000000000000000000000000000000000000000000000000000000000000000000000000000000000000000000000000000000000000000000000000000
000000000000000001000000000000000000000100000000000000000100000000000010010000011000000000000000000000000000000000000000000101000000000000000000000000000000000000000000000000000000000000000000000000000000000000000000000000000000000000000000000000000000000000000111000000000000000000000000000000000000
000000000000010111000000000000000000001100000000000000000010001000000010010000000110000000000000000000000000000000000000000010000000000000000000000000000000000000000000000000000000000000000000000000000000000001100000000000000000000000000000000000000000000000000000000000000000000000000000000000000000
000000000000100111000000000000000000011000000000000000000000101000000000000000000000000000000000000000000000000000000000000000000000000000000000000000000000000000000000000000000000000000000000000000000000000010100000000000000000000000000000000000000000000000010000010000000000000000000000000000000000
000000000001100010000000000000000000000101000000000000000001000000000000000000000000000000000000000000000000000000000000000000000000000000000000000000000000000000000000000000000000000000000000000000000000000010010011000000000000000000000000000000000000000000010000010000001100000000000000000000000000
000000000000101101100000000000000010000110100000000000000001010000000000000000000000000000000100000000000000000000000000000000000000000000000000000000000000000000000000000000000000000000000000000000000000000001100101101000000000000000000000000000000011100000010000010000001100000000000000000000000000
000000000000011100101000000000001100000001100000000000000001010000000000000000000000000000001010000000000000000000100000000000000001000000000000000000000000000000000000000000000000000000000000000000000000000000100100110100000000000000000000000000001000010000000000000000000000000000000000000000000000
000000000000000001001001100000000001100000000000000000000000111000000000000000000000000000001010000000000000000001010000000000000010100000000000000000000000000000000000000000000000000000000000000000000000000000000110100000000000000000000000000000100010101000000111000000000000000000000000000000001100
000000000000000001000001100000000000100000000000000000000000011000000000000000000000000000000100000000011000000000100000000000000010100000000000000000000000000000000000000000000000000000000000000000000000000000000000000000000000000000000000000001101010001000000000000000000000000000000000000000001100
000010000000000001110000000000010000100000000000000000000001110100000000000000000000000000000000000000011000000000000000000000000001000000000000000000000000000000000000000000000000000000000000000000000000000000000000000100000000000000000000000010100100010000000000000000000000000000000000000000000000
000010000000000110010000000000011010000000000000000000000000001110000000000000000000000000000000000000000000000000000000000000000000000000000000000000000000000000000000000000000000000000000000000000000000000000000000001100000111000000000011000001000000000000000000000000000000000000000000000000000000
000010000000000000010000000000000100000000000000000000000011100100000000000000000000000000000000000000000000000000000000000000000000000000000000000000000000000000000110000000000000000000000000000000000000000000000001111111000110110000000011000000000000000000000000000000000000000000000000000000000000
000000000000000010001000000000000000000000000000000000000000001000000000000000000000000000000000000000000000000000000000000000000000000000000000000000000000000000000110000000000000000000000000000000000000000000000010000111100110110000000000000000000000000000000011000000000000000000000000000000000000
000000000000000000000001010000000000000000000000000000000000000000000000000000000000000000000000000000000000001000010000000000000000000000000000000000000000000000000000000000000000000000000000000000000000000000000000000101010001100000000000000000000000000000000011000000000000000000000000000000000000
000000000000000000001111010000000000000000000000000000000000000000000000000000000000000000000000000000000000001000010000000000000000000000000000000000000000000000000000000000011000000010000000000000011000000000000001000000110000000000000000000001100000000000000000000000000000000000000000000000000000
000000000000000000000111100000000000000000000000000000000000000000000000000000000000000000000000000000000000001000010000000000000000000000000000101000000000000000000000000000101000000101000000000000100100000100000000000000000000000000000000000000101000000000000000000000000000000000000000000000000000
000000000000000000000000000000000000000000000000000000000000000000000010000000000000000000000000000000000000000000000000000000000000000000000000110101001100000000000000000000010000000101000000000000110010011111000110000000000000000000000000000000010000000001000000000000000000000000000000000000000000
000000000000000000000000000000000000000000000000000000000000000000000101000000000000000000000000000000000000000000000111000000000000000000000010000110001100000000000000000000000000000010000000000000011010111011100100000100000000000000000000000000000000000010100000000000000000000000000000000000000000
000000000000000000000000000000000000000000000000000000000000000000000101000000000000000000000000000000000000000000000000000000000000000000000010111000000000000000000000000000000000000000000000000000000111011011000100000000000001110000000000000000000000000010100000000000000000000000000000000000000000
000000000000000000000000000000000000000000000000011110000110000000000010000000000000000000000000000000000000000000000000000000000000000000000001000000000000000000000000000000000000000000000000000000000000100000000000000000000000000000000000000000000000000001000000000000000000000000000000000000000000
000000000000000000000000000000000000000000000000100010000110000000000000000000000000000000000000000000000000001000000000000000000000000000000000000000000000000000000000000000000000000000000000000000000000011000000000000000000100000100000000000000000000000000000000000011000000000000000000000000000100
000000000000000000000000000000000000000000000001000000000000000001100000001100000000000000000000000000000000001000000000000011000000000000000010100000000000000000000000000000000000000000000000000000111000011000000000000000000100000100000000000000000000000000000000001101000000000000000000000000000100
000000000000000000000000000000000000000000000000100010000000000010010000010010000000000000000000000000000000001000000000000100100000000000000110000000000000000000000001100000000000000000000000000000000000011000001000000000000100000100000000000000000000000000000000001000000000000000000000000000000100
000000000000000000000000000000000000000000000000010000000000000001100000001100000000000000000000000000000000000000000000000010100000000000000100000000000000011000000010011010000000000000000000000000000010000000001000000000000000000000000000000000000110000000000000000000000000000000000000000000000000
000000000000000000000000000000000000000000000000001100000000000000000000000000000000000000000000000000000000000000000000000001000000011100001110000000000000100100000001111101100000000000000000000000000010000000000000000000000001110000000000000000000110000000000000000110000000000000000000000000000000
000000000000000000000000000000100000000000000000000000000000000000000000000000000000000000000000000000000000000000000000000000000000000000000000000000000000011000000000000101000110000000000000000000000010000000000000000000000000000000000000000000000000000000000000000000000000000000000000000000000000
000000000000000000000000000001010000000000000000000000000000000000000000000000000000000000000000000000000000000000000000000000000000000000000000000000000000000000000000000010000111000000000000000000000000000000000000000000000000000000000000000000000000000000000000000000000000000000000000000000000000
110000000000000000000000000000100000101000000000000000000001100000000000001110011000000000000000000000000000000000000000000000000000000000000000000000000000000000000000000000001101000000000000000000000000000000000000000000000000000000000000000000000000000000000000000000000000000000000000000000000000
110000000000000000000010000000000011001100000000000000000010010000000000011100000100000000000000000000000000000000000000000000000000000000000000000000000000000000000000000000011000000000000000000000000110000000000000000000000000000000000000000000000000000000000000000000000001000000000000000000000000
000000000000000000000101000000000000001110000000100000000010100000000001100010000000000000000000000000000000000000000000000000000000000000000000000000000000000000000000000000011001100000000000000000000110000000000000000000000000000000000000000000000000000000000000000000000011100000000000000000000000
000000001100000000000101000000000000001110000001010000000001000000001111101111011000000000000000000000000000000000000000000000000000000000000000000000000000000000000001100000000001100000000000000001100111000000000000000000000000000000000000000000000000000000000000000000000000010000000000000000000000
000000010010000000000010000000000000110110000000001000000000000000010010011011010000000000000000000000000000000000000000000000000000000000000000000000000000000000000010000000000001100000000000000011101100001100000000000000000000000000000100000000000000011100000000000000000111010011100000000000000000
000000001100000000000000000000000000111000000100001000000000000000001100000001100000000000000000000000000000000000001000000000000000000000000000000000000000000000000000000000000000000000000000000001100001101110000000000000000000000000001010000000000000000000000000000000000100100100100000000000000000
000000000000000000000000000000000000000000001000111000000000000000001000000000000000000011100000000000000000000000010100000000000000000000000000000000000000000000000000000000000000000000000000000000000111001100000000000000000000000000001100000000000000000000000000011100000000000101010000000000000000
000000000000000000000000000000000000000000000101100000000000000000000000000000000000000000000000000000000110000000010100000000000000000000000000000000000000000000000000000000000000000000000000000000000011000000000000000000000000000000000000000000000000000000000000000001011010010001110011100000000000
000000000000000000000000000000000000000000000010000000000000000000111000000000000000000000000000000000000110000000001000000000000000000000000000000000000000000000000000000000000000000000000000000000000011000000000000000000000010001000000000000000000000000000000000000001000011111010000000100000000000
000000000000000000000000000000000000000000000000000001000000000000000000000000000000000000000000000000000000000000000000000000000000000000000000000000000000000000000000110000000000000000000000000000000000000000000000000000000001010000000000000000000000000000000000000001010000100010101101100000000000
000000000000000000000000000000000000000000000000000001000000000000000010000000000000000000000000000000000000000000000000000000000000000000000000000000000000000000000000110000000000000000000000000000000000000000000000000000000010010100000000000000000000000000000000000000000101010110111110000000000000
000000000000000000000000000000000000010100100000000000000000000000000111000000000000000001100000000000000000000000000000000000000000000000000000000000000000000000000000000000000000000000000000000000000000000000000000000000100000001100000001000000000000000000000000000000001100011000010000000000000000
000000000000000000000000000000000000011001010000000000000000000000001010100000000000000001100000000000000000000000000000000000000100000000000000000000000000000000000000000000000000000000000000000000000000000000000011100001010000010011000010100000000000000000000000000000001101000000001110000000000000
000000000000000000000000000000000000000101001000000000000000000000001100110000000000000000000000000000000000000100000000000001111110000000000000000000000000000000000000000000000000000000000000000000000000000000000000000000001000000111000100100001000000000000000000000000010010111000000010000000000000
000000000000000000000000000000000000011100001000000000000000000000000111100000000000000000000000000110000000001010000000000111110001000000000000000000000000000000000000000000000000000000000000000000000000000000000000000100001000000011000011000001000000000000000000000000011000010000000100000000000000
000000000000000000000000000000000000000000011000000000000000000000000010000000000110000000000000000110000000001010000000001101001110000000011000000000000000000000000001000000000000000000000000000000000000000000000000001000000110101110000000000001000000000000000000000000000000100000000000000000000000
000000000000000000000000000000000000000000000000000000000000000000100101101000000110000000000000000000011100000100000000011000001110000000011000000000000000000110000001000000000000000000000000000000000000000000000000001001010101010011000000000000000000000000000000000000000000100000000000000000000000
000000000000000000000000000000000000000000000000000000000000000000100010101100000000000000000000000000000000000000000000001000011000000000000000000000000000001001000001000000000000000000000000000000000000000000000000000000000101000101010000000000000000000000000000000000000001110000000000000000000000
000000000000000000000000000000000000000000000000000000000000000000101010001000000000000000000000000000000000000000000000000101101000000000000000000000000000000110000000000000000000000000000000000000000000000000000000000000000011100101010000000000000000000000000000000000000000000000000000000000000000
000000000000000000000000000000000000000000000000000000000001100000000111100000000011000000000000000000000000001100000000000001110000000000000000000000000000000000000000000000000000000000000000000000000000000000000000000000000000100000100000000000000000000000000000000000000000000000000000000000000000
000000000000000000000000000000000000000000000000000000000110010000000100100000000011000000000000000000000000001110000110111000000000000000000000000000000000000000000000000001100001100000001100001100000000000000000000000000000000000100000000000000000000000000000000000000000000000000000000000000000000
000000000011100000000000000000000000000000000000000000001000001000000101000000000000000000000000000000000000010010000001001000000000000110000001100000000000000000000000000001100011100000001110001100000000111000000000000000000000000000000000000000000000000000000000000000000000000000000000000000000000
000000000100010000000000000000000000000110000100000000001001110000000001000000000000000000000000000000000000001101010100111000000111000110000001100000000000000000000000000000000001100000001100000000000001111000000000000000000000011100000000000000000000000000000000000001100000000000000000000001100000
000000000011001000000000000000000000000110001010000000001110000000000010000000000000000000000000000000000000001101101100000000000111000000000000000000000000000000000000000000000000000111000000010000000010000100000000000000000011000000000000000000000000000000000000001101100000000000000000000001100000
000000000001001110000000000000000001000000010010000000000000000010000000000000000000000000001100000000000000000011101100000000000010000000000000000000000000000000000000000000000000000111000000010000000011101000000000000000000011000000000000000000000000000000000000001100011000000000000000000000000000
000000000001100000000000000000000010100000001100000000000000000101000000000000000000000000001100000000000000000001001101000000000000000000000000000000000000000000000000000000000000000100100000111100000011000000000000000000000000000000000000000000000000000000000000010001000000000000000000000000000000
000000000000101011000000000000000010100000000000000000000000000101000000000100000000011000000000000000000000000000100010100000000000000000000000000000000000000000000000000001100000000001100000100110000000100000010000000000000000000000000000000000000000000000110000001101000100000000000000000000000000
000000000110011011000000000000000001000000000000000000000000000000000110000100000000011000000000000000000000000000000000100000000000000000000000000000001000000000000000000001100000000000100000110001000001001000101000000000000000000000000000000000000000000000100000001100100011100000000000000000000000
000000000011000000000000000011000000000000000000000000000000000000000101100000000000000000000000000000000000000000010001000000000000000000000000000000001000000000000000000000000000000111000000100010000000100000100100011000000000000000000000000000000000000000000000000000011101000000000000000000000000
000000000000000000000000000100100000000000000000000000000000000000000001000000000000000000000000000000000000000000001110000000000000000000000000110000001000000000000000000000001000000110000000100000000000101110000000100100000000000000000000000000000000000000000000000000000010000011000000000000000000
000000000000000000000000000011000000011100000000000000000000000000000101000000000000000000000000000000000000000000000000000000001110000000000001001000000000000000000000000000110000000110000000100100000010010100000000110100000000000000000000000000000000000000000000000000000000000001100000000000000000
000000000000000000000000000000000000000000000000000000000000000000000110111001100000000000000000000000000000000000000000000000000000000000000000110000000000000000000000000000110000000000000000110100001011000100000010001110000000000000000000000000000000000000000000000000000000000001110000000000000000
000000000000000000000000000000000000000001000000000000000000000000000000011001100000000000000000000000000000000000000000000000000000000000000000000000000000000000000000000000110000001000000000001100011000000010000100000111000001011000000000000000000000000000000000000000000011100001100000000000000000
000000000000000000000000000111000000000001000000000000000000000000000000011111000000000000000000000000000000000000000000000000000000000000010000000000000000000000000000000000001101100110001000000000000100000001000100010100000001100000000000000000000000000000000000000000000000100001000000000000000000
000000000000000000000000000111100000000001000000000000000000000000000001100101010000000011010000000000000000000000000000000000000000000000010000000000000000000000000000000000000001000010010100000001101100000000101001110000010000000000000000000000000000000000000000010000000001001100000000000000000000
000000000000000100000000001100110000000000000000000000000000000000000001011000001000000000010100000000000000000000000000000000000000000000010000000000000000000000000000000000001100110010010100000001001000000000010001000000100010000000000000000000000000000000000001001000000000110000000000000000001100
000000000000000010110000001010100001100000000000000000000000000000000001000101011000000000000010000000000000000000000000000000000000000000000000000000000000000000000000000000001010001100001000000000110000000000000000100001011110000000000000000000000000000000000001001000000000010000000000000000001100
000110000000000110010000100111000000001000000000000000000000000000000000101101000000000000010100011001000000000000000000000000000000000000000000000000000000100000000000000000000100000000000000000000000000000000000000000011110000000000011100000000000000000110000000100000000000000000000000000000000000
000110000000000000010011000010000001010000000000000000000000000000111000001110000000000000000010010111110000000000000000000000000000000000000000000000000001010000000000000000000000000000000000000000000000000000000000000011100011100000000000000000000000000110000000000000000000000000000000000000000000
000000000000000010000000011000000000100000000000000000000000000000101000000000000000000010011010010100001000000000000000000000000000000000000000000000000000100000000000000000000000000000000000000000000000000000000000000101000000000000000000000000000000000000000000000000000110110000000000000000000000
000000000000011011100100000000000000000000000000000000000000000000111000000000000110000010001000010010001000000000110000000000000000000000000000000000000000000000000000000000000000000000000000000000000000000000000000001100000000000000000000000000000000000000000001000000000010101000000000000000000000
000000000000001000000100100000000000000000000000000000000000000000000000000000000110000010100010110000011000000000110000000000000000000000000000000000000000000000000000000000000000000000000000000000000000000000000000001110000000000000000000000000000000000000000010100000001110000000000000000000000000
000000000000000000000110001110000000000000000000000000000000000000001000000000000000000000110100001001100000000000000000000000000000000000000000000000000000000000000000000000000000000000000000000000000000000000000000001100000000000000000000000000000000000000000011000000110001100000000000100000000000
000000000000000000000110100101000000000000000000000000000000000011110000000000000000000000010100000110000000000000000000000000000000000000000000000000000000000000000000000000000000000000000000000000000000000000000000011100110000000000000000000110000000000000000000000000001000110000110001100000000000
000000000000000000000110111101000000000000000000000000000000000011001000000000000000000000110000000000000000000000000000000000000000000000000000000000000000000000000000000000000000000000000000000000000000000000000000000000110000000000000000001000000000000000000000000000000000000000110001100000000000
000000000000000000000010100000000001100000000000000010000000000001111000000000000000000000010000000000000000000000000000000000000000000000000000000000000000000000000000000000000000000000110000000000000000000000000000000000110000000000000000000000000000000110000000000000000010000100000001000000000000
000000000000000000000001000000000001100000000000000011000000000010111000000000000000000000000000000000000000000000000000000000000000000000000000000000000000000000000000000000000000000110000000000000000000000000000000000101100000110000000000000000000000000110000000000000000010000000000000000000000000
000000000000000000000000000000000000000000000000000011000000000010000000000000000000000000000000000000000000000000000000000000001000000000000000000000000000000000000000000000000001111110001100000000000000000000000001100110000001001100000000000000000000000000000000000000000001101100000000000000000000
000000000000000000000000000000000000000000000000000000000000000000000000000000000000111000000000000000000000000000000000000000001000000000000000000000000000010000000000000000000010000001100010000000000000000000000001100010000001101100000001100000000000000000000000000000000000000000000000000000000000
000000000000000000000000000000000000000000001100000000000010111000000000000000011000110010000000000000000000000000000000000000001000000000000000000000000000101000000000000000000001111000100001000000000001100000000000000000000001101100000001100000000000000000000000000000000000000000000000000000000000
000000000000000000000000000000000000000000011100000000001110100000000000000000111101001000000000000000000000000001110000000000000000000000000000000000000001001000000000000000000000000000110000110000000010010000000000000000001110010000000000000001110000000000000000000000000000000000000000000000000000
000000000000000000000000000000000000000000001100000000000110101000000000000001001010110000000000000000000000000010010000000000000000000000000000000000000000110000000000000000000000000000000000110000000110110000000000000000010010000000000000000010101000000000000000000000000000000000000000000000000000
000000000000000000000000000000000000000000000010000000000110100000000000000001010011011100100000000000000000000010001000000000000000000000000000000000000000000000000000000000110000000000001000000000000100100000000000000000010110000000000000000001000010000000000000000000000000000000000000000000000000
000000000000000000000000000000000000000000000000000000000010100000000000000010011110000100100000000000000000000110001000000000000000000000000000000000000000000000000000000000101000000000000101000000000011000000000000000000001000000000000000000010100010000000000000000000000000000000000000000000000000
000000000000000000000000000000000000000000000000001100000001000000000000000010000010000001000000000000000000000001011100000000000000000000000011000000000000000000000000000000010000000000000010000000000000000000000000000000000000000000000000000010000100000000000000000000000000000000000000000000000000
000000000000000000000000000000000000000100001110111100000000000000000000000000000110000000000000000000000000000000101011000000000000000000000011000000000000000000000000000000000000000000000000000000000000000000000000000000000000000000100000000010001000001100000000000000000000000000000000000000000000
000000000000000000000000000000000000001100001010001000000000000000000000000000001001000000000000000000000000000000000010000000000000000000000000000000000000000000000000000000000000000000000000000000000000000000000000000000000000000001010000000001110000001100000000000000000000000000000000000000000000
000100000000000000000000000000000000010000110000100000001000000000000000000000000110000000000000000000000000000000011000110000000000000000000000000000000000000000000000000000000000000000000000000000000000000000000000000000000000000001010000000000000000000000000000000000000000000000000000000000000000
001010000000000000000000000000000000001111111010010000010000000010000000000000000000000000000000000000000000000000011000010000000000000000000000001001000000000000000000000000000000000000000000000000000000000000000000000000001100000000100000000000000000000000000000000000000000000000000000000000000000
001100000000000000000000000000000000000110001111100000000110000011000000000001100000000000000000000000000000000000010000001000000000000000000000001011110000000000000011000000000000000000000000000000000000000000000000000000001100000000000000000000000000000000000000000100000000000000000000000000000000
000000000000000000000000000000000000000001100000000000000000000001110000000001100000000000000000000000000000000010011000011000000000000000000000000000001011000000000100100000000000000000000000000000000000111000000000000000000000000000000000000000000100000000000000001010000000000000000000000000000000
000000000000000000000000000000000000000111000000000000000011000001001000000000000000000000000000000000000000000101000110110100000000000000000000000001001011000000000011000000000000000000000000000000000000100000000000000000000000000000000000000000001010000000000000001010000000000000000000000000000000
000000000000000000000000000000000000001100110000000000011000000011001000000000000000000000000000000000000000000101000000000110000000000000000000000000100000000000000000000000000000000000000000000000000000000100000000000000000000000000000000000000000000000000000000000100000000000000000000000000000000
000001100011000000000000000000000000000010100000000000000100000011011000000000000001000000000000000000000000000010000000000111000000000000000000000000010000000000000000000000000000001100000000000000000000000001100000000000000000000000000000000000000000000000000000000000000000000000000000000000000000
000000110011000000000000000000000000000000010111011111010100000000100000000000000010100000000000000000000000000000000000110000000000000000000000101000000101000000000000000000000000100100000000000000000000000000000000001100000000000000000000000000000000000000000000000000000000000000000000000000000000
000110000000000000000000000000000001100000110010000111110000000000000000000000000001000000001100000000000000000000000000000000000000000000000000011000000010110000000000000000000001000010000000000000000000000001100000010010000000000000000000000000000000000000000000000000100000000000000000000000000000
000001000000000000000000000000000001100000010100000000001100000000000000000000000000000000001100000000000000000000000000000000000000000000000000011101110000100000000000000000000011011011000000000000000000001100100000001100000000000000000000000000000000000000000000000001010000000000000000000100000000
000000000000000000000000000000000000000000011100000000011000000000000000000000000000011000000000000000000000000000000000000000000000000000000000000010000011000000000000000000000100000110000000000000000000000011000000000000000000000000000000000000000000000000000000000001010000000000000000001010000000
000000000000000000000000000000000000000000000000000000110010000000000000000000000000100100000000000000000000000000000000000000000000000000000000000001000010000000000000000000000000000000110000000000000000000000000010000000000000000000000000000000000000000000000000000000100000000000000000001010000000
000000000000000000000000000000000000000000000000000000000110000000000000000000000001111110000000000000000000000000000000000000000000000000000000000000001000000000000000000000001000111000001000000000000000000000000101000000000000000000000000000000000000000000000000000000000000000000000000000100000000
000010100000000000000000000000000000000111000000000000110001000000000000000000000001101100000000000000000000000000000000000000000000000000000000000000000000000000000110000000000000100000001000000000000000000000000101000000000000000011100000000000000000000000000000000000000000000000000000000000000000
000100100001100000000000000000000000000000000000000000111110000000000000000000000000010000000000000000000000110000000000000000000000000000000000000000000000000000000101000000000101000100110000000000000000000000000010000000000000000000000000000000000000000000000000000000000000000000000000000000000000
000100010001100000000000000000000000000000010000000000001100000000000000000000000000000000000000000001100000110000000100000000000000000010000000111000000000000000000100000000000011000000000000000000000000000000000000000000000000000000000000000000100000000000000000000000000000000000000000000000000000
000100100000000000000000111000000100000000010000000000000010000000000000000000000000000000000000000010010000000000000101000000000000000101000000000000000000000000000000000000000000000000000001100000000000000000000000000000000000000000000000000001010000000000000000000000000000000000000000000000000000
000010100000000000000000000000001010000000010000000000000000100000001100000000000000000000000000000100001000000000000110000000000000000110000000000000000000000000000000000000000000000000000010010000000000000000000000000000000000000000000000000001010000000000000000000000000000000000000000000000000000
000000000000000100000010000010000100000000000000000000000000010000000001100000000000000000000000011000010000000000000000000000000000000000000000000000000000000000000000000000000000001100000001100000000000000000000000000000000000000000000000000000100000000000000000000000000000000000000000000000000000
000000000000001010000010000010000000000000000000000000000000000000110100000000000000000000000000111111000000000000000000000000000000000000000000000000000000000000000000000000000000010010000000000000000000001110000000000000000000000000000000000000000000000000000000000000000000000000000000000000000000
000000000000010010000010000010000000000000000000000000000000000000110001011000000000000000000000101100000011000000000000000000000000000000000000000000000000000000000000000000000000000000000000000000000000000000000000000000000000000000000000000000000000000000000000000000000000000000000000000000000000
000000000000001100000000000000000000000000000000000000000000000000110100011000000000000000000000000000000110110000000000000000000000000000000000000000000000000000000000000000000000000100000000000000000001100000000000000000000000000000000000000000000000000000000000000000110000000000000000000000000000
000000000000000000000000111000000000000000000000000000000000000000000001011000000000000000000000000000000110010001000000000000000110000000110000000000000000000000000000000000000000000000000000000000000001100000000000000000000000000000000000000000000000000000000000000000110000000000000000000110000000
000000000000000000000000000000000000000000000000000000000000000000001100000000000000000000000000001010101001110001000000000000001001000000110000000000000000110000000000000000000000000000000000000000000000000000000000000000000000000000000000000000000000000000000000000000000000000000000000000110000000
000000000000000000000000000000000000000000000000000000000000000000000001100000000000001100000000010010001001100001000000000000000110000000000000000000000001001000000000000000000000000000000000000000000000000000000000000000000000000000000000000000000000000000000000000000000000000000000000000000000000
000000000000000000000000000000000000000000000000000000000000000000000000000000000000001100000000000000000000000000000000000000000000000000000000100000000000110000000000000000000000001110100000000000000000000000000000000000000000000000000000000000000000000000000000000000000000000000000000000000000000
000000000000000000000000000000000000000000000000000000000000000000000000000000000000000000000000000001101011100001000000000000000000000000000001010000000000000000000000000000000000001000010000000000000000000000000000000000000000000000000000000000000000000000000000000000000000000000001100000000000000
000000000000000000000000000000000000000010000000000000000001000000000000000000000000000000000000000100101001000111100000000000000000000000000001010000001000000000000000000000000000000111011000000000000000000000000000000000000000000001000000000000000000000000000000000000000000000000001100000000000000
000000000000000000000000000000000000000010000000000000000010100000000000000000000000000000000000000001101000001111010000000000000000000000000000100000010100000000000000000000000000000011001000000000000000000000000000000000000000000001000000000000000000000000000000000000000000000000000000000000000000
000000000000000000000000000000000000000010000000000001100010010000000000000000000000000000000000000000111000000011010000000000000000000000000000000000010100000000000000000000000000000000101100000000000000000000000000000000000000000001000000000000000000000000000000000000000000000000000000000000000000
000000000000000000100000000000000000000000000000000001100001100000000000000000000000000000000000000000100000001101100000000000110000000000000000000000001000000000000000000000000000000000000000000000000000000000000000000000000000000000000000000000000000000000000000000000000000000000000000000000000000
000000000000000001010000000000000000000000010000000010010000000000000000000000000000000000000000000000010000010001000000000000110000000000000000000000000000000000000000000000000000000000001100000000000000000000000000000000000000011100011100000000000000000000000000000000000000000000000000000000000000
000000000000000001001000000000000000000000101000000010010000000000000000000000000000000000000000000000110100100000000000000000000000000000000000000000000011100000000000000000000000000000000100000000000000000000000000000000000000000000000000000000000000000000000000000000000000000000000000000000000000
000000000000000000110000000000011000000000101000000001010000110000000000000000000000000000000000000000000010000000000000000000000000001100000000000000000110010000000000011000000000000000000000000000000000000000000000000000000000000001000000011000000000000000000000000000000000000000000000000000000000
000000000000000000000000000000100100000000010000000000100010001000000000000000000000000000000000000000000001011000000000000000000000010010000000000000001000001000000000011000000000000000000000000000000000000000000000000000000000000001000000011000000000000000000000000000000000000000000000000000000000
010000000000000000000000000000101000000000000000000000000000111000000000000000000000000000000000000000000000111001000000000000000000010010000000000000001110000000000000101000000001000000000000000000000000000000000000000000000000000001000000000000000000000000000000000000000000000000000000000000000000
101000000000000000110000000000010000000000000000000000000000000000000000000000000000000000000000000000000000010110100000000000000000010010000000000000001000000001000000000000110010100000000000000000000000000000000000000000000001000000000000000000000000000000000000000000000000000000000000000000000000
101000000000000000110000000000000000000000000000000000000000000000000000000000000000000000000000000000000000000010000010000000000000011000000000000000000111010001100000000001000110110000000000000000000000000000000000000000000001000000000000000000000000000000000000000000000000000000000000000000000000
010000000000000000000000000000000000000000000000000000000000000000000000000000000000000000000000000110000000000001101001000000000000000100000000000000000100101101011000000000011100110000000000000000000000000000000000000000000001000000010000000000000000111000000000000000000000000000000000000000000000
000000000000000000000000000000000000000000000000000000000000000000000000000000000000000000000000000110000000000000101110000000000000000000000000000000000001010000100000000000010101110000000000000000000000000000000000000000000000000000101000000000000000000000000000000000000000000000000000000000000000
000000000000000000000000000000000000000000000000000000000011011000000000000000000000000000000000000000000000000001011110000000000000000000000000000000000000000000101000000000100101110000000000000000000000000000000000000000000000011100101000000000000010000010000000000000000000000000000000000000000000
000000110000000000000000000000000000000000000000000000000011011000000000000000000000000000000000000000000000000001011000000000000000000000000100000000000000000000110000000000010101110000000000000000000000000000000000000000000000000000010000000000000010000010000000000000000000000000000000000000000000
000000110000000000000000000000000000000000000000000000000000100000000000000000000000001100000000000000000000000000010000000000000000000000001110000000000000000000000000000000001100110000000000000000110000000000000000000000000000000000000000011000000010000010000000000000000000000000000000000000000000
000000000000000000000000000000000001110000000000000000000000000000000000000000000000001100000000000000000000000000000000000000000000000000011111000000000000000000000000000000000110110000000000000000110000000000000000000000000001000000000000011000000000000000000000000000000000000000000000000000000000
000000000000000000000000000000000000000000000000000000000000000000000000000000000000000000000000000000000000000000000110000000000000000000110001100000000000000000000000000000000010100000000000000000000000000000000000000000000010100000010000000000000000111000000000000000000000000000000000000000000000
000000000000000000000000000000000000000000000000000000000000000000000000000000000000000000000000000000000000000000001010000000000000000100011111000000000000000000000000000000000001000000000000000000000000000000000000000000000100100000010000000000000000000000000000000000000000000000000000000000000000
000000000000000000000000000000000000000000000000000000000000000000000000000000000000000000000000000000000000000000000100000000000000000100001110000000000000000000000000000000000000000000000000000000000000000000000000000000000011000000010000000000000000000000000000000000000000000000000000000000001000
000000000000000000000000000000000000000000010000000000000000000000000000000000001110000000000000000000000000000000000000000000000000000100000100000011000000000000000000000000100000000000001110000000000000000000000000000000000000000000000000000000000000000000000000000000000000000000000000000000010100
000000000000000000000000000000000000000000110000000000000000000000000000000000000000000000000000000000000000000000000000100000000000000000000000000011000000000000000000000001010000000000001001000000000000000000000000000000000000000111000111000000000000000000000000000000000000000000000000000000010100
000000000000000000000000000000000000000000110000000000000000000000000000000000000000000000000000110000000000000000000001010000000000000000000000000000000000000000000000000001010000000000001000100000000000000000000000000000000000000000000000000000000000000000000000000000000000000000000000000000001000
000000000000000000000000000000000000000000100000000000000000000000000000000000000000000000000000110000000000000000000001010000000000000000000000000000000000000000000000000000100000000011000000100000000000000000000000000000000000000000010000000000000000000000000000000000000000000000000000000000000000
000000000000000000000000000000000011000000000000000000000110000000000001000000000000000000000000000000000000000000000000100000000000000000000000000000000000000000000000000000000000000011001101100000000000000000000000000000000000000000010000000000000000000000000000000000000000000000000000000000000000
000000000000000000000000000000000011000000000000000000000110000000000010100000000000001110000000000000000000000000011000000000000000000000000000000000000000000000000000000000000000000000001000000000000000000000000000000000000000000000010000000000000000000000000000000000000000000000000000000000000000
000000000000000000000000000000000000000000000000000000000000000000000010100000000000000000000000000000000000000000010100000000000000000000000000000000000001000000000000000000000000000000001110000000000000000000000000000000000000000000000000000000000000000000000000000000000000000000000000000000000000
000000000000000000000001000000000000000000000000000000000000000000000001000000000000100000100000000000000000000000000110000000000000000011000000000000000001000010000000000000000001100000000000000000000000000000000000000000000000000000000000000000000000000000000000000000000000000000000000000001100000
000000000000000000000001000000000000000000000000000000010000000000000000000000000000100000100000000000000000000000010100000000000000000011100000000000000001010001100000000000000010100011000000000000000000011000000000000000000000000000000000000000000000000000000000000000010000000000000000000001100000
000000000000000000000001000000000000000000000000000000010000000110000000000000000000100000100000000000000000000000011000000000000000000001000000000000000000010000000000000000000011000011000000000000000000101000000000000000000000000000000000000000000000000000000000000000101000000000001110000000000000
000000000000000000000000000000000000000000000100000000010000000110000000000000000000000000000000000000000000000000000000000000000000000100100010000000000000110000000000000000000000000000000000000000000001010000000000000000000000000000000000000000000000000000110000000000101000000000000000000000000000
000000000000000000011100000000000000000000001010000000000000000000000000000000000000001110000000000110000000011000000000000000000000000011000010000000000000000000000000000000000000000000000000000000000000100000000000000000000000000000000000000000000000000001001000000000010000000000000000000000000000
000000000000000000000000000000000000000000000110000111000111000000000000000000000000000000000000000110000000011000000000000000000000000010000010000000000000000011000000000000000000000000000000000000000000000000000000000000000000000000000000000000000000000000110000000000000000000000000000000000000000
000000000000000000000000000000000000000000000000000000000000000000000000000000000000000000000000000000000000000000000000000000000000000000000000000000000000000000000000000000000000000000000000000000000000000000000000000000000000000000000000000000000000000000000000001100000001100000000000000000000000
000000000000000000000011000000000000011000000000000000010000000000000000000000000000000000000000000000001110000000000000000000000000000000000000000000000000000000000000000000000000000000000000000010000000000000000000000000000000000000000000000000000000000000000000010010000001100000000000000000000000
000000000000011100000011000000000000100100000000000000010000000000000000000000000000000000000000000000000000000000000000000000000000000000000000000000000000000000000000000000000000000000000000000101000000000000000000000000000000000000000000000000000000000000000000001100000000000000000000000000000000
000000000000000000000000000000010001001000000000000000010000000000000000000000000000000000000000000000000000000000000000000000000000000000000000000110000000000000000000000000000000000000000000000101000000000000000000000000000000000000000000000000000000000000000000000000000000000000000000000000000000
000000000000000000000000000000010000110000000000000000000000100000000000000000000000000000000000000000000000000000000000000000000000000000000000000110000000000000000000000000000000000000000000000010000000000000000000000000000000000000000000000000000000000001100000000000000000000000000000000000000000
000000000000000000000000000000010000000000000000000000000000100000000000000000111000000000000000000000000000000000000000011100001100000000000000000000000000000000000000000000000000000000000000000000000000000000000000000000000000000000000000000000000000000001100000000000110000000000000000000000000000
000000000000000000000000000000000000000000000000000000000000100000000000000000000000000000000000000000000000000000000000000000001100000000000000000000000000000000000000000000000000000000000000000000000000000000000000000000000000000000000000000000011000000000000010000000110000000000000000000000000000
000000000000000000000000000111000111000000000000000000000000000000000000000000000000000000000000000000000000000000000000000001000000000000000000000000000000000000000000000000000000000000000000000000000000000000000000000000000000000000000000011000010100000000000101000000000000000000000000000000000000
000000000000000000000000000000000000000000000000000000001110001110000000000000000000000000001100000000000000000000000000000001000000000000000000000000000000000000000000000000000000000000000000000000000000000000000000000000000000000000000000100100001000000000001010000000000000000000001100000000000000
000000111000000000000000000000010000000000000000000000000000000000000000000000000000000000010010000110000000111000000000000001000000000001000000000000000000000000000000000001000000110000000000000000000110000000000000000000000000000000000000101000000000000000001100000000000000000000001100000000000000
000000000000000000000000000000010000000000000000000000000000100000000000000000000000000000001100000110000000000000000000000000000000000000100000000000000000000000000000000010100000110000000000000000000110000110000000000000000000000000000000010000000000000000000000000000000000000000000000000000000000
000010000010000000000000000000010000000000000000000000000000100000000000000000000000000000000000000000000000000000000000000000000000000011100000000000000000000000000000000010100000000000000000000000000000000110000000000000000000000000000000000000000000000000000000000000000000011000000000000000000000
000010000010000000000110000000000000000000000000000000000000100000000000000000000000000000000000000000000000000000000000000000000000000000000000000000000000000000000000000001000000000000000000000000000000000000000001000000000000000000000000000000000000000000000000000000000000011000000000000000000000
000010000010000000000110000000000000000000000000000000000000000000000000000000000000000000000000000000000000000000000000000000000000000000000000000000000000000000000000000000000000000000000000000000000000000000000011000000000000000000000000000000000000000000000000000000000000000000000000000000000000
000000000000000000000000000000000000000000000000000000000000000000000000000010000000000000000000000000000000001000000000000000000000000000000000000000000000000000000000000000000000000000000000000000000000000000000111000100000000000000000000000000000000000000000000000000000000000000000000000000000000
000000111000000000000000000000000000000000000000000000000000000000000000000101000000000000000000000011000000000001000000000000000000000000000000000000000000000000000000000000000000000000000000000000000000010000001010000110000000000000000000000000000000000000000000000000000000000000000000001000000000
000000000000000000000000000000000000000000000000000000000000000000000000000101000000000000000000000011100000010000000000000000000000000000000000000000000000000000000000000000000000000000000000000000000000111000000100010001000000000000000000000000000000001100000000000000000000000000000000010100000000
001000000000000000000000000000000000000000000000000000000011000000000000000010000000000000000000000010110000010000000000000000000000000000000000000000000000000000000000110000000000000000000000000000000001001100000000011100100000000000000000000000000000001100000000000000000000000000000000010100000000
001000000000000000000000000000000000000000000000000000000011000000000000000000000000000000011000000111110000000010000000000000000000000000000000000000000000000000000000110000010000000000000000000000000010100000000000000111000000000000000000000000000000000000000000000000000001000000000000001000000000
001000000000000000000000000000000000000000000000000000000000000000000000000000000000000000010100000110001001001010000000000000000000000000000000000000000000000000000000000000010000000000000000000000000000101100111000000010000000000000000000000000000000000000000000000000000001000000000000000000000000
000000011000000000000000000000000110000000000000000000000000000000000000000001000000000000000110000011110010000001000000000000000000000000000000000000000000000000000000000000010000000000000000000000000101011000100000000000000000000000000000000000000000000000000000000000000001000000000000000000000000
000000100100000000000000000000000110000000000000000000000000000000000000000010100000000000001100000000100001010000000000000000000000000000000000000001000000000000000000000000000000000000000000000000000000010000110110000000000000000000000000000000000000000000000000000000000000000000000000000000000000
000000010100000000000000000000000000000000000000000000000000000000000000000100100000000000001110000000000000100000000000000000000000000000000000000000100000000000000000000000000000000000000000000000000001010000001100000000000011000000000000000000000000000000000000000000011100011100000000000010000000
000110001000000000000000000000000000000000000000000000000000000000000001100011000000000000000000000000110000000000000000000000000000000000000000000010010000000000000000010000000000000000000000000000010000010001000100000000000110010000000000000000000000000000000000000000000000000000000110000101000000
000110000000000000000000000000000000000000000000000000000000000000000001100000000000000000000000000001001000000000000000000000000110000000000000100000110000000000000000101000000000000000000000000000010000000000100000000000000010101000000000000000000000000000000000000000000001000000000110000101000000
000000000000000000000000000000000000000000000000000000000000000000000000000000000000000000000000000000110000000000000000000000000110000000000001110001110000000000000000101000000000000000000000000000011011110001000000000000000000011000000111000000000000000110111000000000000001000000000000000010000000
000000000000000000000000000000000000000000000000000000000000000000000000000000000000000000000000000000000000000000000000000000000000000000000010010001100000000000000000010000000000000000000000000000011000101000000000000000000001010100000000000000000000011001101100000000000001000000100000000000000000
000000000000000000000000000001110000000000000000000000000000000000000000000000000000000000000000000000000000000000000000000000000000000000000001101101000000000000000000000000000000000000000000000000011000000000000000000000000000000110000000000000000000011111101100000000000000000000100000000000000000
000000000000000000000000000000000000000000000000000000000000000000000000000000000000000000000000000000000000000000000000000000001000000000000000111000000000000000000000000000000000000000000000000000000000000000000000000000000000001100000000000000000000010110100000000000000000000000100000000000000000
000000000000000000000000000000000000000000000000000000000000000000000000000000000000000000000000000000000000000000000000000000010100000000000000111000000000000000000000000000000000000000000000000000000110100000000000000000000000000000000000000000000000000001100000000000000000000000000000000000000000
000000000000000000000000000000000000000000000000000000000000000000000000000000000000000000000000000000000000000000000000000000001000000000000000000000000000000000000000000000000000000000000000000000000011100000000000000000000000000000000011000000000000000001011000000000000000000000000000000000000000
000000000000000000000000000000000000000000000000000000000000000000000000100000000000000000000000000000000000000000000000000000000000000000000000000000000000000000000000000000000000000000000000000000000001000100000100000000000000000000000011000000000000000000000100001100000000000000000000000000000000
000000000000000000000011000000000000000000000000000000000000000000000001010000000000000000000000000000000000000000000000000000000000000000000000000000000000000000000000000000000000000000110000000000000000000100000100000000000000000001110000000000000000000000100010001100000000000000011000000000000000
000000000000000000000011000000011000000000000000000000000000000000000010000000000000000000000000100000000000000000000000000000001000000000000000000000000000000000000000000000000000000000110000000000000000000100000010000000000000000000000000000000000000001100000001000000000000000000011000000000000000
000000000000000000000000000000011000000000000000000000000000000011000001100000000000000000000000100000001110000000000000000000010100000000000000000000000000000000000000000000000000000000000000000001100000000000001100000000000000000000000000000000000000010010001000100000000000000000000000000000000000
000000000000000000011000000000000000000000000000000000000000001000110000001100000000000000000000100000000000000000000000000000010100000000000000000000000000000000000000000000000000000000000000000001100000000000011010000000000000000000000000000000000000010100001001000000000000000000000000000000000000
000000000000000000100100000000000000000000000000000000000000000000010000100100000000000000000000000000000000000000000000000000001000000000000000000000000000000000000000000000000000000000000000000000000000000000000011000000000110000000000000000000000000001000001001000000000000011000000000000000000000
000000000000000000011000000000000000000000000000000000000000001000001000000100000000000000001110000000000000000000000000000000000000000000001100000000000000000000000000000000000000000000000000000000000000000000000000100000001010000000000000000000001100000000000010000000000000100100000000000000000000
000000000000000000000000000000000000000000000000000000000000000110110001000100000000000000000000000000000000000000000000000000000000000000001100000000000000000000000000000000000000000000000000000000111100000000000010000000000100000000000000000000010000000000100000001100000000010100000000000000000000
000000000001100000000000000000000000000000000000000000000000000000100010100100000001100000000000100000000001110000000000000000000000000000000000000000000000000000000000000000000000000000000000000000111100001000011110010000001100000000000000000000000001000000101000001100000000001000001000000000000000
000000000001100000000000000000000000000000000000000000000000001100110100011100000001100000000000100000000000000000000000000000000000000000000000000000000000000000000000000000000000000000000000000000100010000000111000100000001011100000000000000000010000100000010000000000011000000000010100000000000000
000000000110000000000000000000000000000000000000000000000000100011110100100110000000000000000000100000000000000000000000000000000000000000000000001000000000000000000000000000000000000000000000000000011100100110111000000000010000000000000000000000111101000000000000000000011000000000100100000000000000
000000000110000000000000000000000000000000000000000000000001001010000000110110000000000000000000000000000000000000000000000000000000000000000000001000000000000000000000000000000000000000000000000000001000100001110000000000001000000000000000000000000001000000000000000000000000000000011000000000000000
000000000000000000000000000000000000000000000000000000000001001100100000111000000000000000000000000000000000110000000000000000000000000000000000001000000000001000000000000000000000000000000000000000001001100001001000000000000010000100000000000001100100000000000000000000000000000000000000000000000000
000000000000000000000000000000000000000000000000000000000001100001000000110000000000000000000000000000000000110000000000000000000000000000000000000000000000001000000000000000000000000000000000001000110111011100000000000000000001110010110000111011000010000000000000000000000000000000000000000000000000
000000000000000000000000000000000000000000000000000000000000000000000001101100000000000000000000000000000000000000000000000000000000000000011000000000000000001000000000000000000000000000000000011000110110000000000000000000000000000110111001000011000100011000000000000000000000000000000000000000000000
001100000000000000000000000000000000000000000000000000000000000000000001000100000000000000000000000000000000000000000000000000000000000000100100000000000000000000000000000000000000000000000000111000100000000000000000000000000000000000000101111011001100011000000000000000000000000000000000000000000000
001100000000000000000011100000000000000000000000000000000000000000000000111100000000000000000000000000000000000000000000000000000000000000011000000000000000000000010000000000000000001000000000011000000000000000000000000000000000000000111000001100110000000000000000011000000000000000000000000000000000
000000000000000000000000000000000001100000000000000000000000000000100000000000000000000000000000000000000000000000000000000011100000000000000000000000000000000000010000000000000000001000000010000000000000000000000000000000001000000000011100000010000000000000000000111000000000000000000000000000000110
000000000000000000000000000000000010010000000000000000000000000000110000000000001000000000000000000000000000000000000000000000000000000000000000000000000000000000010000000000000000001011000011111000000000000000000000000000111100000000000100000011001000000000000000100100000000000000000000000000000110
000000000000000000000000000000000001100000000000000000000000000001001000000000001000000000000000000000000000000000000000000000000000000000000000000000000000000000000000000000000000000000000000011100000000000000000000000001110110001100000100000001000000000000000000110100000000000000000000000000000000
000000000000000000000000000000000000000000000000000000000000000000101000000000001000000000000000000000000000000000000000000000000000000000000000000000000000000000000111000000000000000011000010000011000000000000000000000001101100000000000000000000001010000000000000011000000000000000000000000000000000
000000000000000000000001100000000001100000000000000000000000111000010000000000000000000000000000000000000000000000000011000000000000000000000000000000000000000000000000000000000000000000000000000001000000000101100000000000011100000000000000000000000001000000000000011000000000000000000000000000000000
000000000000000000000001100000000010010000000000000000000000000000000010000000000000000000000000000000000000000000000100100000000000000000000000000000000000000000000000000000000000000000000001000001000000000100110000001100010000000000000000000000000110000000000000010000000000000000000001000000000000
000000000000000000000000000000000001100000110000000000000111000000000000000000000000000000000000000000000000011000000011000001000000000000000000000000000000000000000000000000000000000000000000000000000000000110010000001100000000000000000000000000000100000000000000101000000000000000000011000000000000
110000000000001100000000000000000000000001001000000000000000000000001000000000000000000000000000000000000000011000000000000011100000000000000000111000000000000000000000000000000000000000000000011100000000000001100000000000000000000000000000000000000000000000000000101000000000000000000110001100000000
110000000000001100000000000000000000000000110000000000010000010000011100000000000000000000000000000000000000000000000000000110100000000000000000000000000000000000000000000000000000000000000000000000000000000000000000000000000000000000000000000000000000000000000000010000000000000000000000011100000100
000000000000000000000000000000000000000000000000000000010000010000011000000000000000000000000000000000000000000000000000001100000000000000000000000000000000000000000000000000000000000000000000000000000000000000000000000000000000000000000000000000000000000000000000000000000000000000000000011000001110
000000000000000000000000000000000000110000000000000000010000010000000011000000000000000000000000000000000000000000000000000100000000000000000001000000000000000000000000000000000000000011000000000000000001100000110000000000000000000000000000000000000000000000000000000000000000000000000000011000001101
000000000000000000010000000000000001001000000000000000000000000000000111000000000000000000000000001100000000000000000000000000000000000000000001000000000000000000000000000000000000000011000000000000000001100001001010111100000000000000000000000000000000000000000000000000000000000000000000000000000001
000000000000000000101000000000000000110000000000000000000111000000000010000000000000000000000000010100000000000000000000000000000000110000000001000000000000000000000000000000000000000000000000000001010000000010000010100100000000000000000000000000000000000000000000000000000000000000000000000000000011
000000000000000000101000000000000000000000000000000000000000000000000000000000000000000000000000001000000000000000000000000000000001110000000000000000000000000000000000000000000000000000000000000011011000000001101010001100000000000000000000000000000000000000000000000000000000000000000000100000011111
000000000000000000010000000000000000000000000000000000000000000000000000000000000001100011000000000000000000000000000001100000000001001000000000000000000000000000000000000000000000000000000000000001001000000000001110000000000000000000000000000000000000000000000000000000000000000000000001100000011100
000000000000000000000000000000000000000000000000000000000000000000000000000000000001100100100000000000000000000000000010010000000001001000000000000000000000000000000000000000000000000000000000000000000000000000000101110000000000000000000000000000000000000000000000000000000000000000000010000000000000
000000000000000000000000000000000000000000000000000000000000000000000000000000000000000011000000000000000000000000000110010000000000100000000000000000000000000000000000000000000000000000000000011100000000000000000011000000000000000000000000000000000000000000000000000000000000000000000001000100000000
000000011100000000000000000000000000000000010000000000000000000000000000000000000000000000000000000000000000000000000011001000000000100110000000000000000000000011000000000000000000000000000000000000000000000000000000000000000000000000000000000000000000000000000000000000000000000000000000000010000000
000000000000000000000000000000000000100000010000000000000000000000000000000000000000000000000000000000000000000000000001111000000000010110000000000000000000000100100000000000000000000000000000000000011000000000000000000000000000000000000000000000000000000000000000000000000000000000000000000100000000
000000000001000000000000000000000000100000010000000000000000000000000000000000000000000000000000000000000000000000000000000000000000010001000000000000000000000011000000000000000000001100000000000000110100000000000000000000000000000000000000000000000000000000000000000000000000000000000000000000000000
000000000001000100000000000000000000100000000000000000000000000000000000000000000000000000000000000000000000000000000000000000000000001110000000000000000000000000000000000000000000010110000000000010000100000000000000000000000000011100000000000000000000000000000000000000000000000000000001100000000000
000000000001000100000010000000000000000000000000000000000000000000000000000000000000001110000000000000000000000000000000000000000000001110000000000000000000000000010000000000000000010010000000000011001000000000000000000000000000000000000000000000000000000000010000000000000000000000000001100000000000
000000000000000100000010000000000000000000000000000000000110000000000000000000000000000000000000000000000000000000000000000000000000000000000000000000000000000000111111100000000000000100000000000010011000000000000000000000000000000001000000010000000000000000110000000000000000000000000000000000000000
000000000000000000000010000000001110000011000000000000000110000000000000000000000000000000000000000000000000000000000000000000000000000000000000000000000000000000000000010000000000000011000000000000100000011100000000000000000000000001000000010000000000000000101000000000000000000000000000000000110011
000001000000000000000000000000001110000111000000000000000000000000000000000000000000000000000000000000000000000000000000000000000000000000000000000000000000000010111001111100000000000110110000000000110000000000000000000000000000000001000000010000000000000000001000000000000000000000000000000000110011
000001000000000000000000000000000110001001110100011000000000000000000000000000000000000000000000000000000100000000000000000000000000000110000000000000000000000100001000000000000000000110110000000000001000000100000000000000000000000000000000000000000000000000010110000000000000000000000000000000000000
000001000000000000000000000000000011000000000000010100000001110000000000000000000000000000000000000000001010000000000000000000000000000110000000000000000000000000100000011100000000000000010000000000000000001000000000000000000000000000000000000000000001110000010100000000000000000000000000000000000000
000000000000000000000000000000000011010000100000000100000000000000000000000000000000000000000000000000000110000000000000000000001100000000000000000000000000000101000111010001110000000000100000000000000011100000000000000000000000000000000000000000000010010000001000000000000000000000000001000000000000
000000000000000000000000000000000001000010010001000100000000000000000000000000000000000000000000000000000000000000000000000000010010000000000000000000000000000000000001000111111000000000000000000000000000000000000000000001100000000000000000000000000100001000000000000000000000000000000001000000000000
000000000000000000000000000000000000000110001000001000000000000000000000000000000000000000000000000000000000000000000000000000001100000000000000000000000000000101000010101011001000000000000000000000000000000000000000000001100000000000000000000000000100000000000000110000000000000000000001000000000000
000000000000000001100000000000000000011000000100010000000000000000000000000000000000000000000110000000000000000110000000000000000000000000000000000000000000000001000001101000000000000000000000000000000000000000000000000000000000000000000000000000000000011000000000110000000000000000000000000000000000
000000000000000001100000000000000000011000000011100000000000000000000000000000000000000000001010000000000000000110000000000000000000100000000000000000000000011000000000111000000000000000000000000000000001000000000000000000000000000000000000000000000001100110000000000000000000000000001000000000000000
000000000000000000000000000000000000000011100000000000000000000000000000000001100000000000000010000000000000000000000000000000000001010000000000000000000000101000000000000000000000000000000000011100000001000000000000000000000000000000000000000000000001110000000000000000000000000000001000000000000000
000000000000000000000000000000000000000000000000000000000000000000000000000010010000000000000000000000000000000000000000000000000001010000000000000000000001101100000000000000000000000000000000000000000001000000000000000000000011000010000000000000000000110001000000000000000000000000001000000000000000
000000000000000000000000000000000000001000000000000000000000000000000000000010100000000000000000000000000000000000000000000000000000100000000000000000000000110011001010000000000000000111000000000000000000000000000000000000000000100101000000000000000000110000000000000000000000000000000000000001000000
000000000000000000000000000000000000001000000000000000000000000000000000000001000000000000000000000000000000000000000000000000000000000000000000000000000000010000100000100000000000000100100000000000000000000000000000000000000100000010000000000000000000110000000000000000000000000000000000000010100000
000000000000000000000000000000000000001000000000000000000000000000000000000000000000000000000000000000000000000000000000000000000000000000000000000000000000001010100011000000000000001001100000000000000011100000000000000000000011000000000000000000000000010100000000000000000000000000000000000010100000
000000000000000000000000000000000000000000000000000000000000000000000000000000000000000000000000000000000000000000000000000000000000000000000000000000000000000000000011000000000000001100011000000000000000000000000000000000100000000000000000000000000000001000000000000000000000000000000000000001000000
000000000000000000000000000000000000000000000000000000000000000000000000000000000000000000000000000000000000000000000000000000000000100000000000000000000000000000101000000000000000000000100100000000001000000000000000000000100000000000000000000000000000000000000000000000000000000000000000000000000000
000000000000000000000000000000000000000000000000000000000000000000000000000000000000000000000000000000000000000000000000110000000001010000000000000000000000000000010000000000000100000000100100000000001000000000000000000000100000000000000000000000000000000001110000000001100000011000000000000000000000
000000000000000000000000000000000000000000000000000000000000000000000000000000000000000000000000000000000000000000000000110000000001010000000000000000000000000000000000000000000100000000100100000000001000000000000000000000000000000000000000000000000000000001001000000001100000011000000000000000000000
000000100000000000000000000000000000000000000000000000000011000000000000000000000000000000000000000000000000000000000000000000000000100000000000000000000000000000000001110000000100001100011000000000000000000000000000000000000000000000000000000000000000000010001000000000000000000000000000000000000000
000001010000000000000000000000000000000000000000000000100011000000000000000000000000000000000000000000000000000000000000000000000000000000000000000000000000000000000000000000000000001001100000000000000000000000000000000000000001000000000000000000000010000010100000110000000000000000000000000000000000
000001010000000000000010000000000000000000000000000010100000000000000000000000000000000000000000000000000000000000000000000000011000000011000000000000000000000000000001001000000000000100100000000000000000000000000000000000000001000000000000000000001100000100100000011000000000000000000000000000000000
000000100000000000000010011100000000000000000000000000000000000000000001100000000000000000000000000000000000000000000000000000100100000100100000000000000000000000000001001000000000000111000000000000000000000000000000000000000001000000000000000000000110000111100000110000000000000000000000000000000000
000000000000000000000010000000000000000000000000000101000000000000000001100000000000000000000000000000000000000000000000000000011000000011000000000000000000000000001011101000000000000000000000000000000000000000000000001000000000000000000000000000000000000000000000000000000000000000000000000000011000
000000000000000000000000000000000000000000000000000011011000000000000000000000000000000000000000000000000000000000000000000000000000000000000000000000000000000000010000110000000000000000000000000000000000000000000000001000100000000000000000000000000000000000000000000000000000000000000000000000011000
000000110000000000000000000000000000000000000000000100000000000000000000000000000000000000000000000000000000000110000000000000000000100000000000000000000000000000000000100000000000000000000000000000000000000000000000000010010000000000000000000000000000000000000000000000000000000000000000000000000000
000000110000000000000000000000000000000000000000000110101000000000000000000000000000000000000000000000000000001001000000000000000001010000000000000000000000000000000001000000000000000000000000000000000001100010000000000010001000000000000000000000000000000001110000000000000000000000000000000000000000
000000000000000000000000000000000000000000000000000110110000000000000000000000000000000000000000000000000000000101000000000000000001010000000000000000000000000000001100100000000000000000000000000000000001011100000101000010001000000000000000000000000000000001110000000000000000000000000000000110000000
000000000000000000000000000000000000000000000000000110000000000000000000000000000000000000000000000000000000000010000000000000000000100000000000000100000000000000000110110000000000111000000000000000000001011010000000010011100000000000000000000000000000000000000000000000000011000000000000000110000000
000000000000000000000000000000000000000000000000000000000000000000000000000000000000000000000000000000010000000000000000000000000000000010000000000100000000000000000001000000000000000000000000000000000000100000000001000011100000000000000000000000000000011000000000000000000100100000000000000000000000
000000000000000000000000000000000000000000000000000000000000000000000000000000000000000000000000000000101000000000000000000000000000000101000000000100000000000000000000000000001100000001000000000000000000000000000000100011000000000000000000000000000000011000000000000000000011000000000000000000000000
000000000000000000000000000000000000000000000000000000000001110000000000000000000000000000000000000000100100000000000000000000011000000101000000000000000000000000000000000000001100000010100000000000000000000000010010010100000000000000000000000000000000000000000000000111000000000000000000000000000000
000000000000000000000000000000000000000000000000000000000000000000110000000000000000000000000000000000011000000000000000000000100100000010000000000000000000000000000000000000000000000010100000000000000000000000001100001000000000000011000000000000000000000000000000000000000000000000000000000000000000
000010000000000000000000000000000000000000000000000000000100000101001000000000000000000000000000000000000000000000000000000000100100000000000000000110000000000000000000000000000000000001000000000000000000000000000000000000000000000100100000000000000000000000000000000000000000000000000000000000000000
000101000000000000000000000000000000000000000000000000000100000100110000000000000000000000000000000000000000000000000000000000011000000000000000001001000000000000000000000000000000000000000000000000000000000000000000000000000000000101000000000000001100000000000000001000000000000000000000000000000000
000110000000000000000000000000000001000000000000000000000100000100000000001000110000000000000000000000000000000000000000000000000000000000000000000110000000000000000000000000110000000000000000000000000000000000000000000110000000000010000000000000001100000000000000010100000000000000000000000000000000
000000000000000000001100000000000010100000000000000000000000000000000000010000110000000000000000000000000000000000000000000000000000000000000000000000000000000000000000000000101000000000000000000000000000000000000000001010000000000000000000000000000000000000000000010100000000000000000000000110000000
000000000000000000010010000000000010010000000000000000000001110011000111110110000000000000000000000000000000000000000000000000000000000000000000000000000000000000000000000000010000000000000000000000000000000000000000001010001000000000000000000000000000000000000000001000000000000000000000000110000000
000000000000000000001100000000000001100000000000000000000000000100100111000000000000000000000000000000000000000000000000000000000000000000000000000000000000000000000000000000000000000000000000000000000000000000000000001100001110000000000000000000000011000000000000000000000000000000000000000000000000
000000000000000000000000000000000000000000000000100000000000000100100110001010000000000000000000000000000011000000000000000000000000000000000000000000000000000001100000000000000000000000000000000000000000000000000000000000001011000000000000000001000011000000000000000000000000000000000000000000000000
000000000000000000000000000000000000000000000000100000000000000011000000011100000000000000000000000000000100100000000000000000000000000000000000000000000000000001100000000000000000000000000000000000000000000000000000000000000100100000000000000010100000000000000000000110000000000000000010000000000000
000000000000000000000000000000000000000000000000011010100000000000000000100100000000000000000000000000000011000000000000000000000000000000000000000000000000000000000000000000000000000000000000000000000000000000000000001110001010100000000000000010100000000000000000000110000000000000000101000000000100
000000000000000000000000000000000000000000000000110100110000100000000000111000000000000000000000000000000000000000000000000000000000000000000001110000000000000000000000000000000000000000000000000000000000000000000000001110001111000000000000000001000000000000000000000000011100000000000101000000001010
000000000000000000000000000000000000000000000000110010101001010000000000000000000000000000000000000000000000000000000000000000000000000000000000000000000000000000000000000000000000000000000000000000000000000000000000001110001000000000000000000000000000000001100000000000000000000000000010000000001001
000000000000000000000000000000000000000000100000000011000000110000000000000000000000000000000000000000000000000000000000000000000000000000000000000000000000000000000000000000000000000000000000000000000000000000000000001001000000000000000000000000000000000001100000000001000001000000000000000000000110
000000000000000000000000000000000000000001010000100000010100000000000000000000000000000000000000000000000000000000000000000000000000000000000000000000000000000000000000000000000000000000000000000000110000001000000111001000000000000000000000000000000000000000000000000001000001000000000000000000000000
000000000000000000000000000000000000000001010000001000010000000000000000000000000000000000000000000000000011000000000000000000000000000000000000000000000000000000000000000000000000000000000000000001001000011111100000000101000000000000000000000000000000000000000000000001000001000000000000000000000000
000000000000000000000000000000000000000000100000101000000000000000000000000000000000000000000000000000000011000000000000000000000000000000000000000000000000000000000000000000000000000000000000000000110011010000100000000010000000001100000000000000000000000000000000000000000000000000000000000000000000
000000000000000000000000000000000000000000000000000000000000000000000000000000000000000000000000000000000000000000000000000000000000000000000000000000000000000000000000000000000000000000000000000000000100011000010110000000000000001100000000000000000110000000000000000000011100000000000000000000000000
000000010000000010000010000000000000000000000000000000000000000000000000000000000000000000000000000000000000000000000000000000000000000000010000000000000000000000000000000000000000000000000000000000000000101000000101000000000000000000000000000000000110000000000000000000000000000000000000100000000000
000000010000000010000010000000000000000000000000000000000000000000000000000000000000000000000000000000000000000000000000000000000000000000010000000000000000000000000000000000000000000000000000000000000101001000010100100000000000000000000000000000000000000000000000000000000000000000000000100000000000
000000010000000011000110000001110000000000000000000000000000000000000000000000000000000000000000000000000000000000000000000000000000000000010000000000000000000000000000000000000000000000000000000000000000010100010000100000000000000001110000000000000000000000000000000000000000000000000000100000000000
000000000000000000000000000000000000000000000000000000000000000000000000000000000000000000000000000000000000110000000000000000000000000000000000000000000000000000000000000000000000000000110000000000000000100101000001100000000000000000000000000000000000000000000000000000000000000000000000000000000000
000000000000111001101100111000000000000000000000000000000000000000000000000000000000000000000000000000000000110000000000000000000000000000000000000000000000000000000000000000000000000001001000000000000000101000010000000000000000000000000000000000000000000000001100000000000000000000000000000000000000
000110000000001010101010100000000000000000000000000000000000000000000001100000000000000000000000000000000000000000000000000000000000000000000000000000000000000000000000000000000000000001001000000000000000010000001000000000000000000000000000000000000000000000001100000000000000000000000000000000000000
000110000000000011000110000000000000000000000000000000000000000000000001100000000000000000000000000000000000000000000000000000000000000000000000000000000000000000000000000000000000000000110000000000000000000000000000000000000000000000000000000000000000000000000000000000000000000000000000000000000000
