300 300
000000000000001100000000000000000000000000000000000000000000000000000000000000000000000111000111000000000000000000000000000000000000000000010000000000000000000000000000000000000000000111011000001100000000011000000000000000000001000000000000000000000000000000000000000000000000000000000000000000000000
000000000000010010011100000000000000000000000000000000000000000000000000000000000000001010101010100000000000000000000000000000000000000000101000000000000000000000000000000000000000001011011010101111100000011000000000000000000010100000001100000000000000000000000000000000000000000000000111000000000000
000000000000001100000000000000000000000000000000000000000000000000000000000000000000011101101101110000000000000000000000000000000000000000101000000000000000000000000000000000000000001100000000000000100000000000000000000000000011000000010010000000000000000000000000000000000000000000000000000000000000
000000000000000000000000000000000000000000000000000000000000000000000110000110000000010010101010010000000000000000000000000000000000000000010000000000000000000000000000000000000000000001100011100010100000000000000000000000000000000000010100000000000000000000000000000000000000000000000000000000000000
000000000000000000000000000000000000000000000000000000000000000000001001000110000000000011000110000000000000000000000000000000000000000000000000000000000000011000000001110000000000000001110000000111000000000000000000000000000000000000001000000000000000000000000000000000000000000000000000000000000000
000000000000000000000000000000000000000000000000000000000000000000000110000000000000000110000011000000000000000000000000000000000000000000000000000000000000011000000000000000000000000000000000000000000000000000000000000000000000000000000000000000000000000000000000000000000000000000000000000000000000
000000000000000000000000000000000000000000000000000000000000000000000000000000000000000000000000000000000000000000000000000000000000000000000000000000000000000000000000000000000000000000000001000000000000000000000000000000000000000000000000000000000000000000000000000000000000000000000000000000000000
000000000000000000000000000000000000000000000000000000000000000000000000000000000000000000000000000000000000000000000000000000000000000000000000000000000000000000000000000000000011000000000011100000000000000000000000000000000000000000000000000000000000000000000000000000000000000000000000000000000000
000000000000000000000000000000000000000000000000000000000110000000000000000000000000000000000000000000000000000000000000000000000000000000000000000000000100000000000000000000000011000000000000000000000000000000000000000000100000000000000000000000000000000000000000000000000000000000000000000000000000
000000000000000000000000000000000000000000000000000000000101000000000000000000000000000000000000000000000000000000000000000000000000000000000000000000001010000000000000000000000000000000000000000000000000000000000000000001110000000000000000000000000000000000000000000000000000000000000000000000111000
110001100000000000000000000000000000000000000000000000000010000000000000000000000000000000000000000000000000000000000000000000000000000000000000000000010011000000000000000000000000000000000000000000000000000000000000000011111000000000000000000000000000000000000000000000000000000000000000000000000000
110001100000000000000000000000000000000000000000000000000000000000000000000000000000000000000000000000000000000000000000000000000000000000000000000000111011000000000000000000000000000000000000000000000000000011000000000110001100000000000000000000000000000000000000000000000000000000000000000000000000
000000000000000000000000000000000000000000000001000000000000000000000000000000000000000000000000000000000110000000000000000000000000000000000000000000010011000000000000000000000000000000000000000000000000000011000000010100001110000000000000000000000000000000000000000000000000000000000000000000001000
000000000000000000000000000000000000000000000001000000000000011000000000000000000000000000000000000000000110000000000000000000000000000000000000000000011011000000000000000000000000000000000000000000000000000000000001111100001100000000000000000000000000000000000000000000000000001100000000000000011100
000000000001100011000000000000000000000000000001000000000000011000000000000000000000000000000000000000000000000000000000000000000000000000011000000000001010000000000000000000000000110000000000000000000000000000000010011000011000000000000000000000000000000000000000000000000000001100000111000000010100
000000000001100011000000000000000000000000000000000000000000000000000000000000000000000000000000000000000000000000000000000000000000000100011000000011000100000000000010000000000001001000000000000000000000000000000100000100110000000000000000000000000000000000000000000000000000000000000001000001010110
000000000000000000000000000000000000000000110000000000000000000000000000000000000000000000000000000000000000000000000010000000000000001010000000000011000000000000000101000000000000110000010000000000000000000000000011000101100000000000000000000000000000000000000000000000000000000000000111000010000110
000000000000000000001100000000000000000000110000110000000000000000000000000000000000000000000000000100000000000000000010000000000000000110000000000100000000000000000110000000000000000000010000000000000000000001000001000000000000000000000000000000000000000000000000000000000000000000000000000010000110
000000000000000000010010000000000000000000000000110000000000000000000000000000000000000000000000000100000000000000000010000000000000000000000000000011000000000000000000000000000000000000010000000000000000000011100000001010000000000000000000000000000000000000000000000000000000000000001000000001100000
000000000000000000001100000000000000000000000000000000000000000000000000000000000000000000000000000100000000000000000000000000100000000000000000000011000000000000000000000000000000000000000000000000000000000110110001110100000000000000000000000000000000000000000000000000000000000000111000000010100000
000000000000000000000000000000000000000000000000000000000000000000000000000000000000000000000000000000000001110000000000000000100000000000000000000000000000100000000000000000000000000000000000000000000000001011000000000000000000000000000000000000000000000000000000000000000000000000000100000011000000
000000000000000000000000000000000000110000000000000000000000000000000000000000000000000000000000000000000000000000000000000000100000000000000000000000000000110000000000000110000000000000000000000000000000011000000000000000000000000000000000000000000000000000000000000000000000000000011100000110000000
000000000000000000000000000000000000110000000000000000000000000000000000000000000000000000000000000000000000000000000000000000000000000001100000000000000000000000000000000110000000000000000000000000000000001000000000000000000000000000000000000000000000000000000000000000000000000000001100000000000000
000000000000000000110000000000000000000000000000000000000000000000000000000000000000000000000000000000000000000000000000000000001110000001100000000000000000000000000000000000000000000000000000000000000000000111110000000000000000000000000000000000000000000000000000000000000000000000000000000000000110
000000000000000000110000000000000000000000000000000000000000000000110000000000000000000000000000000000000000000000000000000000000000000000000000000000011100000000000000000000000000000000000000000000000000000100111000000000000000000000000000000000000000000000000000000000000000000000000111100000000101
000110000000000000000000000000000000000000000000000000000000000001001000000000000000000000000000000000000000000000000000000000000000000000000000000000011000000000000000000000000000000000000001100000000000000000010100000000000000000000100000000000000000000000000000000000000000000000000000001000000001
001001000000000000000000000000000000000000000000000000000000000001010000000000000000000000000000000000000000000000000000000000000000000000000000000000100010000000000000000000000000000000000010010000000000000000010100000000000000000001010000000000000000000000000110000000000000000000100000001000000101
001010000000000000011000000000000000000000000000000000000000000000100000000001110010000000000000000000000000000000000000000000000000000000000000000001001100000000000000000000000000000000000001010000000000000000011000000000000000011001010000000000000000000000000110000000000000000001000000000010000110
000100000000000000100100000000000000000000000000000000000000000000000000000001000100000000000000000000000000000000000000000000000000000000000000000000111000000000000000000000000000000000000000100000000000000000000000000000000000011000100000000000000000000000000000000000000000000000101011101010000000
000000000000000000001000000000000000000000000000000000000010000000000000000001000100000000000000000000000000000000000000000000000000000000000000000000010000000000000000000000000000000000000000000000000000000000000000000000000000000000000000000000000000000000000000000000000000000000100001101001000000
000000000000000010001000000000000000000000000000000000000101000000000001100000110010110000000000000000000000000000000000000010000000000000000000000000000000000000000000000000000000000000000000000000000000000000000000000000000000000000000000000000000000000000000000000000000000000000000110000001000000
000000000011100000001000000000000000000010000000000000000001100000000010010000000111000000000000000000000000000000000000000101000000000000000000000000000000000000000000000000000000000000000000000000000000000011001110000000000000000000000000000000000000000000000111000000000000000000001110000110000000
000000000011100110110000000000000000000010000000000000000001100000000001100000000111000000000000000000000000000000000000000010000000000000000000000000000000000000000000000000000000000000000000000000000000000101001110000000000000000000000000000000000000000000000000000000000000000000000000000000000000
000000001001000010001000000000000000000000000000000000000001100000000000000000000000000000000000000000000000000000000000000000000000000000000000000000000000000000000000000000000000000000000000000000000000000111000000000000000000000000000000000000000010000000010000010000000000000000000000000000000000
000000111000000000000000000000000000000000000000000000000001110000000000000000000000000000000000000000000000000000000000000000000000000000000000000000000000000000000000000000000000000000000000000000000000000000000000000000000000000000000000000000000111000000010000010000001100000000000000000000000000
000000011000000000000110000000000000000000100000000000000000000000000000000000000000000000000100000000000000000000000000000000000000000000000000000000000000000000000000000000000000000000000000000000000000000000000000000000000000000000000000000000011000100000010000010000001100000000000000000000000000
000000001111110000001100000000000011000110110100000000000000000000000000000000000000000000001010000000000000000000100000000000000001000000000000000000000000000000000000000000000000000000000000000000000000000000000000000000000000000000000000000000011001000000000000000000000000000000000000000000000000
000000000111101000000000000000000010100100001000000000000000000000000000000000000000000000001010000000000000000001010000000000000010100000000000000000000000000000000000000000000000000000000000000000000000000000000000000000000000000000000000000001100101110000000111000000000000000000000000000000001100
000000000010001100000000000000000001000000000000000000000000000000000000000000000000000000000100000000011000000000100000000000000010100000000000000000000000000000000000000000000000000000000000000000000000000000000000000000000000000000000000000010101100001100000000000000000000000000000000000000001100
000010000000000100000000000000000000000000000000000000000000000000000000000000000000000000000000000000011000000000000000000000000001000000000000000000000000000000000000000000000000000000000000000000000000000000000000000000000000100000000000000100000010000100000000000000000000000000000000000000000000
000010000000000000000000000000000000000000000000000000000000000110000000000000000000000000000000000000000000000000000000000000000000000000000000000000000000000000000000000000000000000000000000000000000000000000000000000000000000100000000011000100000000011100000000000000000000000000000000000000000000
000010000000010000100000100000000000000000000000000000000000000110000000000000000000000000000000000000000000000000000000000000000000000000000000000000000000000000000110000000000000000000000000000000000000000000000000000000000100000000000011000100000100000000000000000000000000000000000000000000000000
000000000000001000100100001000000000000000000000000000000000000000000000000000000000000000000000000000000000000000000000000000000000000000000000000000000000000000000110000000000000000000000000000000100000000000000000000000010110000000000000000010001000000000000011000000000000000000000000000000000000
000000000000000010000000000100000000000000000000000000000000000000000000000000000000000000000000000000000000001000010000000000000000000000000000000000000000000000000000000000000000000000000000000011010000000000000000000000010000001000000000000001110000000000000011000000000000000000000000000000000000
000000000000000000000110000010000000000000000000000000000000000000000000000000000000000000000000000000000000001000010000000000000000000000000000000000000000000000000000000000011000000010000000000011000000000000001000000000100100100000000000000000000000000000000000000000000000000000000000000000000000
000000000000000000000111110010000000000000000000000000000000000000000000000000000000000000000000000000000000001000010000000000000000000000000000000000000000000000000000000000101000000101000000000000010000000000011100000000010100000000000000000000000000000000000000000000000000000000000000000000000000
000000000000000000000010010110000000000000000000000000000000000000000010000000000000000000000000000000000000000000000000000000000000000000000000000011001100000000000000000000010000000101000000000001010000000000110010000000000011000000000000000000000000000001000000000000000000000000000000000000000000
000000000000000000000001000000000000000000000000000000000000000000000101000000000000000000000000000000000000000000000111000000000000000000000000000101001100000000000000000000000000000010000000000000010000000001000101000000000001000000000000000000000000000010100000000000000000000000000000000000000000
000000000000000000000000011000000000000000000000000000000000000000000101000000000000000000000000000000000000000000000000000000000000000000000000000010000000000000000000000000000000000000000000000000000000000000100011000000000001110000000000000000000000000010100000000000000000000000000000000000000000
000000000000000000000000000000000000000000000000000000000110000000000010000000000000000000000000000000000000000000000000000000000000000000000000000000000000000000000000000000000000000000000000000000000000000011100000000000000000000000000000000000000000000001000000000110000000000000000000000000000000
000000000000000000000000000000000000000000001000000000000110000000000000000000000000000000000000000000000000001000000000000000000000000000001100000000000000000000000000000000000000000000000000000000000000000000000000000000000100000100000000000000000000000000000000000101000000000000000000000000000100
000000000000000000000000000000000000000000110110001000000000000001100000001100000000000000000000000000000000001000000000000011000000000000010010000000000000000000000001110000000000000000000000000000000000000000000000000000000100000100000000000000000000000000000000000010000000000000000000000000000100
000000000000000000000000000000000000000000001000000000000000000010010000010010000000000000000000000000000000001000000000000100100000000000001100000000000000000000000100000000000000000000000000000000000000000000000000000000000100000100000000000000000000000000000000000000000000000000000000000000000100
000000000000000000000000000000000000000000000000000000000000000001100000001100000000000000000000000000000000000000000000000010100000000000000000000000000000011000001101110000000000000000000000000000000010000000000000000000000000000000000000000000000110000000000000000000000000000000000000000000000000
000000000000000000000000000000000000000000000000000000000000000000000000000000000000000000000000000000000000000000000000000001000000011100000000000000000000100100011011000000000101000000000000000000000010000000000000000000000001110000000000000000000110000000000000000000000000000000000000000000000000
000000000000000000000000000000100000001100000000000000000000000000000000000000000000000000000000000000000000000000000000000000000000000000000000000000000000011000001010000000000100100000000000000000000010000000000000000000000000000000000000000000000000000000000000000000000011100000000000000000000000
000000000000000000000000000001010000010010000000000000000000000000000000010000000001000000000000000000000000000000000000000000000000000000000000000000000000000000001001000000000100100000000000000000000000000000000000000000000000000000000000000000000000000000000000000000000110110000000000000000000000
110000000000000000000000000000100000010011000000000000000001100000011001110000100000100000000000000000000000000000000000000000000000000000000000000000000000000000000011000000000110110000000000000010000000000000000000000000000000000000000000000000000000000000000000000000000110010001110000000000000000
110000000000000000000010000000000000010010000000000000000010010000110111100000100000010000000000000000000000000000000000000000000000000000000000000000000000000000000011100000000110010000000000000111000000001110000000000000000000000000000000000000000000000000000000000000000001100010000000000000000000
000000000000000000000101000000000000000001000000000000000010100000000011001000101100010000000000000000000000000000000000000000000000000000000000000000000000000000000000000000000111110000000000011000100000001110000000000000000000000000000000000000000000000000000000000000000000000010010000000000000000
000000001100000000000101000000000000001001000000000011000001000000000000011100011100000000000000000000000000000000000000000000000000000000000000000000000000000000000000000000000111110000000000011111000000010000000000000000000000000000000000000000000000000000000000000000000000000011100000000000000000
000000010010000000000010000000000000000110110000000100100000000000000000001000111000000000000000000000000000000000000000000000000000000000000000000000000000000000000000000000001111110000000000101100100000001100000000000000000000000000000100000000000000011100000000000000000000001000000000000000000000
000000001100000000000000000000000000110000010000000001100000000000000000000110001011000000000000000000000000000000001000000000000000000000000000000000000000000000000000000000001100100000000000000001100000001001101000000000000000000000001010000000000000000000000000000000000000111100000000000000000000
000000000000000000000000000000000000110001001000000001000000000000000000000010000100000011100000000000000000000000010100000000000000000000000000000000000000000000000000000000000011000000000000000000010000000111110000000000000000000000001100000000000000000000000000000000000000100100000100000000000000
000000000000000000000000000000000000100101111010000001000000000000100000000000000000000000000000000000000110000000010100000000000000000000000000000000000000000000000000000000000000000000000000000011100000001000110000000000000000110000000000000000000000000000000000000000001110111000001010000000000000
000000000000000000000000000000000000010010000010000010000000000000001000000000000000000000000000000000000110000000001000000000000000000000000000000000000000000000000000000000000000000000000000000011100000000111000000000000000000001000000000000000000000000000000000000000001100000000000011000000000000
000000000000000000000000000000000000000010010010000000000000000000000000000000000000000000000000000000000000000000000000000000000000000000000000000000000000000000000000110000000000000000000000000000000000000010000000000000000010101000000000000000000000000000000000000000000000000000000000000000000000
000000000000000000000000000000000000001100001100000000000000000000000000000000000000000000000000000000000000000000000000000000000000000000000000000000000000000000000000110000000000000000000000000000000000000000000000000010000100001000000000000000000000000000000000000000000000000100110000000000000000
000000000000000000000000000000000000000000000111000000000000000000000010100000000000000001100000000000000000000000000000000000000000000000000000000000000000000000000000000000000000000000000000000000000000000000000000000011000010010000000001000000000000000000000000000000000000000000110000000000000000
000000000000000000000000000000000000000100000100100000000000000000000010100000000000000001100000000000000000000000000000000000000011000000000000000000000000000000000000000000000000000000000000000000000000000000000011100011100000010000000010100000000000000000000000000000000000011001111000100000000000
000000000000000000000000000000000000001010000100010000000000000000000001000000000000000000000000000000000000000100000000000000000011100000000000000000000000000000000000000000000000000000000000000000000000000000000000000000010000000001000100100001000000000000000000000000000000010010001111100000000000
000000000000000000000000000000000000001001001100010000000000000000000000000010000000000000000000000110000000001010000001000110000010101110000000000000000000000000000000000000000000000000000000000000000000000000000000000001000110010010100011000001000000000000000000000000000000001010000111000000000000
000000000000000000000000000000000000000000001101100000000000000000000000000101000110000000000000000110000000001010000001101000000000001100011000000000000000000000000001000000000000000000000000000000000000000000000000000001010110110001100000000001000000000000000000000000000000001110000000000000000000
000000000000000000000000000000000000000001111101000000000000000000011000010100100110000000000000000000011100000100000000111110000000001000011000000000000000000110000001000000000000000000000000000000000000000000000000000000100000000000000000000000000000000000000000000000000000000000000000000000000000
000000000000000000000000000000000000000000011101000000000110001100100001000001100000000000000000000000000000000000000001101100000000110000000000000000000000001001000001000000000000000000000000000000000000000000000000000000010000000000000000000000000000000000000000000000000000000000000000000000000000
000000000001000000000000000000000000000000100010000000001001011010000001010000000000000000000000000000000000110000000000100100000000100000000000000000000000000110000000000000111011100000000000000000000000000000000000000000011111000000000000000000000000000000000000000000000000000000000000000000000000
000000011000001000000000000000000000000000011100000001000110100010101100001000000011000000000000000000000000110000000000100000000000000000000000000000000000000000000000000000001000000000000000000000000000000000000000000000000111000000000000000000000000000000000000000000000000000000000000000000000000
000000010000001000000000000000000000000000001000000100001100100000011100000100000011000000000000000000000011111000000000010010000000001000000000000000000000000000000000000001011000000000000000000000000000001000000000000000000001101000000000000000000000000000000000000001010000000000000000000000000000
000000110111110000000000000000000000000000000000001000000100000001100000001100000000000000000000000000000011010000000000001010000000011100000001100000000000000000000000000001100000000000000000000000000000010100000000000000000000110101100000000000000000000000000000000001010011100000000000000000000000
000000101000000000000000000000000000000110000100001000000100000010000000000000000000000000000000000000000011111000000110000000000000100100000001100000000000000000000000000000000000000011100000110000000000010100000000000000000000001010000000000000000000000000000000010000011010010000000000000001100000
000000010001100000000000000000000000000110001010001101100100001100000000000000000000000000000000000000000000110100000110000000000000110000000000000000000000000000000000000000000000001110110001100000000000001000000000000000000000000000000000000000000000000000000011111000001100010000000000000001100000
000000000000001000000000000000000001000000010010000011111100001100000100000000000000000000001100000000000000001100000000000000000000000000000000000000000000000000000000000000000000010110011111000000000000000000000000000000000000000000000000000000000000000000000011101000000101011000000000000000000000
000000000100000100000000000000000010100000001100000000000000000000001100000000000000000000001100000000000000001100000000000000000000000000000000000000000000000000000000000000000000011000000111000000000000000000000000000000000000000000000000000000000000000000000000001100001101011000000000000000000000
000000000000001100000000000000000010100000000000000000000000000000010000000000000000011000000000000000000000000000000000000000000111000000000000000000000000000000000000000000000000000000000000001100001100000000000000000000000000000000000000000000000000000000110000010001100110110000000000000000000000
000000001000010000000000000000000001000000000000000000000000000000001101000000000000011000000000000000000000000000000000000000000000000000000000000000001000000000000000000000000000000000000000001100010100000000000000000000000000000000000000000000000000000000000001111001000000000000000000000000000000
000000000000111100000000000010000000000000000000000000000000000000000111000000000000000000000000000000000000000000000000000000000000000000000000000000001000000000000000000000000000001000000000000000000000000000000000000000000000000000000000000000000000000000000001111000010000000000000000000000000000
000000001000000100000000000110100000000000000000000000000000000000000000000000000000000000000000000000000000000000000000000000000000000000000000110000001000000000000000000000000000110110000000000000100000000000000000101000000000000000000000000000000000000000000000000001110000000011111000000000000000
000000001100011000000000001100111000011100000000000000000000000000000000100000000000000000000000000000000000000000000000000000001110000000000001001000000000000000000000000000001100110110000000011001010100000000000011001100000000000000000000000000000000000000000000000000000000000100100000000000000000
000000000011110000000000011100000000000000000000000000000000000000000000110000000000000000000000000000000000000000000000000000000000000000000000110000000000000000000000000000010010000000000000011000101000000000000100100110000000000000000000000000000000000000000000000000000000000000000000000000000000
000000000000000000000000011100000000000001000000000000000000000000000101010000000000000000000000000000000000000000000000000000000000000000000000000000000000000000000000000000001100011011000000000000000000000000000101101000000000000000000000000000000000000000000000000000000000000100100000000000000000
000000000000000000000000001001000000000001000000000000000000000000000110000000000000000000000000010000000000000000000000000000000000000000010000000000000000000000000000000000000000011011000000000000000000000001000001000000000000000000000000000000000000000000000000000000000000000000001100000000000000
000000000000000000000000001001000011000001000000000000000000000000000110000000000000000000000001110000000000000000000000000000000000000000010000000000000000000000000000000000000000000100000000000000011000000110010000110000000000000000000000000000000000000000000000010000000000000010010000000000000000
000000000000000000000000000001000011000000000000000000000000000000000000000000000000000000100110100000000000000000000000000000000000000000010000000000000000000000000000000000000000000110000000000000100100000001101000010000000000000000000000000000000000000000000001001000000000010100010000000000001100
000000000000000000000000000000000000000000000000000000000000000000000111000000000000000001100110000000000000000000000000000000000000000000000000000000000000000000000000000000011100000110000000000000110100000000000100000000000000000000000000000000000000000000000001001000000000010110000000000000001100
000110000000000000000011100000000000000000000000000000000000000000000010010000000000000011101110111111000001000000000000000000000000000000000000000000000000100000000000000000000000000110000000000000100100000000101000000000000000000000011100000000000000000110000000100000000101010100000000000000000000
000110000000000000000000000000100000000000000000000000000000000000000001100000000000000001111000110110000011110000000000000000000000000000000000000000000001010000000000000000000000000000000000000000011000000000010000000000100000000000000000000000000000000110000000000000000101000000000000000000000000
000000000000000000000110000010010000000100000000000000000000000110000000000000000000000001100100000100000100001000000000000000000000000000000000000000000000100000000000000000000000000000000000000000000000000000000000001101100000000000000000000000000000000000000000000001100000100000000000000000000000
000000000000000000001010110001100000000010000000000000000000000000011100000000000110000000101100110110000110001000110000000000000000000000000000000000000000000000000000000000000000000000000000000000000000000000000000010011100000000000000000000000000000000000000001000010010001100000000000000000000000
000000000000000000001011000000000000001110000000000000000000000000001000000000000110000000010000001110000000011000110000000000000000000000000000000000000000000000000000000000000000000000000000000000000000000000000000010000000000000000000000000000000000000000000010100010010001100000000000000000000000
000000000000000000000010000000000000000000000000000000000000000001100000000000000000000000100000000000000101100000000000000000000000000000000000000000000000000000000000000000000000000000000000000000000000000000000000011100000000000000000000000000000000000000000011000000000000000000000000100000000000
000000000000000000001000000000000000000000000000000000000000000000000010000000000000000001110000000000000110000000000000000000000000000000000000000000000000000000000000000000000000000000000000000000000000000000000000000111000000000000000000000000000000000000000000000000100100000000110001100000000000
000000000000000000011000000000000000000000000000000000000000000001000100000000000001110110011000000000000000000000100000000000000000000000000000000000000000000000000000000000000000000000000000000000000000000000000000000110010100000000000000000000000000000000000000000000100100000000110001100000000000
000000000000000000000000000000000001100000011000000000000000000000111000000000000010010111000000000000000000000001100000000000000000000000000000000000000000000000000000000000000000000000010000000000000000000000000000001100100101111110000000000000000000000110000000000000011100000000000001000000000000
000000000000000000010000000000000001100000100000000000000000000000000000000000000110000110010110000000000000000011110000000000000000000000000000000000000000000000000000000000000000000000101000000000000010100000000000000011110000001110000000000000000000000110000000000000000000000000000000000000000000
000000000000000000001000000000000000000000100100000000000001100000000000000000000000110000010100000000000000000110000000000000001000000000000000000000000000000000000000000000000000000001101000000001101101010000000000000000010000100000000000000000010000000000000000000000000000000000000000000000000000
000000000000000000000100100000000000000000000100000000000010010000000000000000001101110000001000000000000000001110011000000000001000000000000000000000000000010000000000000000000000000011110000000010000000000000000000000100001001111111000001100000111000000000000000000000000000000000000000000000000000
000000000000000000000111000000000000000000000000000000000001100000000000000000000001100000000000000000000000000110011000000000001000000000000000000000000000101000000000000000000000000100010000001010000000000100000000000100001011001001000001100001101100000000000000000000000000000000000000000000000000
000000000000000000000010000000000000000000000000000000000000000000000000000000100011000000000000000000000000000010100000000000000000000000000000000000000001001000000000000000000000000100110000111111000000000010000000001101110000001001000000000000011010000000000000000000000000000000000000000000000000
000000000000000000000000000000000000000001000000000000000000010000000000000001111001011000000000000000000000000000000000000000000000000000000000000000000000110000000000000000000000000011000001011100010000000100000000000000001001001010000000000000001010000000000000000000000000000000000000000000000000
000000000000000000000000000000000000000011100010100000000000101000000000000010001000111000000000000000000000000000000000000000000000000000000000000000000000000000000000000000110000000000100001100000000000000010000000000000000000001000000000000110001000000000000000000000000000000000000000000000000000
000000000000000000000000000000000000000010010000000000000001101100000000000011000100100000000000000000000000000000000010010000000000000000000000000000000000000000000000000000101000000000000000111000000000000100000000000000000011000000000000001010001011000000000000000000000000000000000000000000000000
000000000000000000000000000000000000000001010100111000000001001000000000000000111100000000000000000000000000000000000010010000000000000000000011000000000000000000000000000000010000000000000000011110000000111100000000000000000001000000000000011100011000100000000000000000000000000000000000000000000000
000000000000000000000000000000000000000000110000011100000011011000000000000000000100011000000000000000000000000000000010010000000000000000000011000000000000000000000000000000000000000000000000000000001100100000000000000000000110000000100000011000010001111100000000000000000000000000000000000000000000
000000000000000000000000000000000000110100000001001100000011010000000000000000101000001000000000000000000000000000010000000000000000000000000000000000000000000000000000000000000000000000000000000000000001100000000000000000000000000001010000001010001110001100000000000000000000000000000000000000000000
000100000000000000000000000000000000100010000111100000000000000000000000000000100000000000000000000000000000000000111100000000000000000000000000000000000000000000000000000000000000000000000000000000000001000000000000000000000000000001010000000110000000000000000000000000000000000000000000000000000000
001010000000000000000000000000000000010001011111000100000100100000000000000000000000000000000000000000000000000001000100000000000000000000000000000000000000000000000000000000000000000000000000000000000000100000000000000000001100000000100000000000000000000000000000000000000000000000000000000000000000
001100000000000000000000000000000000001110011010000100010001000000000001000000000010000000000000000000000000000000100100101000000000000000000000000111000001100000000011000000000000000000000000000000000000000000000000000000001100000000000000000000000000000000000000000100000000000000000000000000000000
000000000000000000000000000000000000000000000101000100100001000000110001110000000110000000000000000000000000000000101001011000000000000000000000001001100001100000000100100000000000000000000000000000000000000000000000000000000000000000000000000000000000000000000000001010000000000000000000000000000000
000000000000000000000000000000000000000000111111000001000001000001110000001000000011000000000000000000000000000000000001000010000000000000000000010000110000000000000011000000000000000000000000000000000000000000000000000000000000000000000000000000000000000000000000001010000000000000000000000000000000
000000000000000000000000000000000000000000110000110101000000100001000110001000000000000000000000000000000000000000000001000100000000000000000000011101100000000000000000000000000000000000000000000000000000000000000000000000000000000000000000000000000000000000000000000100000000000000000000000000000000
000000000000000000000000000000000000000000000011001000011001000010110110011000000001000000000000000000000000000000000000001000000000000000000000000100100000000000000000000000000000000000000000000000000000000000000000000000000000000000000000000000000000000000000000000000000000000000000000000000000000
000000100100000000000000000000000000000000000011000000101110000001010011100000000010100000000000000000000000000000000000000000000000000000000000000000001000000000000000000000000000000000000000000000000000000010110000001100000000000000000000000000000000000000000000000000000000000000000000000000000000
001101000000000000000000000000000001100000011101010010000111000000000000000000000001000000001100000000000000000000000000000000000000000000000000000000001000000000000000000000000000000000010000000000000000000111001000010010000000000000000000000000000000000000000000000000100000000000000000000000000000
001000000010000000000000000000000001100000000101011100000010110000000000000000000000000000001100000000000000000000000000000000000000000000000000000001101000000000000000000000000000110000000000000000000000011000011000001100000000000000000000000000000000000000000000000001010000000000000000000100000000
001000011100000000000000000000000000000000010100000000000100001000000000000000000000000000000000000000000000000000000000000000000000000000000000000000000000000000110000000000000000110010000000000000000000011000001100000000000000000000000000000000000000000000000000000001010000000000000000001010000000
000101000000000000000000000000000000000001011011100000000010000100000000000000000000000000000000000000000000000000000000000000000000000000000000000000000000000000101000000000000000000000010000000000000000011000000110000000000000000000000000000000000000000000000000000000100000000000000000001010000000
000010000000000000000000000000000000000000110000000000000001101000000000000000000000000000000000000000000000000000000000000000000000000000000000000000000000000000100000000000000000000010100000000000000000000111000101000000000000000000000000000000000000000000000000000000000000000000000000000100000000
000000000000000000000000000000000000000010110000000000000000010000000000000000000000000000000000000000000000000000000000000000000000000000000000000000000000000000000000000000000000000011000000000000000000000011001101000000000000000011100000000000000000000000000000000000000000000000000000000000000000
001000000001100000000000000000000000000010110000000000001100000000000000000000000000000000000000000000000000110000000000000000000000000000000000000000000000000000000000000000000000000000000000000000000000000011000110000000000000000000000000000000000000000000000000000000000000000000000000000000000000
001000000001100000000000000000000000000000000000000000001100000000000000000000000000000000000000000000110000110000000000000000000000000010000000111000000000000000000000000000000000000000000000000000000000000000000000000000000000000000000000000000100000000000000000000000000000000000000000000000000000
001000000000000000000000111000000100000000110000000000000000000000000000000000000000000000000011000001110000000000000000000000000000000101000000000000000000000000000000000000000000000000000001100000000000000000000000000000000000000000000000000001010000000000000000000000000000000000000000000000000000
000000000000000000000000000000001010000000010000000000000000000001010000000000000000000000000010100001000000000000000000000000000000000110000000000000000000000000000000000000000000000000000010010000000000000000000000000000000000000000000000000001010000000000000000000000000000000000000000000000000000
000000000000000100000010000010000100000000000000000000000000000110000000000110000000000000000010000001000011000001100000000000000000000000000000000000000000000000000000000000000000001100000001100000000000000000000000000000000000000000000000000000100000000000000000000000000000000000000000000000000000
000000000000001010000010000010000000000000000000000000000000001000000000000101000000000000000000000000000001000100001000000000000000000000000000000000000000000000000000000000000000001100000000000000000000001110000000000000000000000000000000000000000000000000000000000000000000000000000000000000000000
000000000000010010000010000010000000000000000000000000000000001010000000000100100000000000000000000000111111001000010000000000000000000000000000000000000000000000000000000000000000000000000000000000000000000000000000000000000000000000000000000000000000000000000000000000000000000000000000000000000000
000000000000001100000000000000000000000000000000000000000000001001000000000010100000000000000000000000000000001000010000000000000000000000000000000000000000000000000000000000000000000000000000000000000001100000000000000000000000000000000000000000000000000000000000000000110000000000000000000000000000
000000000000000000000000111000000000000000000000000000000000000101000000000000100000000000000000000000000000000000010000000000000110000000110000000000000000000000000000000000000000000000000000000000000001100000000000000000000000000000000000000000000000000000000000000000110000000000000000000110000000
000000000000000000000000000000000000000000000000000000000000000011000000000011000000000000000000000000000000000001100000000000001001000000110000000000000000110000000000000000000000000000000000000000000000000000000000000000000000000000000000000000000000000000000000000000000000000000000000000110000000
000000000000000000000000000000000000000000000000000000000000000000000000010100000000001100000000000000000000000000000000000000000110000000000000000000000001001000000000000000000000000000000000000000000000000000000000000000000000000000000000000000000000000000000000000000000000000000000000000000000000
000000000000000000000000000000000000000000000000000000000000000000000000000000000000001100000000000000001100111000000000000000000000000000000000100000000000110000000000000000000000000111000000000000000000000000000000000000000000000000000000000000000000000000000000000000000000000000000000000000000000
000000000000000000000000000000000000000000000000000000000000000000000000000000000000000000000000000000000110100100000000000000000000000000000001010000010000000000000000000000000000000100100000000000000000000000000000000000000000000000000000000000000000000000000000000000000000000000001100000000000000
000000000000000000000000000000000000000010000000000000000001000000000000000000000000000000000000000000000000100100000000000000000000000000000001010000111000000000000000000000000000010001100000000000000000000000000000000000000000000001000000000000000000000000000000000000000000000000001100000000000000
000000000000000000000000000000000000000010000000000000000010100000000000000000000000000000000000000000000000100000000000000000000000000000000000100001010100000000000000000000000000000001100000000000000000000000000000000000000000000001000000000000000000000000000000000000000000000000000000000000000000
000000000000000000000000000000000000000010000000000001000010010000000000000000000000000000000000000000000000100100000000000000000000000000000000000011101110000000000000000000000000010001000110000000000000000000000000000000000000000001000000000000000000000000000000000000000000000000000000000000000000
000000000000000000100000000000000000000000000000000011100001110000000000000000000000000000000000000000000000100100000000000000110000000000000000000001010100000000000000000000000000001100000110000000000000000000000000000000000000000000000000000000000000000000000000000000000000000000000000000000000000
000000000000000001010000000000000000000000010000000100010001000000000000000000000000000000000000000001100000000100000000000000110000000000000000000000111000011100000000000000000000000000001110000000000000000000000000000000000000011100011100000000000000000000000000000000000000000000000000000000000000
000000000000000001001000000000000000000000101000001110100000110000000000000000000000000000000000000000110000100000000000000000000000000000000000000000010001100000000000000000000000000000010100000000000000000000000000000000000000000000000000000000000000000000000000000000000000000000000000000000000000
000000000000000000110000000000011000000000101000000110110000110000000000000000000000000000000000000000010110001001100000000000000000000000000000000000000001100010000000000000000000000000010100000000000000000000000000000000000000000001000000011000000000000000000000000000000000000000000000000000000000
000000000000000000000000000000100100000000010000000111110010000010000000000000000000000000000000000000000111100001100000000000000000000000000000000000000001100000000000000000000000000000011100000000000000000000000000000000000000000001000000011000000000000000000000000000000000000000000000000000000000
010000000000000000000000000000101000000000000000000011000111000101000000000000000000000000000000000000000000100000100000000000000000000000000000000000000000011100000000000000000000000000000000000000000000000000000000000000000000000001000000000000000000000000000000000000000000000000000000000000000000
101000000000000000110000000000010000000000000000000011011011000000000000000000000000000000000000000000000011000000000000000000000000000000000000000000000000000001000000000001000000000000000000000000000000000000000000000000000001000000000000000000000000000000000000000000000000000000000000000000000000
101000000000000000110000000000000000000000000000000000100000000001000000000000000000000000000000000000000011000000000000000000000000000000000000000000000000000001000100000011100000001000000000000000000000000000000000000000000001000000000000000000000000000000000000000000000000000000000000000000000000
010000000000000000000000000000000000000000000000000000000100010000000000000000000000000000000000000110000000000100000000000000000001110111000110000000000000000000000010000100100000110110000000000000000000000000000000000000000001000000010000000000000000111000000000000000000000000000000000000000000000
000000000000000000000000000000000000000000000000000000011010001000000000000000000000000000000000000110000000001011000000000000000001000001001001000000000001000001100100001110000001000110000000000000000000000000000000000000000000000000101000000000000000000000000000000000000000000000000000000000000000
000000000000000000000000000000000000000000000000000000100010000000000000000000000000000000000000000000000000000010110000000000000001000001000101000000000010110101001000000100000010011000000000000000000000000000000000000000000000011100101000000000000010000010000000000000000000000000000000000000000000
000000110000000000000000000000000000000000000000000000100001001100100000000000000000000000000000000000000000001000001100000000000000100010000011000000000000001101001000000010000001000000001110000000000000000000000000000000000000000000010000000000000010000010000000000000000000000000000000000000000000
000000110000000000000000000000000000000000000000000000110000100001100000000000000000001100000000000000000000000100001110000000000000011100000000000000000000011000000000000000000001010000001001000000110000000000000000000000000000000000000000011000000010000010000000000000000000000000000000000000000000
000000000000000000000000000000000001110000000000000000001000000010000000000000000000001100000000000000000000000010001011000000000000000000000000011000000000000000000000000000000001001000010001000000110000000000000000000000000001000000000000011000000000000000000000000000000000000000000000000000000000
000000000000000000000000000000000000000000000000000000000010001000000000000000000000000000000000000000000000000000000010100000000000000000000000010011000000000000000000000000000000110000010000000000000000000000000000000000000010100000010000000000000000111000000000000000000000000000000000000000000000
000000000000000000000000000000000000000000000000000000000010001000000000000000000000000000000000000000000000000001001000000000000000000000000000001101000000000000000000000000000000000001000001100000000000000000000000000000000100100000010000000000000000000000000000000000000000000000000000000000000000
000000000000000000000000000000000000000000000000000000000000000000000000000000000000000000000000000000000000000000110110100000000000000000000000010001000000000000000000000000000000000010000001000000000000000000000000000000000011000000010000000000000000000000000000000000000000000000000000000000001000
000000000000000000000000000000000000000000010000000000000001110000000000000000001110000000000000000000000000000000000011100000000000000000000000000000000000000000000000000000100000000000000100101100000000000000000000000000000000000000000000000000000000000000000000000000000000000000000000000000010100
000000000000000000000000000000000000000000110000000000000000000000000000000000000000000000000000000000000000000000000010010000000000000000000010000000000000000000000000000001010000000100000110111111000000000000000000000000000000000111000111000000000000000000000000000000000000000000000000000000010100
000000000000000000000000000000000000000000110000000000000000000000000000000000000000000000000000110000000000000000000001010000000000000000001100000000000000000000000000000001010000000011111100010000100000000000000000000000000000000000000000000000000000000000000000000000000000000000000000000000001000
000000000000000000000000000000000000000000100000000000000000000000000000000000000000000000000000110000000000000000010000100000000000000000000110000000000000000000000000000000100000000000100000011100100000000000000000000000000000000000010000000000000000000000000000000000000000000000000000000000000000
000000000000000000000000000000000011000000000000000000000110000000000001000000000000000000000000000000000000000000101000000000000000000000000000000000000000000000000000000000000000000000000001011001100000000000000000000000000000000000010000000000000000000000000000000000000000000000000000000000000000
000000000000000000000000000000000011000000000000000000000110000000000010100000000000001110000000000000000000000000110000000000000000000000000000000000000000000000000000000000000000000000000001000110000000000000000000000000000000000000010000000000000000000000000000000000000000000000000000000000000000
000000000000000000000000000000000000000000000000000000000000000000000010100000000000000000000000000000000000000000000000000000000000000000000000000000000000000000000000000000000000000000000001000000000000000000000000000000000000000000000000000000000000000000000000000000000000000000000000000000000000
000000000000000000000001000000000000000000000000000000000000000000000001000000000000100000100000000000000000000000001111000000000000000000000000000000000000000000000000000000000001100000000000000000000000000000000000000000000000000000000000000000000000000000000000000000000000000000000000000001100000
000000000000000000000001000000000000000000000000000000010000000000000000000000000000100000100000000000000000000000111111100000000000000000000000000000000000010000000000000000000010100000000000000000000000011000000000000000000000000000000000000000000000000000000000000000010000000000000000000001100000
000000000000000000000001000000000000000000000000000000010000000110000000000000000000100000100000000000000000000000110110100000000000000011000000000000000000101000000000000000000011000000000000000000000000101000000000000000000000000000000000000000000000000000000000000000101000000000001110000000000000
000000000000000000000000000000000000000000000100000000010000000110000000000000000000000000000000000000000000000001001000000000000000000011000010000000000000101000000000000000000000000000000000000000000001010000000000000000000000000000000000000000000000000000110000000000101000000000000000000000000000
000000000000000000011100000000000000000000001010000000000000000000000000000000000000001110000000000110000000011001011110000000000000000000000010000000000000010000000000000000000000000000000000000000000000100000000000000000000000000000000000000000000000000001001000000000010000000000000000000000000000
000000000000000000000000000000000000000000000110000111000111000000000000000000000000000000000000000110000000011001000010000000000000000000000010000000000000000000000000000000000000000000000000000000000000000000000000000000000000000000000000000000000000000000110000000000000000000000000000000000000000
000000000000000000000000000000000000000000000000000000000000000000000000000000000000000000000000000000000000000000010010000000000000000000000000000000000000000000000000000000000000000000000000000000000000000000000000000000000000000000000000000000000000000000000000001100000001100000000000000000000000
000000000000000000000011000000000000011000000000000000010000000000000000000000000000000000000000000000001110000000011100000000000000000000000000000000000000000000000000000000000000000000000000000010000000000000000000000000000000000000000000000000000000000000000000010010000001100000000000000000000000
000000000000011100000011000000000000100100000000000000010000000000000000000000000000000000000000000000000000000000000000000000000000000000000000000000000000000000000000000000000000000000000000000101000000000000000000000000000000000000000000000000000000000000000000001100000000000000000000000000000000
000000000000000000000000000000010001001000000000000000010000000000000000000000000000000000000000000000000000000000000000000000000000000000000000000110000000000000000000000000000000000000000000000101000000000000000000000000000000000000000000000000000000000000000000000000000000000000000000000000000000
000000000000000000000000000000010000110000000000000000000000100000000000000000000000000000000000000000000000000000000000000000000000000000000000000110000000000000000000000000000000000000000000000010000000000000000000000000000000000000000000000000000000000001100000000000000000000000000000000000000000
000000000000000000000000000000010000000000000000000000000000100000000000000000111000000000000000000000000000000000000000011100001100000000000000000000000000000000000000000000000000000000000000000000000000000000000000000000000000000000000000000000000000000001100000000000110000000000000000000000000000
000000000000000000000000000000000000000000000000000000000000100000000000000000000000000000000000000000000000000000000000000000001100000000000000000000000000000000000000000000000000000000000000000000000000000000000000000000000000000000000000000000011000000000000010000000110000000000000000000000000000
000000000000000000000000000111000111000000000000000000000000000000000000000000000000000000000000000000000000000000000000000001000000000000000000000000000000000000000000000000000000000000000000000000000000000000000000000000000000000000000000011000010100000000000101000000000000000000000000000000000000
000000000000000000000000000000000000000000000000000000001110001110000000000000000000000000001100000000000000000000000000000001000000000000000000000000000000000000000000000000000000000000000000000000000000000000000000000000000000000000000000100100001000000000001010000000000000000000001100000000000000
000000111000000000000000000000010000000000000000000000000000000000000000000000000000000000010010000110000000111000000000000001000000000000000000000000000000000000000000000001000000110000000000000000000110000000000000000000000000000000000000101000000000000000001100000000000000000000001100000000000000
000000000000000000000000000000010000000000000000000000000000100000000000000000000000000000001100000110000000000000000000000000000000000000000000000000000000000000000000000010100000110000000000000000000000000000000000000000000000000000000000010000000000000000000000000000000000000000000000000000000000
000010000010000000000000000000010000000000000000000000000000100000000000000000000000000000000000000000000000000000000000000000000000000000000000000000000000000000000000000010100000000000000000000000000001000000000000000000000000000000000000000000000000000000000000000000000000011000000000000000000000
000010000010000000000110000000000000000000000000000000000000100000000000000000000000000000000000000000000000000000000000000000000000000000001000000000000000000000000000000001000000000000000000000000000110100000000011000000000000000000000000000000000000000000000000000000000000011000000000000000000000
000010000010000000000110000000000000000000000000000000000000000000000000000000000000000000000000000000000000000000000000000000000000000000000100000000000000000000000000000000000000000000000000000000000110110000000011000000000000000000000000000000000000000000000000000000000000000000000000000000000000
000000000000000000000000000000000000000000000000000000000000000000000000000010000000000000000000000000000000000000000000000000000000000000011100000000000000000000000000000000000000000000000000000000000110000110000000000000000000000000000000000000000000000000000000000000000000000000000000000000000000
000000111000000000000000000000000000000000000000000000000000000000000000000101000000000000001000000000001000000000000000000000000000000000000000000000000000000000000000000000000000000000000000000000000000000100000000000000000000000000000000000000000000000000000000000000000000000000000000001000000000
000000000000000000000000000000000000000000000000000000000000000000000000000101000000000000011100000000001000000000000000000000000000000000000000000000000000000000000000000000000000000000000000000000000000001000000000000000000000000000000000000000000000001100000000000000000000000000000000010100000000
001000000000000000000000000000000000000000000000000000000011000000000000000010000000000000010110000000001100000000000000000000000000000000000000000000000000000000000000110000000000000000000000000000000000111001100000000000000000000000000000000000000000001100000000000000000000000000000000010100000000
001000000000000000000000000000000000000000000000000000000011000000000000000000000000000000000000000000000000010000000000000000000000000000000000000000000000000000000000110000010000000000000000000000000001101011000000000000000000000000000000000000000000000000000000000000000001000000000000001000000000
001000000000000000000000000000000000000000000000000000000000000000000000000000000000000000100000000000001101100100000000000000000000000000000000000000000000000000000000000000010000000000000000000000000001100111001000000000000000000000000000000000000000000000000000000000000001000000000000000000000000
000000011000000000000000000000000110000000000000000000000000000000000000000001000000000011010000000000001001000101000000000000000000000000000011100000000000000000000000000000010000000000000000000000000000010001110110000000000000001000000000000000000000000000000000000000000001000000000000000000000000
000000100100000000000000000000000110000000000000000000000000000000000000000010100000000001010000000000000001000011000000000000000000000000000100111101100000000000000000000000000000000000000000000000000000110000001010000000000000010100000000000000000000000000000000000000000000000000000000000000000000
000000010100000000000000000000000000000000000000000000000000000000000000000100100000000000100000001000010011000111000000000000000000000000000100001111100000000000000000000000000000000000000000000000000000110000000110000000000000010100000000000000000000000000000000000000011100011100000000000010000000
000110001000000000000000000000000000000000000000000000000000000000000001100011000000000000000000010000010011011000000000000000000000000000000011000000010000000000000000010000000000000000000000000001110000101010000000000000000000000000000000000000000000000000000000000000000000000000000110000101000000
000110000000000000000000000000000000000000000000000000000000000000000001100000000000000000000000010000010011100000000000000000000110000000000000000001110000000000000000101000000000000000000000000001000000100010000000000000000000000000000000000000000000001000000000000000000001000000000110000101000000
000000000000000000000000000000000000000000000000000000000000000000000000000000000000000000000000001000000000000000000000000000000110000000000000000000000000000000000000101000000000000000000000000001110000010010000000000000000000000011100111000000000000010100000000000000000001000000000000000010000000
000000000000000000000000000000000000000000000000000000000000000000000000000000000000000000000000000000000000000000000000000000000000000000000000000000010000000000000000010000000000000000000000001100100000100100000000000000000000011011100000000000000000101000000000000000000001000000100000000000000000
000000000000000000000000000001110000000000000000000000000000000000000000000000000000000000000000000000000000000000000000000000000000000000000000100001010000000000000000000000000000000000000000000010000000011000000000000000000000011010000000000000000000110000000000000000000000000000100000000000000000
000000000000000000000000000000000000000000000000000000000000000000000000000000000000000000000000000000000000000000000000000000001000000000000000010100000000000000000000000000000000000000000000000010000000001100000000000000000000001000000000000000000000000000000000000000000000000000100000000000000000
000000000000000000000000000000000000000000000000000000000000000000000000010000000000000000000000000000000000000000000000000000010100000000000000000000000000000000000000000000000000000000000000000000000000101100000000000000000000000000000000000000000000000000000000000000000000000000000000000000000000
000000000000000000000000000000000000000000000000000000000000000000000000111000000000000000000000000000000000000000000000000000001000000000000000000000000000000000000000000000000000000000000000000000000000101000000111000000000000000000000011000000000000000000000000000000000000000000000000000000000000
000000000000000000000000000000000000000000000000000000000000000000000101001000000000000000000000000000000000000000000000000000000000000000000000000000000000000000000000000000000000000000000000000000000000010000001011000000000000000000000011000000000000000000000000111000000000000000000000000000000000
000000000000000000000011000000000000000000000000000000000000000000001000000000000000000000000000000000000000000000000000000000000000000000000000000000000000000000000000000000000000000000110000000000000000000000001010110000000000000001110000000000000000000000001000100100000000000000011000000000000000
000000000000000000000011000000011000000000000000000000000000000000001001100000000000000000000000100000000000000000000000000000001000000000000000000000000000000000000000000000000000000000110000000000000000000000011000000000000111000000000000000000000000111000001001000100000000000000011000000000000000
000000000000000000000000000000011000000000000000000000000000000000000110000000000000000000000000100000001110000000000000000000010100000000000000000000000000000000000000000000000000000000000000000000000000000000011100000000000000100000000000000000001100100000000001101000000000000000000000000000000000
000000000000000000011000000000000000000000000000000000000000000000000000000010000000000000000000100000000000000000000000000000010100000000000000000000000000000000000000000000000000000000000000000000000000000000001100000000001000010000000000000000000110000010100000000000000000000000000000000000000000
000000000000000000100100000000000000000000000000000000000000000000000000001110000000000000000000000000000000000000000000000000001000000000000000000000000000000000000000000000000000000000000000000000000000000000000110000000001010001000000000000000110000000110100001110000000000011000000000000000000000
000000000000000000011000000000000000000000000000000000000000000000011100010010000000000000001110000000000000000000000000000000000000000000001100000000000000000000000000000000000000000000000000000000000000000000000111000000000000001000000000000000110111100110100000100100000000100100000000000000000000
000000000000000000000000000000000000000000000000000000000000000000011100011100000000000000000000000000000000000000000000000000000000000000001100000000000000000000000000000000000000000000000000000000000000000000000111000000000000111000000000000000110010000000000000001000000000010100000000000000000000
000000000001100000000000000000000000000000000000000000000000000000110000001000000001100000000000100000000001110000000000000000000000000000000000000000000000000000000000000000000000000000000000000011100000000000000111000000000000000000000000000000100001100000000000001000000000001000001000000000000000
000000000001100000000000000000000000000000000000000000000000000000000000100000000001100000000000100000000000000000000000000000000000000000000000000000000000000000000000000000000000000000000000000000000000000000000000000000000000000000000000001101010111000000000000000000011000000000010100000000000000
000000000110000000000000000000000000000000000000000000000000000000001110011000000000000000000000100000000000000000000000000000000000000000000000001000000000000000000000000000000000000000000000000000000000000000000000000000011000000000000000111101011100000000000000000000011000000000100100000000000000
000000000110000000000000000000000000000000000000000000000000000000000101010110000000000000000000000000000000000000000000000000000000000000000000001000000000000000000000000000000000000000000000000000000000000000000000000000100000001000000001010101011000000000000000000000000000000000011000000000000000
000000000000000000000000000000000000000000000000000000001110000000000001000001100000000000000000000000000000110000000000000000000000000000000000001000000000001000000000000000000000000000000000000000000000000000000000000000000000110101000011010111000000000000000000000000000000000000000000000000000000
000000000000000000000000000000000000000000000000000000001001000000000000110000000000000000000000000000000000110000000000000000000000000000000000000000000000001000000000000000000000000000000000000000000000000000000000000000000000000100100011001100000000000000000000000000000000000000000000000000000000
000000000000000000000000000000000000000000000000000000001100100000000000011111100000000000000000000000000000000000000000000000000000000000011000000000000000001000000000000000000000000000000000000000000000000000000000000000000000000000100011000000000000000000000000000000000000000000000000000000000000
001100000000000000000000000000000000000000000000000000000011000000000000000010100000000000000000000000000000000000000000000000000000000000100100000000000000000000000000000000000000000000000000010010000000000000000000000000000000110000000110000000000000000000000000011100000000000000000000000000000000
001100000000000000000011100000000000000000000000000000000000000000000000000011000000000000000000000000000000000000000000000001000000000000011000000000000000000000010000000000000000000000000000010001000000000000000000000000000000001110000110111000000000000000000000100010000000000000000000000000000000
000000000000000000000000000000000001100000000000000000000000000000000000001000000000000000000000000000000000000000000000000001000000000000000000000000000000000000010000000000000000000000000000000000100000000000000000000000000000000000000000000000000000000000000001000001000000000000000000000000000110
000000000000000000000000000000000010010000000000000000000000000000000000001010001000000000000000000000000000000000000000000001110000000000000000000000000000000000010000000000000000000000001100010000100000000000000000000000000000000000001011110000000000000000000001000001000000000000000000000000000110
000000000000000000000000000000000001100000000000000000000000000001100000000100001000000000000000000000000000000000000000000000101000000000000000000000000000000000000000000000000000000000001100010000100000000000000000000000000000000000001111100000000000000000000001000001000000000000000000000000000000
000000000000000000000000000000000000000000000000000000000000000001100010000000001000000000000000000000000000000000000000000000000100000000000000000000000000000000000111000000000000000000000000000011000000000000000000000000000000000000000000000000000000000000000000100010000000000000000000000000000000
000000000000000000000001100000000001100000000000000000000000000000000110000000000000000000000000000000000000000000000010000000000000000000000000000000000000000000000000000000000000000000000000000000000000000000000011000000000000000000000000000000000010000000000000011100000000000000000000000000000000
000000000000000000000001100000000010010000000000000000000110000000000000000000000000000000000000000000000000000000000101000010000010000000000000000000000000000000000000000000000000000000000000000000000000000000000011001100000000000000000000000000000101000000000000000000000000000000000000000000000000
000000000000000000000000000000000001100000110000000000000110000000000011000000000000000000000000000000000000011000000110000011100100000000000000000000000000000000000000000000000000000000000000000000000000001000000000010100000000000000000000000000000110000000000000000000000000000000000000000000000100
110000000000001100000000000000000000000001001000000000000000000000000000000000000000000000000000000000000000011000000000000001111000000000000000111000000000000000000000000000000000000000000000011100000000001000000000010010000000000000000000000000000000000000000000000000000000000000000000000000001110
110000000000001100000000000000000000000000110000000000010000010000000000000000000000000000000000000000000000000000000000000000000000000000000000000000000000000000000000000000000000000000000000000000000000000000000000000010000000000000000000000000000000000000000000000000000000000000000000000000010010
000000000000000000000000000000000000000000000000000000010000010000000001000000000000000000000000000000000000000000000000000000000000000000000000000000000000000000000000000000000000000000000000000000000000000000000001010000000000000000000000000000000000000000000000000000000000000000000000000000011000
000000000000000000000000000000000000110000000000000000010000010000000001000000000000000000000000000000000000000000000000000000000000000000000001000000000000000000000000000000000000000011000000000000000001100000000110101000110000000000000000000000000000000000000000000000000000000000000000000000011000
000000000000000000010000000000000001001000000000000000000000000000000000000000000000000000000000001100000000000000000000001000000000000000000001000000000000000000000000000000000000000011000000000000000001100000000011000000110000000000000000000000000000000000000000000000000000000000000000000000001001
000000000000000000101000000000000000110000000000000000000111000000000000000000000000000000000000010100000000000000000000110110000000000000000001000000000000000000000000000000000000000000000000000000000000000011011000000100001000000000000000000000000000000000000000000000000000000000000000000000000101
000000000000000000101000000000000000000000000000000000000000000000010100000000000000000000000000001000000000000000010000001000000000000000000000000000000000000000000000000000000000000000000000011000000000000111011000001000010000000000000000000000000000000000000000000000000000000000000000000000000010
000000000000000000010000000000000000000000000000000000000000000000011000000000000001100011000000000000000000000001001000000000000000000000000000000000000000000000000000000000000000001110000000011100000000000111001000001010010000000000000000000000000000000000000000000000000000000000000000000000000000
000000000000000000000000000000000000000000000000000000000000000000001000000000000001100100100000000000000000000010001000000000000000000000000000000000000000000000000000000000000000010001000000000100000000000011100100100010000000000000000000000000000000000000000000000000000000000000000000000000000000
000000000000000000000000000000000000000000000000000000000000000000000000000000000000000011000000000000000000000010001000000110000000000000000000000000000000001100000000000000000000011011000000010100000000000000100100001100000000000000000000000000000000000000000000000000000000000000000000000000000000
000000011100000000000000000000000000000000000000000000000000000000000000000000000000000000000000000000000000000010001100000110000000000000011000000000000000000100000000000000000000000000000000010100000000000000100100101000000000000000000000000000000000000000000000000000000000000000000000000000000000
000000000000000000000000000000000000000000111000000000000000000000000000000000000000000000000000000000000000000001001000000000000000000000001000000000000000110100000000000000000000000000000000001100000000000000000000000000000000000000000000000000000000000000000000000000000000000000000000000000000000
000000000001000000000000000000000011000000010000000000000000000000000000000000000000000000000000000000000000000000000000000000000001100001000000000000000000100100000000000000000000000000000000000000000010000000000000000000000000000000000000000000000000000000110000000000000000000000000000000000000000
000000000001000100000000000000000101000000110000000000000000000000000000000000000000000000000000000000000000000000000000000000000001100000001000000000000000100010000000000000000000000000000000000000000010000000000000000000000000011100000000000000000001110000110000000000000000000000000001100000000000
000000000001000100000010000000001001100000110000000000000000000000000000000000000000001110000000000000000000000000000000000000000010100100001000000000000000010110000000000000000000000000000000000000000010000000000000000000000000000000000000000000000001001000000000000000000000000000000001100000000000
000000000000000100000010000000000010000000010000000100000110000000000000000000000000000000000000000000000000000000000000000000000011001000110000000000000000001101100110000000000000000000000000000000000000000000000000000000000000000001000000010000000001001000000000000000000000000000000000000000000000
000000000000000000000010000001111110000010110000000110000110000000000000000000000000000000000000000000000000000000000000000000000000101001000000000000000000000101100111000000000000000000000000000000000000000000000000000000000000000001000000010000000000001000000000000000000000000000000000000000110011
000001000000000000000000000000001100111000100000010010000000000000000000000000000000000000000000000000000000000000000000000000000000001010000000000000000000001000001001100000000000000000000000000000110000000000000000000000000000000001000000010000000001010000000000000000000000000000000000000000110011
000001000000000000000000000000000010111100000000000000000000000000000000000000000000000000000000000000000100000000000000000000000000001110000000000000000000001001111000100000000000000000000000000000110000000000000000000000000000000000000000000000000011000000000000000000000000000000000000000000000000
000001000000000000000000000000001110000100001000000000000001110000000000000000000000000000000000000000001010000000000000000000000000000000000000000000000000001000000000000000111000000000000000000000000000000000000000000000000000000000000000000000000011100000001100000000000000000000000000000000000000
000000000000000000000000000000000000001100010100111001100000000000000000000000000000000000000000110000000110000000000000000000001100000000000000000000000000000100100000000000111000000000000000000000000011100000000000000000000000000000000000000000000000000000001100000000000000000000000001000000000000
000000000000000000000000000000000001100000001000111010001000000000000000000000000000000000000001010000000000000000000000000000010010000000000000000000000000000000100000110001010100000000000000000000000000000000000000000001100000000000000000000000000010010000000000000000000000000000000001000000000000
000000000000000000000000000000000001100000000000001100010000000000000000000000000000000000000000010000000000000000000000000000001100000000000000000000000001000000000000111001100000000000000000000000000000000000000000000001100000000000000000000000000000000100000000110000000000000000000001000000000000
000000000000000001100000000000000000010000000000000101100000000000000000000000000000000000000000000000000000000110000000000000000000000000000000000000000001000000000000011001000000000000000000000000000000000000000000000000000000000000000000000000000001000010000000110000000000000000000000000000000000
000000000000000001100000000000000001110001100001000010000000000000000000000000000000000000000000000000000000000110000000000000000000100000000000000000000110000000000000001101100000000001110000000000000001000000000000000000000000000000000000000000000000110100000000000000000000000000001000000000000000
000000000000000000000000000000000001110001100010100000000000000000000000000001100000000000000000000000000000000000000000000000000001010000000000000000000101001100000000000110100000000010010000011100000001000000000000000000000000000000000000000000000000000000000000000000000000000000001000000000000000
000000000000000000000000000000000000000001100010100000000000000000000000000010010000000000000000000000000000000000000000000000000001010000000000000000011001100001000000111010000000000010000000000000000001000000000000000000000011000010000000000000000000000011100000000000000000000000001000000000000000
000000000000000000000000000000000000000000000001000000000000000000000000000010100000000000000000000000000000000000000000000000000000100000000000000000000000000101100000000100000000000000001000000000000000000000000000000000000000100101000000000000000000000010001000000000000000000000000000000001000000
000000000000000000000000000000000000000000000000000000000000000000000000000001000000000000000000000000000000000000000000000000000000000000000000000000000000000001010010100000000000111110001000000000000000000000000000000000000100000010000000000000000000000011001000000000000000000000000000000010100000
000000000000000000000000000000000000000000000000000000000000000000000000000000000000000000000000000000000000000000000000000000000000000000000000000000000001000001100000000000000000111010001000000000000011100000000000000000000011000000000000000000000000000000110000000000000000000000000000000010100000
000000000000000000000000000000000000001100000000000000000000000000000000000000000000000000000000000000000000000000000000000000000000000000000000000000000000010101100000000000000000100010111100000000000000000000000000000000100000000000000000000000000000000000000000000000000000000000000000000001000000
000000000000000000000000000000000000000000000000000000000000000000000000000000000000000000000000000000000000000000000000000000000000100000000000000000000000000100000000000000000000001100001101000000001000000000000000000000100000000000000000000000000000000000000000000000000000000000000000000000000000
000000000000000000000000000000000000000000000000000000000000000000000000000000000000000000000000000000000000000000000000110000000001010000000000000000000000000000000000000000000100000000011011000000001000000000000000000000100000000000000000000000000000000000000000000010000000011000000000000000000000
000000000000000000000000000000000000000000000000000000000000000000000000000000000000000000000000000000000000000000000000110000000001010000000000000000000000000000000000000000000100001100001101000000001000000000000000000000000000000000000000000000000000001100001100010111100000011000000000000000000000
000000100000000000000000000000000000000000000000000000000011000000000000000000000000000000000000000000000000000000000000000000000000100000000000000000000000000000000000000000000100100010111100000000000000000000000000000000000000000000000000000000000000011100000000100100110000000000000000000000000000
000001010000000000000000000000000000000000000000000000000011000000000000000000000000000000000000000000000000000000000000000000000000000000000000000000000000000000000000000000000000111010001000000000000000000000000000000000000001000000000000000000000000100101101100000100010000000000000000000000000000
000001010000000000000010000000000000000000000000000000000000000000000000000000000000000000000000000000000000000000000000000000011000000011000000000000000000000000000000000100000000111110001000000000000000000000000000000000000001000000000000000000000000111000010000100100000000000000000000000000000000
000000100000000000000010011100000000000000000000000000000000000000000001100000000000000000000000000000000000000000000000000000100100000100100000000000000000000000000000001010000000000000001000000000000000000000000000000000000001000000000000000000000000100100000000000000100000000000000000000000000000
000000000000000000000010000000000000000000000000000000000000000000000001100000000000000000000000000000000000000000000000000000011000000011000000000000000000000000000000001010000000000010000000000000000000000000000000001010000000000000000000000000010000010100000000110100000000000000000000000000011000
000000000000000000000000000000000000000000000000000000000000000000000000000000000000000000000000000000000000000000000000000000000000000000000000000000000000000000000000000100000000000010010000000000000000000000000000000000000000000000000000000001100000000011000000100010000000000000000000000000011000
000000110000000000000000000000000000000000000000000000000000000000000000000000000000000000000000000000000000000110000000000000000000100000000000000000000000000000000011100000000000000001110000000000000000000000000000000010000000000000000000000000110000010011100000011100000000000000000000000000000000
000000110000000000000000000000000000000000000000001100000000000000000000000000000000000000000000000000000000001001000000000000000001010000000000000000000000000000000010010000000000000000000000000000000000000000000000100000000000000000000000000000000000000000010000001000000000000000000000000000000000
000000000000000000000000000000000000000000000000001100000000000000000000000000000000000000000000000000000000000101000000000000000001010000000000000000000000000000000000001000000000000000000000000000000000000000000000000010001100000000000000000000000000001100011000000000000000000000000000000110000000
000000000000000000000000000000000000000000000000000000000000000000000000000000000000000000000000000000000000000010000000000000000000100000000000000100000000000000000010010000000000111000000000000000000000000000000000000000001100000000000000000000000000000001110000000000000011000000000000000110000000
000000000000000000000000000000000000000000000000000000000000000000001000000000000000000000000000000000010000000000000000000000000000000010000000000100000000000000000011100000000000000000000000000000000000000000000100010010001100000000000000000000000000010001110000000000000100100000000000000000000000
000000000000000000000000000000000000000000000000000000000000000000001000000000000000000000000000000000101000000000000000000000000000000101000000000100000000000000000000000000001100000001000000000000000000000000001110000000000000000000000000000000000000010100100000000000000011000000000000000000000000
000000000000000000000000000000000000000000000000000000000001110000001100000000000000000000000000000000100100000000000000000000011000000101000000000000000000000000000000000000001100000010100000000000000000000000001000101000000000000000000000000000000000000000000000000111000000000000000000000000000000
000000000000000000000000000000000000000000000000000000000000000000000000000000000000000000000000000000011000000000000000000000100100000010000000000000000000000000000000000000000000000010100000000000000000000000000010001000000000000011000000000000000000000000000000000000000000000000000000000000000000
000010000000000000000000000000000000000000000000000000000000000000011100000000000000000000000000000000000000000000000000000000100100000000000000000110000000000000000000000000000000000001000000000000000000000000000011001000000000000100100000000000000000000000000000000000000000000000000000000000000000
000101000000000000000000000000000000000000000000000000000000000000000000000000000000000000000000000000000000000000000000000000011000000000000000001001000000000000000000000000000000000000000000000000000000000000000000000000000000000101000000000000001100000000000000001000000000000000000000000000000000
000110000000000000000000000000000001000000000000000000000000000000010001100000000000000000000000000000000000000000000000000000000000000000000000000110000000000000000000000000110000000000000000000000000000000000000000000000000000000010000000000000001100000000000000010100000000000000000000000000000000
000000000000000000001100000000000010100000000000000000000000000011000001100000100000000000000000000000000000000000000000000000000000000000000000000000000000000000000000000000101000000000000000000000000000000000000000000000000000000000000000000000000000000000000000010100000000000000000000000110000000
000000000000000000010010000000000010010000000000000000100000001101001100100011000000000000000000000000000000000000000000000000000000000000000000000000000000000000000000000000010000000000000000000000000000000000000001100000000000000000000000000000000000000000000000001000000000000000000000000110000000
000000000000000000001100000000000001100000000000000001110000001100000011000000000000000000000000000000000000000000000000000000000000000000000000000000000000000000000000000000000000000000000000000000000000000000000000010000000000000000000000000000000011000000000000000000000000000000000000000000000000
000000000000000000000000000000000000000000000000000001101000001000000000000010100000000000000000000000000011000000000000000000000000000000000000000000000000000001100000000000000000000000000000000000000000000000000001110000000000001000000000000001000011000000000000000000000000000000000000000000000000
000000000000000000000000000000000000000000000000000000011100001000000001000001000000000000000000000000000100100000000000000000000000000000000000000000000000000001100000000000000000000000000000000000000000000000000000000000000011010100000000000010100000000000000000000110000000000000000010000000000000
000000000000000000000000000000000000000000000000000111000100001100000001000000000000000000000000000000000011000000000000000000000000000000000000000000000000000000000000000000000000000000000000000000000000000000000000100000000000000000000000000010100000000000000000000110000000000000000101000000000100
000000000000000000000000000000000000000000000000000110101110000000000010000100000000000000000000000000000000000000000000000000000000000000000001110000000000000000000000000000000000000000000000000000000000000000000010100000000101011000000000000001000000000000000000000000011100000000000101000000001010
000000000000000000000000000000000000000000000000000010001111100000000011100010000000000000000000000000000000000000000000000000000000000000000000000000000000000000000000000000000000000000000000000000000000011000000000000000000010000000000000000000000000000001100000000000000000000000000010000000001001
000000000000000000000000000000000000000000100000000001110001010000000010010100000000000000000000000000000000000000000000000000000000000000000000000000000000000000000000000000000000000000000000000000000000001100001000100000000000000000000000000000000000000001100000000001000001000000000000000000000110
000000000000000000000000000000000000000001010000000000000000010000000000010000000000000000000000000000000000000000000000000000000000000000000000000000000000000000000000000000000000000000000000000001100000000100010001100000000000000000000000000000000000000000000000000001000001000000000000000000000000
000000000000000000000000000000000000000001010000000000000000100000000000000000000000000000000000000000000011000000000000000000000000000000000000000000000000000000000000000000000000000000000000000010011100100110110001100000000000000000000000000000000000000000000000000001000001000000000000000000000000
000000000000000000000000000000000000000000100000000000010000000000000000000000000000000000000000000000000011000000000000000000000000000000000000000000000000000000000000000000000000000000000000000001111110110010101011000010000000001100000000000000000000000000000000000000000000000000000000000000000000
000000000000000000000000000000000000000000000000000000011000000000000000000000000000000000000000000000000000000000000000000000000000000000000000000000000000000000000000000000000000000000000000000001100100000000000011000000000000001100000000000000000110000000000000000000011100000000000000000000000000
000000010000000010000010000000000000000000000000000000001000000000000000000000000000000000000000000000000000000000000000000000000000000000010000000000000000000000000000000000000000000000000000000000010000000000000001000010000000000000000000000000000110000000000000000000000000000000000000100000000000
000000010000000010000010000000000000000000000000000000000000000000000000000000000000000000000000000000000000000000000000000000000000000000010000000000000000000000000000000000000000000000000000000000000000000000000000000100000000000000000000000000000000000000000000000000000000000000000000100000000000
000000010000000011000110000001110000000000000000000000000000000000000000000000000000000000000000000000000000000000000000000000000000000000010000000000000000000000000000000000000000000000000000000000000000000111000000111000000000000001110000000000000000000000000000000000000000000000000000100000000000
000000000000000000000000000000000000000000000000000000000000000000000000000000000000000000000000000000000000110000000000000000000000000000000000000000000000000000000000000000000000000000110000000000000000001000000000000000000000000000000000000000000000000000000000000000000000000000000000000000000000
000000000000111001101100111000000000000000000000000000000000000000000000000000000000000000000000000000000000110000000000000000000000000000000000000000000000000000000000000000000000000001001000000000000000001000100000011000000000000000000000000000000000000000001100000000000000000000000000000000000000
000110000000001010101010100000000000000000000000000000000000000000000001100000000000000000000000000000000000000000000000000000000000000000000000000000000000000000000000000000000000000001001000000000000011110111100000001000000000000000000000000000000000000000001100000000000000000000000000000000000000
000110000000000011000110000000000000000000000000000000000000000000000001100000000000000000000000000000000000000000000000000000000000000000000000000000000000000000000000000000000000000000110000000000000011000000000000110000000000000000000000000000000000000000000000000000000000000000000000000000000000
