300 300
000000000000001100000000000000000000000000000000000000000000000000000000000000000000000011000110000000000000000000000000000000000000000000010000000000000000000000000000000000000000000011100000011000011000011000000000000000000001000000000000000000000000000000000000000000000000000000000000000000000000
000000000000010010011100000000000000000000000000000000000000000000000000000000000000001010101010100000000000000000000000000000000000000000101000000000000000000000000000000000000000001110011000100001101110011000000000000000000010100000001100000000000000000000000000000000000000000000000111000000000000
000000000000001100000000000000000000000000000000000000000000000000000000000000000000111001101100111000000000000000000000000000000000000000101000000000000000000000000000000000000000010000111100101010100010000000000000000000000011000000010010000000000000000000000000000000000000000000000000000000000000
000000000000000000000000000000000000000000000000000000000000000000000110000110000000000000000000000000000000000000000000000000000000000000010000000000000000000000000000000000000000100010001100100000000010000000000000000000000000000000010100000000000000000000000000000000000000000000000000000000000000
000000000000000000000000000000000000000000000000000000000000000000001001000110000000000011000110000000000000000000000000000000000000000000000000000000000000011000000001110000000000010100000100110000000100000000000000000000000000000000001000000000000000000000000000000000000000000000000000000000000000
000000000000000000000000000000000000000000000000000000000000000000000110000000000000000010000010000000000000000000000000000000000000000000000000000000000000011000000000000000000000001000000000001000000000000000000000000000100000000000000000000000000000000000000000000000000000000000000000000000000000
000000000000000000000000000000000000000000000000000000000000000000000000000000000000000010000010000000000000000000000000000000000000000000000000000000000000000000000000000000000000000000000001011101000000000000000000000000110000000000000000000000000000000000000000000000000000000000000000000000000000
000000000000000000000000000000000000000000000000000000000000000000000000000000000000000000000000000000000000000000000000000000000000000000000000000000000000000000000000000000000011000000000000000010000000000000000000000000000000000000000000000000000000000000000000000000000000000000000000000000000000
000000000000000000000000000000000000000000000000000000000110000000000000000000000000000000000000000000000000000000000000000000000000000000000000000000000000000000000000000000000011000000000000100000000000000000000000000000111000000000000000000000000000000000000000000000000000000000000000000000011000
000000000000000000000000000000000000000000000000000000000101000000000000000000000000000000000000000000000000000000000000000000000000000000000000000000000100000000000000000000000000000000000011100000000000000000000000000000100100000000000000000000000000000000000000000000000000000000000000000000011000
110001100000000000000000000000000000000000000000000000000010000000000000000000000000000000000000000000000000000000000000000000000000000000000000000000011000000000000000000000000000000000000000000000000000000000000000000100010000000000000000000000000000000000000000000000000000000000000000000000000000
110001100000000000000000000000000000000000000000000000000000000000000000000000000000000000000000000000000000000000000000000000000000000000000000000000011100000000000000000000000000000000000000000000000000000011000000001010011011100000000000000000000000000000000000000000000000000000000000000000000000
000000000000000000000000000000000000000000000001000000000000000000000000000000000000000000000000000000000110000000000000000000000000000000000000000000000000000000000000000000000000000000000000000000000000000011000001011010000010100000000000000000000000000000000000000000000000000000000111000000001100
000000000000000000000000000000000000000000000001000000000000011000000000000000000000000000000000000000000110000000000000000000000000000000000000000111000000000000000000000000000000000000000000000000000000000000000011011001000001100000000000000000000000000000000000000000000000001100000111000000001100
000000000001100011000000000000000000000000000001000000000000011000000000000000000000000000000000000000000000000000000000000000000000000000011000001001100000000000000000000000000000110000000000000000000000000000000100011110010000000000000000000000000000000000000000000000000000001100001100010000000000
000000000001100011000000000000000000000000000000000000000000000000000000000000000000000000000000000000000000000000000000000000000000000100011000010001100001100000000010000000000001001000000000000000000000000001001101110001011100000000000000000000000000000000000000000000000000000000001101010000000000
000000000000000000000000000000000000000000110000000000000000000000000000000000000000000000000000000000000000000000000010000000000000001010000000100011100001000000000101000000000000110000010000000000000000000010110001101000000000000000000000000000000000000000000000000000000000000000011000110000000000
000000000000000000001100000000000000000000110000110000000000000000000000000000000000000000000000000100000000000000000010000000000000000110000000100011000000000000000110000000000000000000010000000000000000000000101011100000000000000000000000000000000000000000000000000000000000000000011000000110000000
000000000000000000010010000000000000000000000000110000000000000000000000000000000000000000000000000100000000000000000010000000000000000000000000100010100000000000000000000000000000000000010000000000000000000000101011000000000000000000000000000000000000000000000000000000000000000001111100001001000000
000000000000000000001100000000000000000000000000000000000000000000000000000000000000000000000000000100000000000000000000000000100000000000000000010000100000000000000000000000000000000000000000000000000000000001101101100000000000000000000000000000000000000000000000000000000000000000000000000110000000
000000000000000000000000000000000000000000000000000000000000000000000000000000000000000000000000000000000001110000000000000000100000000000000000001000100000110000000000000000000000000000000000000000000000000010011000000000000000000000000000000000000000000000000000000000000000000000100000000000000000
000000000000000000000000000000000000110000000000000000000000000000000000000000000000000000000000000000000000000000000000000000100000000000000000000111000000110000000000000110000000000000000000000000000000000001110000000000000000000000000000000000000000000000000000000000000000000000000000000000000000
000000000000000000000000000000000000110000000000000000000000000000000000000000000000000000000000000000000000000000000000000000000000000001100000000000000000000000000000000110000000000000000000000000000000000000000000000000000000000000000000000000000000000000000000000000000000000010011000000000000000
000000000000000000110000000000000000000000000000000000000000000000000000000000000000000000000000000000000000000000000000000000001110000001100000000000011000000000000000000000000000000000000000000000000000000000000000000000000000000000000000000000000000000000000000000000000000000000001100000000000110
000000000000000000110000000000000000000000000000000000000000000000110000000000000000000000000000000000000000000000000000000000000000000000000000000000011000000000000000000000000000000000000000000000000000000000000000000000000000000000000000000000000000000000000000000000000000000001101110000000000101
000110000000000000000000000000000000000000000000000000000000000001001000000111000100000000000000000000000000000000000000000000000000000000000000000000000000000000000000000000000000000000000001100000000000000000011000000000000000000000100000000000000000000000000000000000000000000001110110000000000001
001001000000000000000000000000000000000000000000000000000000000001010000000101001011000000000000000000000000000000000000000000000000000000000000000000000000000000000000000000000000000000000010010000000000000000011100000000000000000001010000000000000000000000000110000000000000000000000000000000000101
001010000000000000000000000000000000000000000000000000000000000000100000011000011011000000000000000000000000000000000000000000000000000000000000000000010100000000000000000000000000000000000001010000000000000000000110000000000000011001010000000000000000000000000110000000000000000001110000011100001110
000100000000000000000000000000000000000000000000000000000000000000000000000011010000000000000000000000000000000000000000000000000000000000000000000000000100000000000000000000000000000000000000100000000000000000000111000000000000011000100000000000000000000000000000000000000000000000100000011000111000
000000000000000000000000000000000000000000000000000000000011100000000000000001110001000000000000000000000000000000000000000000000000000000000000000001100010000000000000000000000000000000000000000000000000000000000111000000000000000000000000000000000000000000000000000000000000000000000000000000111000
000000000000000000100000000000000000000000000000000000000100010000000001000010100001000000000000000000000000000000000000000010000000000000000000000011011100000000000000000000000000000000000000000000000000000000011011000000000000000000000000000000000000000000000000000000000000000000000000000000110000
000000000000000000100000000000000000000000000000000000001001110000000010000100010010000000000000000000000000000000000000000101000000000000000000000001000000000000000000000000000000000000000000000000000000000000000100000000000000000000000000000000000000000000000111000000000000000000000000000000000000
000000101000000000010000000000000000000000000000000000000101100000000001100000010000000000000000000000000000000000000000000010000000000000000000000000111000000000000000000000000000000000000000000000000000000000000000000000000000000000000000000000000010100000000000000000000000000000000000000000000000
000000101000000000000000000000000000000000000000000000000110000000000000000000000010000000000000000000000000000000000000000000000000000000000000000000010000000000000000000000000000000000000000000000000000000000000000000000000000000000000000000000000100010000010000010000000000000000000000000000000000
000001100001110111000000000000000000000000000000000000000110100000000000000000000010000000000000000000000000000000000000000000000000000000000000000000000000000000000000000000000000000000000000000000000000000111000000000000000000000000000000000000000110100000010000010000001100000000000000000000000000
000001100000100011000000000000000000000000000000000000000100100000000000000000000000000000000100000000000000000000000000000000000000000000000000000000000000000000000000000000000000000000000000000000000000000010010000000000000000000000000000000011011000100000010000010000001100000000000000000000000000
000001100000011100000000000000000011000000000000000000000011100000000000000000000000000000001010000000000000000000100000000000000001000000000000000000000000000000000000000000000000000000000000000000000000000001100000000000000000000000000000000010000001000000000000000000000000000000000000000000000000
000000101000000000000000000000000010100000000000000000000000000000000000000000000000000000001010000000000000000001010000000000000010100000000000000000000000000000000000000000000000000000000000000000000000000000000000000000000000000000000000000100100000100000000111000000000000000000000000000000001100
000000010000011000000000000000000001000000000000000000000000000000000000000000000000000000000100000000011000000000100000000000000010100000000000000000000000000000000000000000000000000000000000000000000000000000000000000000000000000000000000001110000001000110000000000000000000000000000000000000001100
000010000000000000000000000000000000000000000000000000000000000000000000000000000000000000000000000000011000000000000000000000000001000000000000000000000000000000000000000000000000000000000000000000000000000000000000000000000010000000000000000110010100011111000000000000000000000000000000000000000000
000010000000001100000000000000000000000000000000000000000000000110000000000000000000000000000000000000000000000000000000000000000000000000000000000000000000000000000000000000000000000000000000000000000000000000001000000000110101000000000011000000010010001001000000000000000000000000000000000000000000
000010000000000000000000000000000000000000000000000000000000000110000000000000000000000000000000000000000000000000000000000000000000000000000000000000000000000000000110000000000000000000000000000000000000000000011100000000000000000000000011000000000000001110000000000000000000000000000000000000000000
000000000000000000000000000000000000000000000000000000000000000000000000000000000000000000000000000000000000000000000000000000000000000000000000000000000000000000000110000000000000000000000000000010000000000000110010000010000001000000000000011000110100000100000011000000000000000000000000000000000000
000000000000000000000011000000000000000000000000000000000000000000000000000000000000000000000000000000000000001000010000000000000000000000000000000000000000000000000000000000000000000000000000001101100000000000010010000011100000000000000000011100000000000000000011000000000000000000000000000000000000
000000000000000000000100000001010000000000000000000000000000000000000000000000000000000000000000000000000000001000010000000000000000000000000000000000000000000000000000000000011000000010000000001110000000000000000000000001011010000000000000001000011000000000000000000000000000000000000000000000000000
000000000000000000000110110010010000000000000000000000000000000000000000000000000000000000000000000000000000001000010000000000000000000000000000000000000000000000000000000000101000000101000000000110000000000000000000000000010000000000000000000000110000000000000000000000000000000000000000000000000000
000000000000000000000011011001010000000000000000000000000000000000000010000000000000000000000000000000000000000000000000000000000000000000000000000011001100000000000000000000010000000101000000000000000000000000100001000000011000010000000000000000000000000001000000000000000000000000000000000000000000
000000000000000000000011011000000000000000000000000000000000000000000101000000000000000000000000000000000000000000000111000000000000000000000000000101001100000000000000000000000000000010000000000000000000000000100000100000010000010000000000000000000000000010100000000000000000000000000000000000000000
000000000000000000000000100000000000000000011100000000000000000000000101000000000000000000000000000000000000000000000000000000000000000000000000000010000000000000000000000000000000000000000000000000000000000000110010100000001100010000000000000000000000000010100000000000000000000000000000000000000000
000000000000000000000000000000000000000000000000000000000110000000000010000000000000000000000000000000000000000000000000000000000000000000000000000000000000000000000000000000000000000000000000000000000000000000110000000000000011100000000000000000000000000001000000000110000000000000000000000000000000
000000000000000000000000000000000000000001000001000000000110000000000000000000000000000000000000000000000000001000000000000000000000000000001100000000000000000000000000000000000000000000000000000000000000000000011000000000000000010100000000000000000000000000000000000101000000000000000000000000000100
000000000000000000000000000000000000000001000001000000000000000001100000001100000000000000000000000000000000001000000000000011000000000000010010000000000000000000000000000000000000000000000000000000000000000000110000000000000000010100000000000000000000000000000000000010000000000000000000000000000100
000000000000000000000000000000000000000010000001000000000000000010010000010010000000000000000000000000000000001000000000000100100000000000001100000000000000000000110110000000000100000000000000000000000000000000000000000000000001110100000000000000000000000000000000000000000000000000000000000000000100
000000000000000000000000000000000000000010000000000000000000000001001000001100000000000000000000000000000000000000000000000010100000000000000000000000000000011000110001000000011000000000000000000000000010000000000000000000000010000000000000000000000110000000000000000000000000000000000000000000000000
000000000000000000000000000000000000011010001100000000000000000001001000000000000000000000000000000000000000000000000000000001000000011100000000000000000000100101000000000000011101010000000000000000000010000000000000000000000001100000000000000000000110000000000000000000000000000000000000000000000000
000000000000000000000000000000100000000000110000000000000000000000000100000000000000000000000000000000000000000000000000000000000000000000000000000000000000011000110000100000101000100000000000000000000010000000000000000000000001100000000000000000000000000000000000000000000000000000000000000000000000
000000000000000000000000000001010000101111100000000000000000000000110100000000000000000000000000000000000000000000000000000000000000000000000000000000000000000000110100010001110000000000000000001100000000000010000000000000000000000000000000000000000000000000000000000000000000000110000000000000000000
110000000000000000000000000000100000100001000000000000000001100000001110000000000000110000000000000000000000000000000000000000000000000000000000000000000000000000000001100010000000000100000000010010000000000101000000000000000000000000000000000000000000000000000000000000000000101000011100000000000000
110000000000000000000010000000000000100010000000000000000010010000000000000000000000110000000000000000000000000000000000000000000000000000000000000000000000000000000001000001001000000110000000010010000001010011000000000000000000000000000000000000000000000000000000000000000011011000001100000000000000
000000000000000000000101000000000000100010000000000000000010100000000000000100000000000000000000000000000000000000000000000000000000000000000000000000000000000000000000000000111000000001000000011011000010010000000000000000000000000000000000000000000000000000000000000000000000100000010100000000000000
000000001100000000000101000000000000100000000000000000000001000000000000001010000000000000000000000000000000000000000000000000000000000000000000000000000000000000000000000000000000011110000000001010000001010000000000000000000000000000000000000000000000000000000000000000000000010000001000000000000000
000000010010000000000010000000000000011000000000000000000000000000000000001010000000000000000000000000000000000000000000000000000000000000000000000000000000000000000000000000000000011100000000000100000000000000000000000000000000000000000100000000000000011100000000000000000001010000000000000000000000
000000001100000000000000000000000000000000000000000000000000000000000000000100000000000000000000000000000000000000001000000000000000000000000000000000000000000000000000000000000000001000000000000000000000000001000000000000000000000000001010000000000000000000000000000000000001000100000000000000000000
000000000000000000000000000000000000000100000000000000000000000000000000000000000010100011100000000000000000000000010100000000000000000000000000000000000000000000000000000000000000000000000000000000010100000010100000000000000000001000001100000000000000000000000000000000000001000100000000000000000000
000000000000000000000000000000000000001001000000000000000000000000000000000000000001100000000000000000000110000000010100000000000000000000000000000000000000000000000000000000000000000000000000000000010010000110110000000000000000001110000000000000000000000000000000000000000000000000000000000000000000
000000000000000000000000000000000000011011000000000000000000000000000000000000000001000000000000000000000110000000001000000000000000000000000000000000000000000000000000000000000000000000000000000110010100000010010000000000000000000000000000000000000000000000000000000000000000100100000000000000000000
000000000000000000000000000000000000111100000000000000000000000000000000000000000000000000000000000000000000000000000000000000000000000000000000000000000000000000000000110000000000000000000000000101000000000010010000000000000111010010000000000000000000000000000000000000000000011000000000000000000000
000000000000000000000000000000000000110111100000000000000000000000000000000000000000000000000000000000000000000000000000000000000000000000000000000000000000000000000000110000000000000000000000000010000000000001100000001100000000100010000000000000000000000000000000000000000000000000000000000000000000
000000000000000000000000000000000000011001000000000000000000000000000000000000000000000001100000000000000000000000000000000000000000000000000000000000000000000000000000000000000000000000000000000000000000000000000000101100000000011100000001000000000000000000000000000000000000000000000000100000000000
000000000000000000000000000000000000000000000000111000000000000000000000000000000000000001100000000000000000000000000000000000000000000110000000000000000000000000000000000000000000000000000000000000000000000000000011000100000000011000000010100000000000000000000000000000000001000110000001010000000000
000000000000000000000000000000000000000000000000111000000000000000000000000000000000000000000000000000000000000100000000000000000000001011000000000000000000000000000000000000000000000000000000000000000000000000000000101100000011000001000100100001000000000000000000000000000001001110000010001000000000
000000000000000000000000000000000000000000000000010000000000000000000000000000000000000000000000000110000000001010000001000000000000011000010000000000000000000000000000000000000000000000000000000000000000000000000000001100000101111110100011000001000000000000000000000000000000001001000001010000000000
000000000000000000000000000000000000000010100000000000000000000001000000000000000110000000000000000110000000001010000010100000000000011111001000000000000000000000000001000000000000000000000000000000000000000000000000000000000101001111100000000001000000000000000000000000000000001110000000100000000000
000000000000000000000000000000000000000010100000000000000000000010100000000001100110000000000000000000011100000100000110110000000000001111001000000000000000000110000001000000000000000000000000000000000000000000000000000000000000001000000000000000000000000000000000000000000000001010000000000000000000
000000000000000000000000000000000000000000000001000000000011100000010000000001100000000000000000000000000000000000000010111100000000000000000000000000000000001001000001000000000000000000000000000000000000000000000000000000000000000000000000000000000000000000000000000000000000001100000000000000000000
000000000000000000000000000000000000000000000010010000000010100000100000000000000000000000000000000000000000000000000001011100000000011100000000000000000000000110000000000000011001100000000000000000000000000000000000000000000110000000000000000000000000000000000000000000000000000000000000000000000000
000000110000000000000000000000000000000000000000010000000001100010111000010000000011000000000000000000000000000000000010110000000000100000000000000000000000000000000000000000011001100000000000000000000000000000000000000000000110001110000000000000000000000000000000000000111000000000000000000000000000
000001010100000000000000000000000000000000001000010000000000000010111000100000000011000000000000000000000000000000000011010000000001000000000000000000000000000000000000000000000000000000010000000000000000001000000000000000000000010000000000000000000000000000000000000000111100000000000000000000000000
000011000010000000000000000000000000000010000100001000000000000000010101110000000000000000000000000000000000000000000011111000000001000000000001100000000000000000000000000000000000000000010000110000000000010100000000000000000000100010100000000000000000000000000000010001000011000000000000000000000000
000001101010000000000000000000000000000100000010001000000000000001000011010000000000000000000000000000000000000000000000001000000001000100000001100000000000000000000000000000011000000000000001001000000000010100000000000000000000000000100000000000000000000000000000101001101110000000000000000001100000
000000000010000000000000000000000000000100000100000000000000000000010100000000000000000000000000000000000000000000000000000000000001000100000000000000000000000000000000000000010000000000011110110000000000001000000000000000000000000000000000000000000000000000000110101000000100000000000000000001100000
000000111000011100000000000000000001000011000001010100000000001001100000000000000000000000001100000000000000000000000000000000000001101000000000000000000000000000000000000000000000000001101100000000000000000000000000000000000000100010000000000000000000000000000001000000011000000000000000000000000000
000000011001100000000000000000000010100000010010011000110000001101000110100000000000000000001100000000000000000000000000000000000001000000000000000000000000000000000000000000000000000000111000000000000000000000000000000000000000011110000000000000000000000000000000000100011000000000000000000000000000
000000000001101010000000000111000010100000001110010000110000000110100110000000000000011000000000000000000000000000000000000000000111000000000000000000000000000000000000000000000000000000000000001100000000000000000000000000000000000100000000000000000000000000000000011100000100000000000000000000000000
000000000000000110000000011011000001000000000000000000000000000001111110000000000000011000000000000000000000000000000000000000000000000000000000000000001000000000000000000000000000011100000000001100111000000000000000000000000000000000000000000000000000000000000000110000111000111000100000000000000000
000000000000000000000000000000000000000000000000000000000000000001101100000000000000000000000000000000000000000000000000000000000000000000000000000000001000000000000000000000000000011000000000000000000000000000000000000000000000000000000000000000000000000000000001000001010100000000010000000000000000
000000000000000000000000000000000000000000000000000000000000000000010010001100000000000000000000000000000000000000000000000000000000000000000000110000001000000000000000000000001110011000000000001000001000000000000000000000000000000000000000000000000000000000000000111011101000000000111000000000000000
000000000000001100000000011111000000011100000000000000000000000000001000000000000000000000000000000000000000000000000000000000001110000000000001001000000000000000000000000000011111011100000000010100100000000000000000000000000000000000000000000000000000000000000000000010101110000011010000000000000000
000000000000000000000000000111000000000000000000000000000000000000000011011000000000000000000000000000000000000000000000000000000000000000000000110000000000000000000000000000110101100000000000010110000000000000000000000000000000000000000000000000000000000000000000000000000000000011100000000000000000
000000000000000000000000000000100000000001000000000000000000000000000000101000000000000000000001000000000000000000000000000000000000000000000000000000000000000000000000000000011010000111100000001001100000000000000000000000000000000000000000000000000000000000000000000000000000000001110000000000000000
000000000000000000000000000011000000000001000000000000000000000000000000010000000000000000000010100000000000000000000000000000000000000000010000000000000000000000000000000000001111100000010000000000000000000010000000000000000000000000000000000000000000000000000000000000000000000000011000000000000000
000000000000000000000000000100100011000001000000000000000000000000000000111000000000000000000000010110000000000000000000000000000000000000010000000000000000000000000000000000001111101000010000000000000000000101000000000000000000000000000000000000000000000000000000010000000000000000011000000000000000
000000000000000000000000000011000011000000000000000000000000000000000000110000000000000000000100010110000000000000000000000000000000000000010000000000000000000000000000000000001100000000000000000000000000000101000011000000000000000000000000000000000000000000000001001000000000000000000000000000001100
000000000000000000000000000000000000000000000000000000000000000000000001100000000000000000001010001110000000110000000000000000000000000000000000000000000000000000000000000000011100000000100000000000000001100010000101000000000000000000000000000000000000000000000001001000000000000000000000000000001100
000110000000000000000000000000000000000000000000000000000000000000000100100000000000000000000000000100000010001000000000000000000000000000000000000000000000100000000000000000000000000110000000000000110000000000000010000000000000000000011100000000000000000110000000100000000000000000000000000000000000
000110000000000000011000000000000000000000000000000000000000000000001001000000000000000000001000000010000010000110000000000000000000000000000000000000000001010000000000000000000000000000000000000000010000000000000000001000000000000000000000000000000000000110000000000000000000000000000000000000000000
000000000000000000100110000000000000000000000000000000000000000000000001000000000000000001110001110100000010010110000000000000000000000000000000000000000000100000000000000000000000000000000000000000000000000000000000000101100000000000000000000000000000000000000000000001100000000000000000000000000000
000000000000000000111110000000000000000000000000000000000000000000010010000000000000000010010011001000000000111111000000000000000000000000000000000000000000000000000000000000000000000000000000000000000000000000000011000101100000000000000000000000000000000000000001000001100000000000000000000000000000
000000000000000000010000000000000000000001000000000000000000000000110110000000000000011100011000000000000101111111000000000000000000000000000000000000000000000000000000000000000000000000000000000000000000000000000010000000000000000000000000000000000000000000000010100000000000000000000000000000000000
000000000000000000000100000000000000000000100000000000000000000000001000000000000001100100011000000000011000010110000000000000000000000000000000000000000000000000000000000000000000000000000000000000000000000000000011011000000000111000000000000000000000000000000011000000001110000000000000100000000000
000000000000000000000100000000000000000011100000000000000000000000100000000000000000000101000000000000010010000001000000000000000000000000000000000000000000000000000000000000000000000000000000000000000000000000000000001000000110000100000000000000000000000000000000000000001110000000110001100000000000
000000000000000000000000000000000000000000000000000000000000000000000000000000000000000001110000000000001100001101000000000000000000000000000000000000000000000000000000000000000000000000001000000000000000000000000000000000000111010000000000000000000000000000000000000000001100000000110001100000000000
000000000000000000000000000000000001100000000000000000000000000000101000000000000100000110011000000000000000001101011000000000000000000000000000000000000000000000000000000000000000000000000100000000000011000000000000000000001000010010000000000000111000000110000000000000010000000000000001000000000000
000000000000000000000110000000000001100000000000000000000000110000001100000000000000000010011000000000000000001001011000000000000000000000000000000000000000000000000000000000000000000000000010000000000100100000000000000111001110001010000000000001001000000110000000000001100100000000000000000000000000
000000000000000000000110000000000000000000000000000000000000101001101000000000110000001111000000000000000000000000000100000000001000000000000000000000000000000000000000000000000000000000000010000000000100100000000000001001001110001010000000000010010100000000000000000000100010000000000000000000000000
000000000000000000000000000000000000000000000000000000000000001100110000000001000001100001000000000000000000000000000111000000001000000000000000000000000000010000000000000000000000000000000110000000000011000000000000001101000110000111000001100010000000000000000000000000100100000000000000000000000000
000000000000000000000001100000000000000111000000000000000000000000000000000001000000001110000000000000000000000000000011000000001000000000000000000000000000101000000000000000000000000000000110000000000000001010000000000000000000001011000001100001100000000000000000000000011100000000000000000000000000
000000000000000000000001100000000000000000000000000000000010001100000000000000111000011100000000000000000000011011101101000000000000000000000000000000000001001000000000000000000000000000001100000000000000011001000000000000000000001110000000000010001010000000000000000000000000000000000000000000000000
000000000000000000000000000000000000010000000000000000000011111100000000000000000000010000000000000000000000001111110000000000000000000000000000000000000000110000000000000000000000000011001001000000000000111011000000000000000000001100000000000011111100000000000000000000000000000000000000000000000000
000000000000000000000000000000000000010000010000000000000001100010000000000000000100000000000000000000000000000100100000111000000000000000000000000000000000000000000000000000110000000001000000000000000001000111000000000000000000000000000000000100000000000000000000000000000000000000000000000000000000
000000000000000000000000000000000000010000000010000000000001100100000000000000011011000000000000000000000000000000010000011100000000000000000000000000000000000000000000000000101000000000000101001000000000000111000000000000001100000000000000000110111110000000000000000000000000000000000000000000000000
000000000000000000000000000000000000000000000000100000000000000000000000000001101011000000000000000000000000000000001010110010000000000000000011000000000000000000000000000000010000000000000010111000000000000111000000000000000001110000000000000001100001000000000000000000000000000000000000000000000000
000000000000000000000000000000000000000100000001000000000000001100000000000000101011000000000000000000000000000000001101101100000000000000000011000000000000000000000000000000000000000000000000001000000000001110000000000000001110110000100000000000011011100000000000000000000000000000000000000000000000
000000000000000000000000000000000000000010000100000000000000010010000000000001000100000000000000000000000000000000000010001000000000000000000000000000000000000000000000000000000000000000000000000000000000110100000000000000000011000001010000000000011101100000000000000000000000000000000000000000000000
000100000000000000000000000000000000000001100000000000000000000000000000000000000100000000000000000000000000000011000100000000000000000000000000000000000000000000000000000000000000000000000000000000000000101000000000000000000000000001010000000000000011000000000000000000000000000000000000000000000000
001010000000000000000000000000000000000000011100010100000000000000000000000000000111000000000000000000000000000011010000000000000000000000000000000000000000000000000000000000000000000000000000000000000000010000000000000000001100000000100000000000000000000000000000000000000000000000000000000000000000
001100000000000000000000000000000000000000010000001000000000011000010000001100000100100000000000000000000000000011110000000000000000000000000000000101000001100000000011000000000000000000000000000000000000000000000000000000001100000000000000000000000000000000000000000100000000000000000000000000000000
000000000000000000000000000000000000000000010010000000000000000000101000011110000011100000000000000000000000000000100001100000000000000000000000000010111111100000000100100000000000000000000000000000000000000000000000000000000000000000000000000000000000000000000000001010000000000000000000000000000000
000000000000000000000000000000000000000001110000000000000000100000101000010000000001100000000000000000000000000000000001110110000000000000000000000010101100000000000011000000000000000000000000000000000000000000000000000000000000000000000000000000000000000000000000001010000000000000000000000000000000
000000000000000000000000000000000000000001100000110000000000100000010000011100000000100000000000000000000000000000000001000010000000000000000000000000001100000000000000000000000000000000000000000000000000000000000000000000000000000000000000000000000000000000000000000100000000000000000000000000000000
000000000000000000000000000000000000000000000000000000000001000000000000001001101101011000000000000000000000000000000000100000000000000000000000000000110000000000000000000000000000000000000000000000000000000000000000000000000000000000000000000000000000000000000000000000000000000000000000000000000000
000000000000000000000000000000000000000000100000001000000000000000000000000110000001001000000000000000000000000000000000000100000000000000000000001110010000000000000000000000000000000000000000000000000000000000000000001100000000000000000000000000000000000000000000000000000000000000000000000000000000
011000000000000000000000000000000001100000000000000000000010000000000000000000000000111000001100000000000000000000000000011000000000000000000000000100111000000011000000000000000000000000000000000000000000000000000000010010000000000000000000000000000000000000000000000000100000000000000000000000000000
011000000000000000000000000000000001100000001000000000010110000011000000000000000000000000001100000000000000000000000000000000000000000000000000000000000000000010100000000000000000110000000000000000000000000001111000001100000000000000000000000000000000000000000000000001010000000000000000000100000000
101000000000000000000000000000000000000000000100000100010000000101000000000000000000000000000000000000000000000000000000000000000000000000000000000000000000000010000000000000000000110000000000000000000000000000111000000000000000000000000000000000000000000000000000000001010000000000000000001010000000
100100000000000000000000000000000000000000000011000000010001100001000000000000000000000000000000000000000000000000000000000000000000000000000000000000000000000000000000000000000000000001000000000000000000000010110000000000000000000000000000000000000000000000000000000000100000000000000000001010000000
000100000000000000000000000000000000000000000000000000000001100000000000000000000000000000000000000000000000000000000000000000000000000000000000000000000000000000000000000000000000000010100000000000000000000011000000000000000000000000000000000000000000000000000000000000000000000000000000000100000000
100100000000000000000000000000000000000001110000000000001101100000000000000000000000000000000000000001000000000000000000000000000000000000000000000000000000000000000000000000000000000011000000000000000000000010000010000000000000000011100000000000000000000000000000000000000000000000000000000000000000
101000000001100000000000000000000000000010001000000000000000000000000000000000000000000000001100000010100000110000000000000000000000000000000000000000000000000000000000000000000000000000000000000000000000000000000101000000000000000000000000000000000000000000000000000000000000000000000000000000000000
000000000001100000000000000000000000000100000100000000000000000000000000000000000000000000001010000010110000110000000000000000000000000010000000111000000000000000000000000000000000000000000000000000000000000000000101000000000000000000000000000000100000000000000000000000000000000000000000000000000000
000000000000000000000000111000000100000010001000000000000000001101100000001110000000000000001000001100100000000000000000000000000000000101000000000000000000000000000000000000000000000000000001100000000000000000000010000000000000000000000000000001010000000000000000000000000000000000000000000000000000
000000000000000000000000000000001010000001001000000000000000010100000000011001000000000000000000010000110000000000000000000000000000000110000000000000000000000000000000000000000000000000000010010000000000000000000000000000000000000000000000000001010000000000000000000000000000000000000000000000000000
000000000000000100000010000010000100000001010000000000000000011100000000101000100000000000000000001111100000000000000000000000000000000000000000000000000000000000000000000000000000001100000001100000000000000000000000000000000000000000000000000000100000000000000000000000000000000000000000000000000000
000000000000001010000010000010000000000000000000000000000000000010010001100000000000000000000000000101100101100000000000000000000000000000000000000000000000000000000000000000000000001100000000000000000000001110000000000000000000000000000000000000000000000000000000000000000000000000000000000000000000
000000000000010010000010000010000000000000000000000000000000000000000000100001000000000000000000000001101110100000000000000000000000000000000000000000000000000000000000000000000000000100000000000000000000000000000000000000000000000000000000000000000000000000000000000000000000000000000000000000000000
000000000000001100000000000000000000000000000000000000000000000100001000000000000000000000000000000000000100000000000000000000000000000000000000000000000000000000000000000000000000000111000000000000000001100000000000000000000000000000000000000000000000000000000000000000110000000000000000000000000000
000000000000000000000000111000000000000000000000000000000000000000001100010010000000000000000000000000000000000000000000000000000110000000110000000000000000000000000000000000000000000100100000000000000001100000000000000000000000000000000000000000000000000000000000000000110000000000000000000110000000
000000000000000000000000000000000000000000000000000000000000001000101000000001110000000000000000000000000000000000000000000000001001000000110000000000000000110000000000000000000000000100100000000000000000000000000000000000000000000000000000000000000000000000000000000000000000000000000000000110000000
000000000000000000000000000000000000000000000000000000000000000100110000000001010000001100000000000000000000011000000000000000000110000000000000000000000001001000000000000000000000000010010000000000000000000000000000000000000000000000000000000000000000000000000000000000000000000000000000000000000000
000000000000000000000000000000000000000000000000000000000000000011100000001101100000001100000000000000000000011000000000000000000000000000000000100000010000110000000000000000000000000010100000000000000000000000000000000000000000000000000000000000000000000000000000000000000000000000000000000000000000
000000000000000000000000000000000000000000000000000000000111000000000000000000000000000000000000000000000000000000000000000000000000000000000001010000010000000000000000000000000000000000000000000000000000000000000000000000000000000000000000000000000000000000000000000000000000000000001100000000000000
000000000000000000000000000000000000000010000000000000011001100000000000000000000000000000000000000000000000000000000000000000000000000000000001010000011110000000000000000000000000000100100000000000000000000000000000000000000000000001000000000000000000000000000000000000000000000000001100000000000000
000000000000000000000000000000000000000010000000000100011000010000000000000000000000000000000000000000000000000000000000000000000000000000000000100000000110000000000000000000000000000000000000000000000000000000000000000000000000000001000000000000000000000000000000000000000000000000000000000000000000
000000000000000000000000000000000000000010000000001000000001100000000000000000000000000000000000000000000000000000000000000000000000000000000000000111001001000000000000000000000000000000000000000000000000000000000000000000000000000001000000000000000000000000000000000000000000000000000000000000000000
000000000000000000100000000000000000000000000000001111100000010000000000000000000000000000000000000000000001100011000000000000110000000000000000000000010001000000000000000000000000000111000100000000000000000000000000000000000000000000000000000000000000000000000000000000000000000000000000000000000000
000000000000000001010000000000000000000000010000000111100100100000000000000000000000000000000000000001000001011000000000000000110000000000000000000000010001000000000000000000000000000000000100000000000000000000000000000000000000011100011100000000000000000000000000000000000000000000000000000000000000
000000000000000001001000000000000000000000101000000000000011011000000000000000000000000000000000000011100000001000000000000000000000000000000000000000010001000000000000000000000000000000001000000000000000000000000000000000000000000000000000000000000000000000000000000000000000000000000000000000000000
000000000000000000110000000000011000000000101000000000000001100000000000000000000000000000000000000011100000111000000000000000000000000000000000000000001110001100000000000001000000000000000110000000000000000000000000000000000000000001000000011000000000000000000000000000000000000000000000000000000000
000000000000000000000000000000100100000000010000000000000001010000000000000000000000000000000000000000110110100000000000000000000000000000000000000000001110001100000000000000110000000000101010000000000000000000000000000000000000000001000000011000000000000000000000000000000000000000000000000000000000
010000000000000000000000000000101000000000000000000000000010010000000000000000000000000000000000000000011011000000000000000000000000000000000000000000000000000000000000000001110000000001000000000000000000000000000000000000000000000001000000000000000000000000000000000000000000000000000000000000000000
101000000000000000110000000000010000000000000000000000000001010000000000000000000000000000000000000000001001110000000000000000000111000001000000000000000000001010000000000000001000000011000000000000000000000000000000000000000001000000000000000000000000000000000000000000000000000000000000000000000000
101000000000000000110000000000000000000000000000000000000001000000000000000000000000000000000000000000001000010000000000000000000100010010011100000000000000010010000000000001110001100010010100000000000000000000000000000000000001000000000000000000000000000000000000000000000000000000000000000000000000
010000000000000000000000000000000000000000000000000000000111000000000000000000000000000000000000000110000100000000000000000000011011001010000001000000000000100100000000001111100001110111001010000000000000000000000000000000000001000000010000000000000000111000000000000000000000000000000000000000000000
000000000000000000000000000000000000000000000000000001111111100000000000000000000000000000000000000110000000000000110000000000010000001011001000010000000000000100000100001110000000001110001011000000000000000000000000000000000000000000101000000000000000000000000000000000000000000000000000000000000000
000000000000000000000000000000000000000000000000000010110000010000000000000000000000000000000000000000000000000010000000000000010100011001011100010000000000100010001010001000000000000100110110000000000000000000000000000000000000011100101000000000000010000010000000000000000000000000000000000000000000
000000110000000000000000000000000000000000000000000010001100100000000000000000000000000000000000000000000000001101100000000000001110000001101111001000000000001010010010000000000000000001100010000000000000000000000000000000000000000000010000000000000010000010000000000000000000000000000000000000000000
000000110000000000000000000000000000000000000000000000100000000000000000000000000000001100000000000000000000000111000000000000000000000001110110011000000000001100001100000000000001000000000100000000110000000000000000000000000000000000000000011000000010000010000000000000000000000000000000000000000000
000000000000000000000000000000000001110000000000000001000100000000000000000000000000001100000000000000000000000000000000000000000000001111101110011000000000010000000000000000000010100001000101100000110000000000000000000000000001000000000000011000000000000000000000000000000000000000000000000000000000
000000000000000000000000000000000000000000000000000000101000100000000000000000000000000000000000000000000000000000000001000000000000011110000011101000000000011000000000000000000010010000101011100000000000000000000000000000000010100000010000000000000000111000000000000000000000000000000000000000000000
000000000000000000000000000000000000000000000000000000010001110000000000000000000000000000000000000000000000000000000111000000000000000000000001001000000000000000000000000000000001100000010001100000000000000000000000000000000100100000010000000000000000000000000000000000000000000000000000000000000000
000000000000000000000000000000000000000000000000000000000011011000000000000000000000000000000000000000000000000000000010000000000000000000000001000100000000000000000000000000000000000000000011100000000000000000000000000000000011000000010000000000000000000000000000000000000000000000000000000000001000
000000000000000000000000000000000000000000010000000000000001110000000000000000001110000000000000000000000000000000000010000000000000000000000000101000000000000000000000000000100000000000000001000000000000000000000000000000000000000000000000000000000000000000000000000000000000000000000000000000010100
000000000000000000000000000000000000000000110000000000000000100000000000000000000000000000000000000000000000000000000010100000000000000000000000000000000000000000000000000001010000000000000000000000000000000000000000000000000000000111000111000000000000000000000000000000000000000000000000000000010100
000000000000000000000000000000000000000000110000000000000000000000000000000000000000000000000000110000000000000000000000010000000000000000000000000000000000000000000000000001010000000000000000000000001110000000000000000000000000000000000000000000000000000000000000000000000000000000000000000000001000
000000000000000000000000000000000000000000100000000000000000000000000000000000000000000000000000110000000000000000000000011000000000000000001000000000000000000000000000000000100000000000000000000000000010000000000000000000000000000000010000000000000000000000000000000000000000000000000000000000000000
000000000000000000000000000000000011000000000000000000000110000000000001000000000000000000000000000000000000000000000000110000000000000000110000000000000000000000000000000000000000000000000000000001010110000000000000000000000000000000010000000000000000000000000000000000000000000000000000000000000000
000000000000000000000000000000000011000000000000000000000110000000000010100000000000001110000000000000000000000000100000100000000000000000011000000000000000000000000000000000000000000000000000000000101000000000000000000000000000000000010000000000000000000000000000000000000000000000000000000000000000
000000000000000000000000000000000000000000000000000000000000000000000010100000000000000000000000000000000000000000110000000000000000000000000000000000000000000000000000000000000000000000000000000001101000000000000000000000000000000000000000000000000000000000000000000000000000000000000000000000000000
000000000000000000000001000000000000000000000000000000000000000000000001000000000000100000100000000000000000000001100000000000000000000000000000000000000000000000000000000000000001100000000000000000000000000000000000000000000000000000000000000000000000000000000000000000000000000000000000000001100000
000000000000000000000001000000000000000000000000000000010000000000000000000000000000100000100000000000000000000000000000000000000000000000000000000000000000010000000000000000000010100000000000000000000000011000000000000000000000000000000000000000000000000000000000000000010000000000000000000001100000
000000000000000000000001000000000000000000000000000000010000000110000000000000000000100000100000000000000000000000000000000000000000000011000000000000000000101000000000000000000011000000000000000000000000101000000000000000000000000000000000000000000000000000000000000000101000000000001110000000000000
000000000000000000000000000000000000000000000100000000010000000110000000000000000000000000000000000000000000000000000000000000000000000011000010000000000000101000000000000000000000000000000000000000000001010000000000000000000000000000000000000000000000000000110000000000101000000000000000000000000000
000000000000000000011100000000000000000000001010000000000000000000000000000000000000001110000000000110000000011001000000000000000000000000000010000000000000010000000000000000000000000000000000000000000000100000000000000000000000000000000000000000000000000001001000000000010000000000000000000000000000
000000000000000000000000000000000000000000000110000111000111000000000000000000000000000000000000000110000000111010010000000000000000000000000010000000000000000000000000000000000000000000000000000000000000000000000000000000000000000000000000000000000000000000110000000000000000000000000000000000000000
000000000000000000000000000000000000000000000000000000000000000000000000000000000000000000000000000000000000000001111001000000000000000000000000000000000000000000000000000000000000000000000000000000000000000000000000000000000000000000000000000000000000000000000000001100000001100000000000000000000000
000000000000000000000011000000000000011000000000000000010000000000000000000000000000000000000000000000001110000000100010000000000000000000000000000000000000000000000000000000000000000000000000000010000000000000000000000000000000000000000000000000000000000000000000010010000001100000000000000000000000
000000000000011100000011000000000000100100000000000000010000000000000000000000000000000000000000000000000000000000110001000000000000000000000000000000000000000000000000000000000000000000000000000101000000000000000000000000000000000000000000000000000000000000000000001100000000000000000000000000000000
000000000000000000000000000000010001001000000000000000010000000000000000000000000000000000000000000000000000000000010010000000000000000000000000000110000000000000000000000000000000000000000000000101000000000000000000000000000000000000000000000000000000000000000000000000000000000000000000000000000000
000000000000000000000000000000010000110000000000000000000000100000000000000000000000000000000000000000000000000000001100000000000000000000000000000110000000000000000000000000000000000000000000000010000000000000000000000000000000000000000000000000000000000001100000000000000000000000000000000000000000
000000000000000000000000000000010000000000000000000000000000100000000000000000111000000000000000000000000000000000000000011100001100000000000000000000000000000000000000000000000000000000000000000000000000000000000000000000000000000000000000000000000000000001100000000000110000000000000000000000000000
000000000000000000000000000000000000000000000000000000000000100000000000000000000000000000000000000000000000000000000000000000001100000000000000000000000000000000000000000000000000000000000000000000000000000000000000000000000000000000000000000000011000000000000010000000110000000000000000000000000000
000000000000000000000000000111000111000000000000000000000000000000000000000000000000000000000000000000000000000000000000000001000000000000000000000000000000000000000000000000000000000000000000000000000000000000000000000000000000000000000000011000010100000000000101000000000000000000000000000000000000
000000000000000000000000000000000000000000000000000000001110001110000000000000000000000000001100000000000000000000000000000001000000000000000000000000000000000000000000000000000000000000000000000000000000000000000000000000000000000000000000100100001000000000001010000000000000000000001100000000000000
000000111000000000000000000000010000000000000000000000000000000000000000000000000000000000010010000110000000111000000000000001000000000000000000000000000000000000000000000001000000110000000000000000000000100000000000000000000000000000000000101000000000000000001100000000000000000000001100000000000000
000000000000000000000000000000010000000000000000000000000000100000000000000000000000000000010010000110000000000000000000000000000000000000000000000000000000000000000000000010100000110000000000000000000001110000000000000000000000000000000000010000000000000000000000000000000000000000000000000000000000
000010000010000000000000000000010000000000000000000000000000100000000000000000000000000000000010000000000000000000000000000000000000000000000000000000000000000000000000000010100000000000000000000000000000001000000000000000000000000000000000000000000000000000000000000000000000011000000000000000000000
000010000010000000000110000000000000000000000000000000000000100000000000000000000000000000010010000000000000000000000000000000000000000000000000000000000000000000000000000001000000000000000000000000000011000100000011000000000000000000000000000000000000000000000000000000000000011000000000000000000000
000010000010000000000110000000000000000000000000000000000000000000000000000000000000000000010110000000000000000000000000000000000000000000000000000000000000000000000000000000000000000000000000000000000001000000000011000000000000000000000000000000000000000000000000000000000000000000000000000000000000
000000000000000000000000000000000000000000000000000000000000000000000000000010000000000000111000000000011100000000000000000000000000000000000010000000000000000000000000000000000000000000000000000000000000000000000000000000000000000000000000000000000000000000000000000000000000000000000000000000000000
000000111000000000000000000000000000000000000000000000000000000000000000000101000000000000100000000000000010000000000000000000000000000000000010000000000000000000000000000000000000000000000000000000000001001000000000000000000000000000000000000000000000000000000000000000000000000000000000001000000000
000000000000000000000000000000000000000000000000000000000000000000000000000101000000000001000000000000000010000000000000000000000000000000000000000000000000000000000000000000000000000000000000000000000001001000000000000000000000000000000000000000000000001100000000000000000000000000000000010100000000
001000000000000000000000000000000000000000000000000000000011000000000000000010000000000011100000000000110100000000000000000000000000000000000000000000000000000000000000110000000000000000000000000000000001100000001000000000000000000000000000000000000000001100000000000000000000000000000000010100000000
001000000000000000000000000000000000000000000000000000000011000000000000000000000000000010010000000000100100000000000000000000000000000000000001110000000000000000000000110000010000000000000000000000000000110000001000000000000000000000000000000000000000000000000000000000000001000000000000001000000000
001000000000000000000000000000000000000000000000000000000000000000000000000000000000000000100000000000010001000000100000000000000000000000000001110000000000000000000000000000010000000000000000000000000000011111010101000000000000000000000000000000000000000000000000000000000001000000000000000000000000
000000011000000000000000000000000110000000000000000000000000000000000000000001000000000100010000000000000001000010111000000000000000000000000000000000000000000000000000000000010000000000000000000000000000000001010111100000000000000000000000000000000000000000000000000000000001000000000000000000000000
000000100100000000000000000000000110000000000000000000000000000000000000000010100000000100010000000000010101100000001100000000000000000000000000000000000000000000000000000000000000000000000000000000000000001111000000010000000000000000000000000000000000000000000000000000000000000000000000000000000000
000000010100000000000000000000000000000000000000000000000000000000000000000100100000000100010000000000111000101000011000000000000000000000001100000000000000000000000000000000000000000000000000000000000000001111101111100000000000000000000000000000000000000000000000000000011100011100000000000010000000
000110001000000000000000000000000000000000000000000000000000000000000001100011000000000011100000011000000000011000010000000000000000000000000110110000000000000000000000010000000000000000000000000000000000000010110001000000000000000000000000000000000000000000000000000000000000000000000110000101000000
000110000000000000000000000000000000000000000000000000000000000000000001100000000000000000000000011000010100001100000000000000000110000000000000010000000000000000000000101000000000000000000000000000000001100100100000000000000000001000000000000000000000001000000000000000000001000000000110000101000000
000000000000000000000000000000000000000000000000000000000000000000000000000000000000000000000000000000001100000100000000000000000110000000000001100000000000000000000000101000000000000000000000000100000010010100100000000000000000010100000111000000000000010100000000000000000001000000000000000010000000
000000000000000000000000000000000000000000000000000000000000000000000000010000000000000000000000000000001000000000000000000000000000000000000000000000000000000000000000010000000000000000000000001010000001100011000000000000000000110110000000000000000000101000000000000000000001000000100000000000000000
000000000000000000000000000001110000000000000000000000000000000000000001101000000000000000000000000000000000000000000000000000000000000000000000000000000000000000000000000000000000000000000000001010000000000000000000000000000000100100000000000000000000110000000000111000000000000000100000000000000000
000000000000000000000000000000000000000000000000000000000000000000000010001000000000000000000000000000000000000000000000000000001000000000000000000000000000000000000000000000000000000000000000000100000000000000000000000000000000011000000000000000000000000000000000100100000000000000100000000000000000
000000000000000000000000000000000000000000000000000000000000000000000000111100000000000000000000000000000000000000000000000000010100000000000000000000000000000000000000000000000000000000000000000000000000000000000000000000000000000000000000000000000000000000000011000100000000000000000000000000000000
000000000000000000000000000000000000000000000000000000000000000000001001001100000000000000000000000000000000000000000000000000001000000000000000000000000000000000000000000000000000000000000000000000000000011000000110000000000000000000000011000000000000000000000100000010000000000000000000000000000000
000000000000000000000000000000000000000000000000000000000000000000000000001100000000000000000000000000000000000000000000000000000000000000000000000000000000000000000000000000000000000000000000000000000000011000001001000000000000000000000011000000000000000000000000100010000000000000000000000000000000
000000000000000000000011000000000000000000000000000000000000000000010100000000000000000000000000000000000000000000000000000000000000000000000000000000000000000000000000000000000000000000110000000000000000000000000110000000000000000001110000000000000000000000000110100000000000000000011000000000000000
000000000000000000000011000000011000000000000000000000000000000000111111000000000000000000000000100000000000000000000000000000001000000000000000000000000000000000000000000000000000000000110000000000000000000000000000000000000000111000000000000000110000000000000111001110000000000000011000000000000000
000000000000000000000000000000011000000000000000000000000000000001100111000011000000000000000000100000001110000000000000000000010100000000000000000000000000000000000000000000000000000000000000000000000000000000000000000000000001001100000000000001100010000000000000000000000000000000000000000000000000
000000000000000000011000000000000000000000000000000000000000000001100000001000000000000000000000100000000000000000000000000000010100000000000000000000000000000000000000000000000000000000000000000000000000000000000000000000000000111110000000000010011110000000000000000000000000000000000000000000000000
000000000000000000100100000000000000000000000000000000000000000000011000000001000000000000000000000000000000000000000000000000001000000000000000000000000000000000000000000000000000000000000000000000000000000000000000000000000000000101000000000001101100000000000000000000000000011000000000000000000000
000000000000000000011000000000000000000000000000000000000000000000000000000000000000000000001110000000000000000000000000000000000000000000001100000000000000000000000000000000000000000000000000000000000000000000000000000000000000000011000000000000100000110000000000000000000000100100000000000000000000
000000000000000000000000000000000000000000000000000000000000000001111000000001000000000000000000000000000000000000000000000000000000000000001100000000000000000000000000000000000000000000000000000000000000000000001100000000000000000010000000000000000000110000000000000011000000010100000000000000000000
000000000001100000000000000000000000000000000000000000000100000001000000010001000001100000000000100000000001110000000000000000000000000000000000000000000000000000000000000000000000000000000000000011100000000000010011000000000000100000000000000000011000000000000000000011000000001000001000000000000000
000000000001100000000000000000000000000000000000000000001110000000001000000001000001100000000000100000000000000000000000000000000000000000000000000000000000000000000000000000000000000000000000000000000000000000010000100000000001100000000000000000010100000000000000011100011000000000010100000000000000
000000000110000000000000000000000000000000000000000000011101000000000000110110000000000000000000100000000000000000000000000000000000000000000000001000000000000000000000000000000000000000000000000000000000000000001000100000000011100000000000000000010100000000000000011100011000000000100100000000000000
000000000110000000000000000000000000000000000000000000100001000000000000010000000000000000000000000000000000000000000000000000000000000000000000001000000000000000000000000000000000000000000000000000000000000000000111000000000011000000000110000000111000000000000000011100000000000000011000000000000000
000000000000000000000000000000000000000000000000000001100010000000010000100000000000000000000000000000000000110000000000000000000000000000000000001000000000001000000000000000000000000000000000000000000000000000000000000000000011000000000101100000110000000000000000000000000000000000000000000000000000
000000000000000000000000000000000000000000000000000001000110000000001000100000000000000000000000000000000000110000000000000000000000000000000000000000000000001000000000000000000000000000000000000000000000000000000000000000000000100010000010011000100000000000000000010100000000000000000000000000000000
000000000000000000000000000000000000000000000000000000110000000000000100100000110000000000000000000000000000000000000000000000000000000000011000000000000000001000000000000000000000000000000000000000000000000000000000000000000000101010000000100000000000000000000000101010000000000000000000000000000000
001100000000000000000000000000000000000000000000000000111110000000000111000000000000000000000000000000000000000000000000000001000000000000100100000000000000000000000000000000000000000000000000000000000000000000000000000000000000000001000000000000000000000000000000000000000000000000000000000000000000
001100000000000000000011100000000000000000000000000000000000000000000000000000000000000000000000000000000000000000000000000011000000000000011000000000000000000000010000000000000000000000000000000001100000000000000000000000000000001110001110000000000000000000000010000000100000000000000000000000000000
000000000000000000000000000000000001100000000000000000000000000000000000000000000000000000000000000000000000000000000000000011000000000000000000000000000000000000010000000000000000000000000000000010011000000000000000000000000000000110001001100000000000000000000100000000010000000000000000000000000110
000000000000000000000000000000000010010000000000000000000000000000000000000000101000000000000000000000000000000000000000000000000000000000000000000000000000000000010000000000000000000000001100000010000100000000000000000000000000000100001100100000000000000000000010000000100000000000000000000000000110
000000000000000000000000000000000001100000000000000000000000000000000000000000101100000000000000000000000000000000000000000000011000000000000000000000000000000000000000000000000000000000001100000001000100000000000000000000000000000000000011100000000000000000000100000000010000000000000000000000000110
000000000000000000000000000000000000000000000000000000000000000000010000000000001000000000000000000000000000000000000000000000011100000000000000000000000000000000000111000000000000000000000000000000111000000000000000000000000000000000000000000000000000000000000010000000100000000000000000000000000100
000000000000000000000001100000000001100000000000000000000000000001100100000000000000000000000000000000000000000000000010000000000100000000000000000000000000000000000000000000000000000000000000000000000000000000000000010000000000000000000000000000000010000000000000000000000000000000000000000000011010
000000000000000000000001100000000010010000000000000000000110000000111000000000000000000000000000000000000000000000000101000001101000000000000000000000000000000000000000000000000000000000000000000000000000000000000000101000000000000000000000000000000101000000000000101010000000000000000000000000011000
000000000000000000000000000000000001100000110000000000000110000000010000000000000000000000000000000000000000011000000110000011101100000000000000000000000000000000000000000000000000000000000000000000000000000000000010000000000000000000000000000000000110000000000000010100000000000000000000000000001100
110000000000001100000000000000000000000001001000000000000000000000000000000000000000000000000000000000000000011000000000000010000000000000000000111000000000000000000000000000000000000000000000011100000000000000000010110000000000000000000000000000000000000000000000000000000000000000000000000000000000
110000000000001100000000000000000000000000110000000000010000010000000000000000000000000000000000000000000000000000000000000100000000000000000000000000000000000000000000000000000000000000000000000000000000000000000000000001100000000000000000000000000000000000000000000000000000000000000000000000000000
000000000000000000000000000000000000000000000000000000010000010000000000000000000000000000000000000000000000000000000000011100111000000000000000000000000000000000000000000000000000000000000000000000000000000000000000000001001100000000000000000000000000000000000000000000000000000000000000000000000000
000000000000000000000000000000000000110000000000000000010000010000000000000000000000000000000000000000000000000000000000000000100000000000000001000000000000000000000000000000000000000000000000000000000001100000000111000000000000000000000000000000000000000000000000000000000000000000000000000000000000
000000000000000000010000000000000001001000000000000000000000000000000000000000000000000000000000001100000000000000000001000001100000000000000001000000000000000000000000000000000000000000000000000000000001100000011110000001101011000000000000000000000000000000000000000000000000000000000000000000000000
000000000000000000101000000000000000110000000000000000000111000000000000000000000000000000000000010100000000000000000001000011100000000000000001000000000000000000000000000000000000000000000000000000000000000000101000000000100011000000000000000000000000000000000000000000000000000000000000000000000000
000000000000000000101000000000000000000000000000000000000000000000000000000000000000000000000000001000000000000011000001000001100000000000000000000000000000000000000000000000000000110001000000000000000000000000010000000001001011000000000000000000000000000000000000000000000000000000000000000000000000
000000000000000000010000000000000000000000000000000000000000000000000000000000000001100011000000000000000000000111000000000000000000000000000000000000000000000000000000000000000001010010100000000000000000000000000000011001100000000000000000000000000000000000000000000000000000000000000000000000000000
000000000000000000000000000000000000000000000000000000000000000001010000000000000001100100100000000000000000001110100000000000000000000000000000000000000000000000000000000000000001000100010000000000000000000000000000011000001100000000000000000000000000000000000000000000000000000000000000000000000000
000000000000000000000000000000000000000000000000000000000000000001100000000000000000000011000000000000000000011101000000000000000000000000000000000000000000000000000000000000000001010010100000000100000000000000000000000000000000000000000000000000000001110000000000000000000000000000000000000000000000
000000011100000000000000000000000000000000000000000000000000000000100000000000000000000000000000000000000000001111000000000000000011000000011000000000000000000000000000000000000000110001000000001010000000000000000000000000000000000000000000000000000001001000000000000000000000000000000000000000000000
000000000000000000000000000000000000000000011100000000000000000000000000000000000000000000000000000000000000000110000000000000000100110000011000000000000000000000000000000000000000000000000000001010000000000000000000000000000000000000000000000000000000000000000000000000000000000000000000000000000000
000000000001000000000000000000000000000000110011000000000000000000000000000000000000000000000000000000000000000000000000000000001000101000000000000000000000110000000000000000000000000000000000000100000010000000000000000000000000000000000000000000000011000100110000000000000000000000000000000000000000
000000000001000100000000000000000000000000111110000000000000000000000000000000000000000000000000000000000000000000000000000000010000011100000000000000000000001000000000000000000000000000000000000000000010000000000000000000000000011100000000000000000010000011110000000000000000000000000001100000000000
000000000001000100000010000000000000000000101100000100000000000000000000000000000000001110000000000000000000000000000000000000010010011100000000000000000000001110000000000000000000000000000000000000000010000000000000000000000000000000000000000000000000001001000000000000000000000000000001100000000000
000000000000000100000010000000000100000000000000001010000110000000000000000000000000000000000000000000000000000000000000000000010010001011001100000000000000101110000111110000000000000000000000000000000000000000000000000000000000000001000000010000000000000000000000000000000000000000000000000000000000
000000000000000000000010000011101010000000000000001010000110000000000000000000000000000000000000000000000000000000000000000000001100010011100000000000000011000000001111111100111000000000000000000000000000000000000000000000000000000001000000010000000001101010000000000000000000000000000000000000110011
000001000000000000000000000001010000000000000000000100000000000000000000000000000000000000000000000000000000000000000000000000000000000110110000000000000000100000011000000111000100000000000000000000110000000000000000000000000000000001000000010000000000000000000000000000000000000000000000000000110011
000001000000000000000000000000000000000000000000000000000000000000000000000000000000000000000000001100000100000000000000000000000000000001100000000000000000000000000001001111101100000000000000000000110000000000000000000000000000000000000000000000000000101000000000000000000000000000000000000000000000
000001000000000000000000000000111100000010000100000000000001110000000000000000000000000000000000010100001010000000000000000000000000011111000000000000000000000000000000110000000000000000000000000000000000000000000000000000000000000000000000000000000000010000001100000000000000000000000000000000000000
000000000000000000000000000000000000000101001100000000000000000000000000000000000000000000000000000100000110000000000000000000001100000000000000000000000000000000000000000000000000000000100000000000000011100000000000000000000000000000000000000000000000000000001100000000000000000000000001000000000000
000000000000000000000000000000000000000101000110000000000000000000000000000000000000000000000000000000000000000000000000000000010010000000000000000000000000000000000000000010000000000001110000000000000000000000000000000001100000000000000000000000000000000000000000000000000000000000000001000000000000
000000000000000000000000000000000000000001000000000000000000000000000000000000000000000000000000000000000000000000000000000000001100000000000000000000000000000000000000001101100000000011011000000000000000000000000000000001100000000000000000000000000000000010000000110000000000000000000001000000000000
000000000000000001100000000000000000000000000000011000000000000000000000000000000000000000000000000000000000000110000000000000000000000000000000000000000000000000000000000000010000000100101000000000000000000000000000000000000000000000000000000000000000001111000000110000000000000000000000000000000000
000000000000000001100000000000000000000000110000000100000000000000000000000000000000000000000000000000000000000110000000000000000000100000000000000000000000010000000000010111110000011101101000000000000001000000000000000000000000000000000000000000000000010000000000000000000000000000001000000000000000
000000000000000000000000000000000000000000110001001000000000000000000000000001100000000000000000000000000000000000000000000000000001010000000000000000000000101000000001001000000000000011000000011100000001000000000000000000000000000000000000000000000000011010000000000000000000000000001000000000000000
000000000000000000000000000000000000001110110010110000000000000000000000000010010000000000000000000000000000000000000000000000000001010000000000000000000001100000100001001000000000100001010000000000000001000000000000000000000011000010000000000000000000000000100000000000000000000000001000000000000000
000000000000000000000000000000000000000000000001100000000000000000000000000010100000000000000000000000000000000000000000000000000000100000000000000000000000001100100001000100000011000001001000000000000000000000000000000000000000100101000000000000000000000101100000000000000000000000000000000001000000
000000000000000000000000000000000000000000000000000000000000000000000000000001000000000000000000000000000000000000000000000000000000000000000000000000000000001100000000010100000011010001110100000000000000000000000000000000000100000010000000000000000000000100111000000000000000000000000000000010100000
000000000000000000000000000000000000000000000000000000000000000000000000000000000000000000000000000000000000000000000000000000000000000000000000000000000000000010011000001000000001001001000000000000000011100000000000000000000011000000000000000000000000000101000000000000000000000000000000000010100000
000000000000000000000000000000000000000000000000000000000000000000000000000000000000000000000000000000000000000000000000000000000000000000000000000000000000000100011000000000000011000000000000110000000000000000000000000000100000000000000000000000000000000111000000000000000000000000000000000001000000
000000000000000000000000000000000000000000000000000000000000000000000000000000000000000000000000000000000000000000000000000000000000100000000000000000000000000010110000000000000001100000000000110000001000000000000000000000100000000000000000000000000000000000000000000000100000000000000000000000000000
000000000000000000000000000000000000000000000000000000000000000000000000000000000000000000000000000000000000000000000000110000000001010000000000000000000000000001000000000000000110100000000000001000001000000000000000000000100000000000000000000000000000000000000000010101001000011000000000000000000000
000000000000000000000000000000000000000000000000000000000000000000000000000000000000000000000000000000000000000000000000110000000001010000000000000000000000000000000000000000000010000000000000110000001000000000000000000000000000000000000000000000000000000000000000110101000100011000000000000000000000
000000100000000000000000000000000000000000000000000000000011000000000000000000000000000000000000000000000000000000000000000000000000100000000000000000000000000000000000000000000110000000000000110000000000000000000000000000000000000000000000000000000001100000011100010011000100000000000000000000000000
000001010000000000000000000000000000000000000000000000000011000000000000000000000000000000000000000000000000000000000000000000000000000000000000000000000000000000000000000000000000001001000000000000000000000000000000000000000001000000000000000000000000000001111000011010010100000000000000000000000000
000001010000000000000010000000000000000000000000000000000000000000000000000000000000000000000000000000000000000000000000000000011000000011000000000000000000000000000000001100000011110001110100000000000000000000000000000000000001000000000000000000000000000000010000001010000000000000000000000000000000
000000100000000000000010011100000000000000000000000000000000000000000001100000000000000000000000000000000000000000000000000000100100000100100000000000000000000000000000001010000001000001001000000000000000000000000000000000000001000000000000000000000000001001010000000100000000000000000000000000000000
000000000000000000000010000000000000000000000000000000000000000000000001100000000000000000000000000000000000000000000000000000011000000011000000000000000000000000000010000100000001100001010000000000000000000000000000000000000000000000000000000000000000011011100000000000000000000000000000000000011000
000000000000000000000000000000000000000000000000000000000000000000000000000000000000000000000000000000000000000000000000000000000000000000000000000000000000000000000101000000000000000011000000000000000000000000000000000000000000000000000000000000000000110000000000000000000000000000000000000000011000
000000110000000000000000000000000000000000000000000000000000000000000000000000000000000000000000000000000000000110000000000000000000100000000000000000000000000000000110000000000000011101101000000000000000000000000000000000000000000000000000000001000000110001100000000000000000000000000000000000000000
000000110000000000000000000000000000000000000000001100000000000000000000000000000000000000000000000000000000001001000000000000000001010000000000000000000000000000000000000000000000001100101000000000000000000000000000000000000000000000000000000110000000000001100000110000000000000000000000000000000000
000000000000000000000000000000000000000000000000001100000000000000000000000000000000000000000000000000000000000101000000000000000001010000000000000000000000000000000000000000000000001011011000000000000000000000001000000000001100000000000000000011000000011001010000101000000000000000000000000110000000
000000000000000000000000000000000000000000000000000000000000000000000100000000000000000000000000000000000000000010000000000000000000100000000000000100000000000000000000001100000000111001110000000000000000000000011110000000010010000000000000000000000000000000000000001100000011000000000000000110000000
000000000000000000000000000000000000000000000000000000000000000000001111000000000000000000000000000000010000000000000000000000000000000010000000000100000000000000000111110100000000000001000000000000000000000000110000000000001100000000000000000000000000000010110000011100000100100000000000000000000000
000000000000000000000000000000000000000000000000000000000000000000010011000000000000000000000000000000101000000000000000000000000000000101000000000100000000000000001001111000001100000001000000000000000000000001101101100000000000000000000000000000000000100000000000000100000011000000000000000000000000
000000000000000000000000000000000000000000000000000000000001110000011000100000000000000000000000000000100100000000000000000000011000000101000000000000000000000000000100010000001100000010100000000000000000000000110100010000000000000000000000000000000000010000000000000111000000000000000000000000000000
000000000000000000000000000000000000000000000000000000000000000000010000010000000000000000000000000000011000000000000000000000100100000010000000000000000000000000000100100000000000000010100000000000000000000000011000010000000000000011000000000000000000001110000000000000000000000000000000000000000000
000010000000000000000000000000000000000000000000000000000000000000000001100000000000000000000000000000000000000000000000000000100100000000000000000110000000000000000011100000000000000001000000000000000000000000001111100000000000000100100000000000000000000000000000000000000000000000000000000000000000
000101000000000000000000000000000000000000000000000000000000000000110101000000000000000000000000000000000000000000000000000000011000000000000000001001000000000000000000000000000000000000000000000000000000000000000000000000000000000101000000000000001100000000000000001000000000000000000000000000000000
000110000000000000000000000000000001000000000000000000000000000100101010000000000000000000000000000000000000000000000000000000000000000000000000000110000000000000000000000000110000000000000000000000000000000000000000000000000000000010000000000000001100000000000000010100000000000000000000000000000000
000000000000000000001100000000000010100000000000000000000000010010101011000010000000000000000000000000000000000000000000000000000000000000000000000000000000000000000000000000101000000000000000000000000000000000000000000000000000000000000000000000000000000000000000010100000000000000000000000110000000
000000000000000000010010000000000010010000000000000000000000000010011000000011100000000000000000000000000000000000000000000000000000000000000000000000000000000000000000000000010000000000000000000000000000000000000000000000000000000000000000000000000000000000000000001000000000000000000000000110000000
000000000000000000001100000000000001100000000000000111000000000011110110100000100000000000000000000000000000000000000000000000000000000000000000000000000000000000000000000000000000000000000000000000000000000000000000001000000000000000000000000000000011000000000000000000000000000000000000000000000000
000000000000000000000000000000000000000000000000000000000000001100000000000001000000000000000000000000000011000000000000000000000000000000000000000000000000000001100000000000000000000000000000000000000000000000000000010100000000000000000000000001000011000000000000000000000000000000000000000000000000
000000000000000000000000000000000000000000000000000101001100011000000000011000000000000000000000000000000100100000000000000000000000000000000000000000000000000001100000000000000000000000000000000000000000000000000000010100000000000000000000000010100000000000000000000110000000000000000010000000000000
000000000000000000000000000000000000000000000000000010001100110000000000000011000000000000000000000000000011000000000000000000000000000000000000000000000000000000000000000000000000000000000000000000000000000000000000001000000000000000000000000010100000000000000000000110000000000000000101000000000100
000000000000000000000000000000000000000000000000000000000000110000010000110111000000000000000000000000000000000000000000000000000000000000000001110000000000000000000000000000000000000000000000000000000000001100100010000000000000000000000000000001000000000000000000000000011100000000000101000000001010
000000000000000000000000000000000000000000000000000000000000110100010001010000000000000000000000000000000000000000000000000000000000000000000000000000000000000000000000000000000000000000000000000000001000000010101101000000000000000000000000000000000000000001100000000000000000000000000010000000001001
000000000000000000000000000000000000000000100000000000000000001000010010000000000000000000000000000000000000000000000000000000000000000000000000000000000000000000000000000000000000000000000000000000011100000001000100100000000000000000000000000000000000000001100000000001000001000000000000000000000110
000000000000000000000000000000000000000001010000000000001000000000000011000000000000000000000000000000000000000000000000000000000000000000000000000000000000000000000000000000000000000000000000000000011110000000011101000000000000000000000000000000000000000000000000000001000001000000000000000000000000
000000000000000000000000000000000000000001010000000000001100000000000110000000000000000000000000000000000011000000000000000000000000000000000000000000000000000000000000000000000000000000000000000001000000001110010000000000000000000000000000000000000000000000000000000001000001000000000000000000000000
000000000000000000000000000000000000000000100000000000001110000000000000000000000000000000000000000000000011000000000000000000000000000000000000000000000000000000000000000000000000000000000000000110000000001010000000000000000000001100000000000000000000000000000000000000000000000000000000000000000000
000000000000000000000000000000000000000000000000000000001100000000000000000000000000000000000000000000000000000000000000000000000000000000000000000000000000000000000000000000000000000000000000000110010000000110000000110000000000001100000000000000000110000000000000000000011100000000000000000000000000
000000010000000000000000000000000000000000000000000000001000000000000000000000000000000000000000000000000000000000000000000000000000000000010000000000000000000000000000000000000000000000000000000000000000010000000000101000000000000000000000000000000110000000000000000000000000000000000000100000000000
000000010000000111000111000000000000000000000000000000000000000000000000000000000000000000000000000000000000000000000000000000000000000000010000000000000000000000000000000000000000000000000000000000000000101000000000000100000000000000000000000000000000000000000000000000000000000000000000100000000000
000000010000000000000000000001110000000000000000000000000000000000000000000000000000000000000000000000000000000000000000000000000000000000010000000000000000000000000000000000000000000000000000000000000000001100000000100000000000000001110000000000000000000000000000000000000000000000000000100000000000
000000000000010000101000010000000000000000000000000000000000000000000000000000000000000000000000000000000000110000000000000000000000000000000000000000000000000000000000000000000000000000110000000000000010001100000011000000000000000000000000000000000000000000000000000000000000000000000000000000000000
000000000000010000101000010000000000000000000000000000000000000000000000000000000000000000000000000000000000110000000000000000000000000000000000000000000000000000000000000000000000000001001000000000000010010000000100000000000000000000000000000000000000000000001100000000000000000000000000000000000000
000110000000010000101000010000000000000000000000000000000000000000000001100000000000000000000000000000000000000000000000000000000000000000000000000000000000000000000000000000000000000001001000000000000010001100000010001000000000000000000000000000000000000000001100000000000000000000000000000000000000
000110000000000111000111000000000000000000000000000000000000000000000001100000000000000000000000000000000000000000000000000000000000000000000000000000000000000000000000000000000000000000110000000000000001110000000001110000000000000000000000000000000000000000000000000000000000000000000000000000000000
