300 300
000000000000001100000000000000000000000000000000000000000000000000000000000000000000000111000111000000000000000000000000000000000000000000010000000000000000000000000000000000000000000011000000000000000000000000000000000000000000000000000000000000000000000000000000000000000000000000000000000000000000
000000000000010010011100000000000000000000000000000000000000000000000000000000000000010000101000010000000000000000000000000000000000000000101000000000000000000000000000000000000000000000100000000000001110000000000000000000000000000000001100000000000000000000000000000000000000000000000111000000000000
000000000000001100000000000000000000000000000000000000000000000000000000000000000000010000101000010000000000000000000000000000000000000000101000000000000000000000000000000000000000001100000000011100000000000000000000000000000000000000010010000000000000000000000000000000000000000000000000000000000000
000000000000000000000000000000000000000000000000000000000000000000000110000110000000010000101000010000000000000000000000000000000000000000010000000000000000000000000000000000000000010000100000001110000000000000000000000000000000000000010100000000000000000000000000000000000000000000000000000000000000
000000000000000000000000000000000000000000000000000000000000000000001001000110000000000000000000000000000000000000000000000000000000000000000000000000000000011000000001110000000000011000000000001001000000000000000000000010000000000000001000000000000000000000000000000000000000000000000000000000000000
000000000000000000000000000000000000000000000000000000000000000000000110000000000000000111000111000000000000000000000000000000000000000000000000000000000000011000000000000000000000110000000000000011000000000000000000001101100000000000000000000000000000000000000000000000000000000000000000000000000000
000000000000000000000000000000000000000000000000000000000000000000000000000000000000000000000000000000000000000000000000000000000000000000000000000000000000000000000000000000000000010000000001000000100000000000000000001100110001000000000000000000000000000000000000000000000000000000000000000000000000
000000000000000000000000000000000000000000000000000000000000000000000000000000000000000000000000000000000000000000000000000000000000000000000000000000000000000000000000000000000000111000000011000000100000000000000000000100110001000000000000000000000000000000000000000000000000000000000000000000000000
000000000000000000000000000000000000000000000000000000000110000000000000000000000000000000000000000000000000000000000000000000000000000000000000000000000000000000000000000000000000000000000100100000000000000000000000010000011001000000000000000000000000000000000000000000000000000000000000000000011000
000000000000000000000000000000000000000000000000000000000101000000000000000000000000000000000000000000000000000000000000000000000000000000000000000000000000000000000000000000000000000000000011010000000000000000000000000010111100000000000000000000000000000000000000000000000000000000000000000000011000
110001100000000000000000000000000000000000000000000000000010000000000000000000000000000000000000000000000000000000000000000000000000000000000000000000000000000000000000000000000000000000000000101100000000000000000000010110010100000000000000000000000000000000000000000000000000000000000000000000000000
110001100000000000000000000000000000000000000000000000000000000000000000000000000000000000000000000000000000000000000000000000000000000000000000000000000000000000000000000000000000000000000000101000000000000000001000001000110010000000000000000000000000000000000000000000000000000000000000000000000000
000000000000000000000000000000000000000000000001000000000000000000000000000000000000000000000000000000000110000000000000000000000000000000000000000000100000000000000000000000000000000000000000010000000000000000010100000000000100000000000000000000000000000000000000000000000000000000000000000000001100
000000000000000000000000000000000000000000000001000000000000011000000000000000000000000000000000000000000110000000000000000000000000000000000000000001110000000000000000000000000000000000000000000000000000000000100100000000000010000000000000000000000000000000000000000000000000001100000000010000001100
000000000001100011000000000000000000000000000001000000000000011000000000000000000000000000000000000000000000000000000000000000000000000000000001100001010000000000000000000000000000110000000000000000000000000001100010000000000100100000000000000000000000000000000000000000000000001100000000101000000000
000000000001100011000000000000000000000000000000000000000000000000000000000000000000000000000000000000000000000000000000000000000000000100000001110000000001100000000010000000000001001000000000000000000000000000101110111000000100010000000000000000000000000000000000000000000000000000000000001100000000
000000000000000000000000000000000000000000110000000000000000000000000000000000000000000000000000000000000000000000000010000000000000001010001111010000000001100000000101000000000000110000010000000000000000000000010001000100000010100000000000000000000000000000000000000000000000000000000000011100000000
000000000000000000001100000000000000000000110000110000000000000000000000000000000000000000000000000100000000000000000010000000000000000110000001010000000000000000000110000000000000000000010000000000000000000000001110010000000001000000000000000000000000000000000000000000000000000000000000010100000000
000000000000000000010010000000000000000000000000110000000000000000000000000000000000000000000000000100000000000000000010000000000000000000000001110001101100000000000000000000000000000000010000000000000000000000000000000000000000000000000000000000000000000000000000000000000000000000000000011000000000
000000000000000000001100000000000000000000000000000000000000000000000000000000000000000000000000000100000000000000000000000000100000000000000000000000101100000000000000000000000000000000000000000000000000000000000000001110000000000000000000000000000000000000000000000000000000000000000000000000000000
000000000000000000000000000000000000000000000000000000000000000000000000000000000000000000000000000000000001110000000000000000100000000000000000000000011000110000000000000000000000000000000000000000000000000011000000000000000000000000000000000000000000000000000000000000000000000000000000000000000000
000000000000000000000000000000000000110000000000000000000000000000000000000000010000000000000000000000000000000000000000000000100000000000000000000000000000110000000000000110000000000000000000000000000000000011000000000000000000000000000000000000000000000000000000000000000000000100000000000000000000
000000000000000000000000000000000000110000000000000000000000000000000000000000110001000000000000000000000000000000000000000000000000000001100000000000010000000000000000000110000000000000000000000000000000000000000000000000000000000000000000000000000000000000000000000000000000011101100000000000000000
000000000000000000110000000000000000000000000000000000000000000000000000011001010001100000000000000000000000000000000000000000001110000001100000000000111000000000000000000000000000000000000000000000000000000000000000000000000000000000000000000000000000000000000000000000000000000000101000000000000000
000000000000000000110000000000000000000000000000000000000000000000110000101100010000101100000000000000000000000000000000000000000000000000000000000000100100000000000000000000000000000000000000000000000000000000000000000000000000000000000000000000000000000000000000000000000000000110001000000000000000
000110000000000000000000000000000000000000000000000000000000000001001000100011010000100010000000000000000000000000000000000000000000000000000000000000011000000000000000000000000000000000000001100000000000000000000000000000000000000000100000000000000000000000000000000000000000000111110000000000000000
001001000000000000000000000000000000000000000000000000000000000001010000110000000000000010000000000000000000000000000000000000000000000000000000000000010000000000000000000000000000000000000010010000000000000000000000000000000000000001010000000000000000000000000110000000000000001000000000000001110000
001010000000000000000000000000000000000000000000000000000000000000100000000000000001010110000000000000000000000000000000000000000000000000000000000000110000000000000000000000000000000000000001010000000000000000000000000000000000011001010000000000000000000000000110000000000000000010001100000001011000
000100000000000000000000000000000000000000000000000000110000000000000000000000000111001000000000000000000000000000000000000000000000000000000000000000110100000000000000000000000000000000000000100000000000000000000000000000000000011000100000000000000000000000000000000000000000000000001100000000110100
000000000000000000000000000000000000000000000000000001001000000000000000000000000000000000000000000000000000000000000000000000000000000000000000000000110000000000000000000000000000000000000000000000000000000000100000000000000000000000000000000000000000000000000000000000000000000000000000000000000100
000000000000000000000000000000000000000000000000000000101000000000000000000000000000000000000000000000000000000000000000000010000000000000000000000000001000000000000000000000000000000000000000000000000000000001100000000000000000000000000000000000000000000000000000000000000000000000000000000000001000
000000000000000000000000000000000000000000000000000000101000000000000000000000000000000000000000000000000000000000000000000101000000000000000000000000000000000000000000000000000000000000000000000000000000000001000001000000000000000000000000000000000000000000000111000000000000000000000000000000000000
000000100000000000000000000000000000000000000000000000000000000000000000000000000000000000000000000000000000000000000000000010000000000000000000000000000000000000000000000000000000000000000000000000000000000000001000100000000000000000000000000000000000000000000000000000000000000000000000000000000000
000001100000000000100000000000000000000000000000000000000000000000000000000000000000000000000000000000000000000000000000000000000000000000000000000000000000000000000000000000000000000000000000000000000000000000110000010000000000000000000000000000000000000000010000010000000000000000000000000000000000
000010110000000001010000000000000000000000000000000000000001110000000000000000000000000000000000000000000000000000000000000000000000000000000000000000010000000000000000000000000000000000000000000000000000000001000000100000000000000000000000000000000000000000010000010000001100000000000000000000000000
000010101000000001001000000000000000000000000000000000000010001000000000000000000000000000000100000000000000000000000000000000000000000000000000000000010000000000000000000000000000000000000000000000000000000011001011000000000000000000000000000000000000000000010000010000001100000000000000000000000000
000001111000000000110000000000000011000000000000000000000100000100000000000000000000000000001010000000000000000000100000000000000001000000000000000000010000000000000000000000000000000000000000000000000000000011011110000000000000000000000000100000000000000000000000000000000000000000000000000000000000
000000110000000000000000000000000010100000000000000000000100000000000000000000000000000000001010000000000000000001010000000000000010100000000000000000000000000000000000000000000000000000000000000000000000000011010101100000000000000000000010000000000000000000000111000000000000000000000000000000001100
000000000000000000000000000000000001000000000000000000000100000100000000000000000000000000000100000000011000000000100000000000000010100000000000000000000000000000000000000000000000000000000000000000000000000011000111100000000000000000000000000001110000000000000000000000000000000000000000000000001100
000011000000000000000000000000000000000000000000000000000010110100000000000000000000000000000000000000011000000000000000000000000001000000000000000000000000000000000000000000000000000000000000000000000000000011010000010000000111000000001100000000001000000000000000000000000000000000000000000000000000
000011000000000000000000000000000000000000000000000000000001110100000000000000000000000000000000000000000000000000000000000000000000000000000000000000000000000000000000000000000000000000000000000000000000000010000011010000000011000000001001100000000100000000000000000000000000000000000000000000000000
000001000000000000000000000000110000000000000000000000000000000100000000000000000000000000000000000000000000000000000000000000000000000000000000000000000000000000000110000000000000000000000000000000011100000110110001100010000000000000001110011000000100000000000000000000000000000000000000000000000000
000000000000000000000000000001110000000000000000000000000000000000000000000000000000000000000000000000000000000000000000000000000000000000000000000000000000000000000110000000000000000000000000000001100100000100000100000111000001000000000000010010101100000110000011000000000000000000000000000000000000
000000000000000000000000000011001000000000000000000000000000000000000000000000000000000000000000000000000000001000010000000000000000000000000000000000000000000000000000000000000000000000000000011001001100000010010000001111100100000000000000000000001000000110000011000000000000000000000000000000000000
000000000000000000000000000000010000000000000000000000000000000000000000000000000000000000000000000000000000001000010000000000000000000000000000000000000000000000000000000000011000000010000000011001110000000011100000011000000000000100000000000000000000000000000000000000000000000000000000000000000000
000000000000000000000000001100010000000000000000000000000000000000000000000000000000000000000000000000000000001000010000000000000000000000000000000000000000000000000000000000101000000101000000000000000000000000000000001100000000111110000000000110101000000000000000000000000000000000000000000000000000
000000000000000000000000000011100000000000000000000000000000000000000010000000000000000000000000000000000000000000000000000000000000000000000000000011001100000000000000000000010000000101000000000000000000000000000000000100000000011011000000011010110100000001000000000000000000000000000000000000000000
000000000000000000000000000000000000000000000000000000000000000000000101000000000000000000000000000000000000000000000111000000000000000000000000000101001100000000000000000000000000000010000000000000000000000000000000000000000000011010000000001110001000000010100000000000000000000000000000000000000000
000000000000000000000000000000000000000110001100000000000000000000000101100000000000000000000000000000000000000000000000000000000000000000000000000010000000000000000000000000000000000000000000000000000000000000000000000000001100011100000000000100010000000010100000000000000000000000000000000000000000
000000000000000000000000000000000000000100110000000000000110000000000001100000000000000000000000000000000000000000000000000000000000000000000000000000000000000000000000000000000000000000000000000000000000000000000000000000000000011100000000000000100000000001000000000110000000000000000000000000000000
000000000000000000000000000000000000000101100001000000000110000000000001100000000000000000000000000000000000001000000000000000000000000000001100000000000000000000000000000000000000000000000000000000000000000000000000000000000100000000000000000000000000000000000000000101000000000000000000000000000100
000000000000000000000000000000000000011000000001000000000000000000000011011110000000000000000000000000000000001000000000000011000000000000010010000000000000000000000000000000000000000000000000000000000000000000000000000000001100000000000000000000000000000000000000000010000000000000000000000000000100
000000000000000000000000000000000000101000000001000000000000000000000001000000000000000000000000000000000000001000000000000100100000000000001100000000000000000000000000000000000011111000000000000000000000000000000000000000001100000000000000000000000000000000000000000000000000000000001110000000000100
000000000000000000000000000000000000101000000000000000000000000011100000000011000000000000000000000000000000000000000000000010100000000000000000000000000000110000000000000000001111111100000000000000000000000000000000000000000110000000000000000000000110000000000000000000000000000000010010000000000000
000000000000000000000000000000000000111001000000000000000000000010100000110010000000000000000000000000000000000000000000000001000000011100000000000000000001001000000000000000010010111110000000000000000010111000000000000000000000010100000000000000000110000000000000000000000000000000010001000000000000
000000000000000000000000000000100000001001001000000000000000000011100000111000000000000000000000000000000000000000000000000000000000000000000000000000000000110000000000000000011100000011000000001000000000000000000000000000000000001000000000000000000000000000000000000000000010000000100000000000000000
000000000000000000000000000001010000000001010100000000000000000000000000010100000000000000000000000000000000000000000000000000000000000000000000000000000000000000000000000000000000000001100000100100000000000000000000000000000000000000000000000000000000000000000000000000001101100000011000110000000000
110000000000000000000000000000100000001101010000000000000001100000000000001000000000110000000000000000000000000000000000000000000000000000000000000000000000000000110000000000000010101011000001000000000000000000000000000000000000000000000000000000000000000000000000000000000001100000000100000100000000
110000000000000000000010000000000000000110001000000000000010010000000110000000000000110000000000000000000000000000000000000000000000000000000000000000000000000000110000000000000011110000000001100110000000000000000000000000000000000000000000000000000000000000000000000000000001000000000010000100000000
000000000000000000000101000000000000000000000000000000000010100000001011000000000000000000000000000000000000000000000000000000000000000000000000000000000000000000000000000000000100000110000000000000000000000000100000000000000000000000000000000000000000000000000000000000000101100000000100000100000000
000000001100000000000101000000000000000000000000000000000001000000000000000000000000000000000000000000000000000000000000000000000000000000000000000000000000000000000000000000000110010110000000000000000000000001010000000000000000000000000000000000000000000000000000000000000100100000011000110000000000
000000010010000000000010000000000000010000000000000000000000000000000000000110000000000000000000000000000000000000000000000000000000000000000000000000000000000000000000000001110010010100000000001000000000000001010000000000000000000000000100000000000000011100000000000000000011000000100000000000000000
000000001100000000000000000000000001000000000000000000000000000000000000000000000000000000000000000000000000000000001000000000000000000000000000000000000000000000000000000001111110000000000000010100000000000000100000000000000000000000001010000000000000000000000000000000000000000000010001000000000000
000000000000000000000000000000000001000000000000000000000000000000000000000000000000000011100000000000000000000000010100000000000000000000000000000000000000000000000000000000100100010000000000010100000000000000000000000000000000000000001100000000000000000000000000000000000000000000010010000000000000
000000000000000000000000000000000001000000000000000000000000000000000000000000000000000000000000000000000110000000010000000000000000000000000000000000000000000000000000000000000000001100000000001111000000000000000000000000000011100000000000000000000000000000000000000000000000000000001110000000000000
000000000000000000000000000000000000000000000000000000000000000000000000000000000000000010000000000000000110000000000000100000000000000000000000000000000000000000000000000000000000000000000000000011000000000011001100000000000100010000000000000000000000000000000000000000000000011000000000000000000000
000000000000000000000000000000000000000000000000000000000000000000000000000000000000000000000000000000000000000000000000010000000000000000000000000000000000000000000000110000000000000000000000000101000000000000000100000000001000001000000000000000000000000000000000000000000000011000000000000000000000
000000000000000000000000000000000000000000000000111000000000000000000000000000000000001100000000000000000000000000001000000000000000000000000000000000000000000000000000110000000000000000000000001100000000000001001000000000000000001100000000000000000000000000000000000000000000000000000001110000000000
000000000000000000000000000000000001110000000000000000000000000000000000000000000000000001000000000000000000000000000111010000000000000000000000000000000000000000000000000000000000000000000000000110000000000000100000000000000110010100000001100000000000000000000000000000000000000000001000000000000000
000000000000000000000000000000000001110000000000000010000000000000000000000000000000000001000000000000000000000000000010001000000000000000000000000000000000000000000000000000000000000000000000000000000000000000000000000000000001001100000010011000000000000000000000000000000000000000011100000100000000
000000000000000000000000000000000011011000000000000010000000000000000000000000000000000000000000000000000000000100000000010000000000000000000000000000000000000000000000000000000000000000000000000000000000000000000000000000000000110000000011011001000000000000000000000000000000000000110110000100000000
000000000000000000000000000000000000100000000000000010000000000000000000000000000000000000000000000110000000001010000000010000000000000100000000000000000000000000000000000000000000000000000000000000000000000000000000000000000100111001110001110001000000000000000000000000000000000001111100000100000000
000000000000000000000000000000000000000000000000000000000000000000000000000000000110000000000000000110000000001010000000000000000000001000111000000000000000000000000001000000000000000000000000000000000000000000000000000000000100011101100000000001000000000000000000000000000000000000111000000000000000
000000000000000000000000000000000000000000000000111000000001000000000000000001100110000000000000000000011100000100000000000000000000000100101000000000000000000110000001000000000000000000000000000000000000000000000000000000011100000101010000000000000000000000000000000001000000000000010001110000000000
000000000000000000000000000000000000000000000000000000000010100000000000000001100000000000000000000000000000000000000000000000000000001100101000000000000000001001000001000000000000000000000000000000000000000000000000000000010100000000110000000000000000000000000000000011100110000000000000000000000000
000000000000000000000000000000000000000000000000000000000010010000000000000000000000000000000000000000000000000000000000000000000000000111110000000000000000000110000000000000011001100000000000000000000000000000000000000000000000000000000000000000000000000000000001111101100110000000000000000000000000
001100011101000000000000000000000000000000000000000000000001100000000000000000000011000000000000000000000000000000000000000000000000000011100000000000000000000000000000000000011001100000000000000000000000000000000000000000010000010000000000000000000000000000000011101100000000000000000000000000000000
010000011111000000000000000000000000000000000000000000000000000000000000000000000011000000000000000000000000000000000000000000000000000001000000000000000000000000000000000000000000000000000011100000000000001000000000000000001101101100000000000000000000000000000100111100000000000000000000000000000000
001110000011010100000000000000000000000000000000000000000000000000000000000000000000000000000000000000000000000000000011000000000010000000000001100000000000000000000000000000000000000000000000010000000000010100000000000000000011100000000000000000000000000000000100100100000110000000000000000000000000
000000000011111100000000000000000000000110000000000000000000000000000000000000000000000000000000000000000000000000000011000000000010000000000001100000000000000000000000000000011000000000000100001000000000010100000000000000000000000000000000000000000000000000000100100110000101000000000000000001100000
000000000001100010000000000000000000000110000000000000000000011111000000000000000000000000000000000000000000000000000000000000000010000000000000000000000000000000000000000000011000000000000011101000000000001000000000000000000000000000000000000000000000000000000111000000000010000000000000000001100000
000010001100000010000000000000000001000000000000000010000000100111000000000000000000000000001100000000000000000000000000000000000000000000000000000000000000000000000000000000000000000000000000000000000000000000000000000000000000010000000000000000000000000000000000001110000000000000000000000000000000
000010100100000010000000110000000010100000000111001100100000100000000000000000000000000000001100000000000000000000000000000000000000000000000000000000000000000000000000000000000000000000000000000001000000000000000000000000000000101000000000000000000000000000000000000000000000110000000000000000000000
000000011001100010000001000000000010100000000101000011010000011000000000000000000000011000000000000000000000000000000000000000000000000000000000000000000000000000000000000000000000000000000000000010100000000000000000000000000000110000000000000000000000000000001000000000000001111000000000000000000000
000000000001100010000001000000000001000000000111000000110000000000000000000000000000011000000000000000000000000000000000000000000000000000000000000000001000000000000000000000000000000000000000000100000000000000000000000000000000000000000000000000000000000000001100000110000010000100000000000000000000
000000000000000000000001101000110000000000000000000000000000000000000000010000000000000000000000000000000000000000000000000000000000000000000000000000001000000000000000000000000000000000000000000000100000000000000000000000000000000000000000000000000000000000000000001001000110000110000000000000000000
000000000000001100000111010100110000000000000000000000000000000000000000111000000000000000000000000000000000000000000000000000000000000000000000110000001000000000000000000000000000000000000000000101000000000000000000000000000000000000000000000000000000000000000000001001000010001100011100000000000000
000000000000000000000000001100000000011100000000000000000000000000000001001000000000000000000000000000000000000000000000000000000000000000000001001000000000000000000000000000000000000000000000000110000000000000000000000000000000000000000000000000000000000000000000001000000010000000000000000000000000
000000000000000000000000001100000000000000000000000000000000000000000001110000000000000000000000000000000000000000000000000000000000000000000000110000000000000000000000000000000000000000000000000000000000000000000000000000000000000000000000000000000000000000000000000101000001010000000000000000000000
000000000000000000000000000000000000000001000000000000000000000000000000010000000000000000000000000000000000000000000000000000000000000000000000000000000000000000000000000000000000000000000000000000000000000000000000000000000000000000000000000000000000000000000000000010000000100000000000000000000000
000000000000000000000000110000000000000001000000000000000000000000000001001000000000000000000000110010000000000000000000000000000000000000010000000000000000000000000000000000000000000000000000000000000000000011000000000000000000000000000000000000000000000000000000000000000000000000000000000000000000
000000000000000000000000000000000011000001000000000000000000000000000000010000000000000000000000011100000000000000000000000000000000000000010000000000000000000000000000000000000000000000000000000000000000000101000000000000000000000000000000000000000000000000000000010000000000000000000000000000000000
000000000000000000001000000010000011000000000000000000000000000000000000010000000000000000000010001000000000000000000000000000000000000000010000000000000000000000000000000000001000000000000000000000000000000100010000000000000000000000000000000000000000000000000001001000000000000000000000000000001100
000000000000000000110110000000000000000000000000000000000000000000000100100000000000000000001101000001000000000000000000000000000000000000000000000000000000000000000000000000001000000000000000000000000000000010110000000110000000000000000000000000000000000000000001001000000000000000000000000000001100
000110000000001000000000000000000000000000000000000000000000000000000010010000000000000000000000100011100000000110000000000000000000000000000000000000000000100000000000000000001000000000000000000000110000000001110000010000000000000000011100000000000000000110000000100000000000000000000000000000000000
000110000000011111000010000000000000000000000000000000000000000000000001001000000000000000100000000010110000000101000000000000000000000000000000000000000001010000000000000000000000000000000000000000110000000001010010010000100000000000000000000000000000000110000000000000000000000000000000000000000000
000000000000100000001100000000000000000000000000000000000000000000000000110000000000000001011111100011100101000101100000000000000000000000000000000000000000100000000000000000000000000000000000000000000000000000110010100000010000000000000000000000000000000000000000000000000000000000000000000000000000
000000000001110100100000000000000000000000000000000000000000000010000000000000000000000000010001110000001110001111000000000000000000000000000000000000000000000000000000000000000000000000000000000000000000000000110010010001000000000000000000000000000000000000000001000000000000000000000000000000000000
000000000000110000100000000000000000000000000000000000000000000100000000000000000000000100000000011000000110010000000000000000000000000000000000000000000000000000000000000000000000000000000000000000000000000000000001001011010000100000000000000000000000000000000010100000000000000000000000000000000000
000000000000010010000000000000000000000000000000000000000000000010000000000000000000000101000000110000000000011100000000000000000000000000000000000000000000000000000000000000000000000000000000000000000011100000000001010000111000100000000000000000000000000000000011000000000000000000000000100000000000
000000000000000011100000000000000000000000000000000000000001000011000000000000000000000010011000010000000000000000000000000000000000000000000000000000000000000000000000000000000000000000011000000000000100010000000000110000000110100000000000000111000110000000000000000000000000000000110001100000000000
000000000000000001100000000000000000000000000000000000000011101000000000000000000000000000000000001000000000000001110000000000000000000000000000000000000000000000000000000000000000000000100100011100000100001000000000000010110000000000000000001001001110000000000000000000000000000000110001100000000000
000000000000000000000000000000000001100000000100000000000010000000100001000000000001100000000000000000000000000010001000000000000000000000000000000000000000000000000000000000000000000000101000010100000011000100000000000110001000010000000000000000001001000110000000000000000000000000000001000000000000
000000000000000000000000000000000001100000010100000000000110101001000011100000000001010000000000000000000001101101000000010000000000000000000000000000000000000000000000000000000000000000100000010011000000000100000000001000001000101000000010000000001110000110000000000000000000000000000000000000000000
000000000000000000000000000000000000000000001100000000000111110000000000000000000010010000000000000000000000000101011001101000001000000000000000000000000000000000000000000000000000000001101110010001000010011000000000000111010001000100000100011100000110000000000000000000000000000000000000000000000000
000000000000000000000000000000000000000000000000000000000110000000011011000000000001001000000000000000000000111111100011000100001000000000000000000000000000010000000000000000000000000000000000000001000010010000000000000010010000101000000000000000000000000000000000000000000000000000000000000000000000
000000000000000000000000000000000000000111000000000000000000000000011110000011011000001000100000000000000000000000000110110000001000000000000000000000000000101000000000000000000000000010000001110110000001000000000000010000000000010000000000000000000000000000000000000000000000000000000000000000000000
000000000000000000000000000000000000000000000000000000000000000000000000000010001000001000110000000000000000000110000110000010000000000000000000000000000001001000000000000000000000000010000011111000000000000000000000101000000000000000000000110000011000000000000000000000000000000000000000000000000000
000000000000000000000000000000000000010000000000000000000000000000000000000001110001101111010000000000000011100111111110010010000000000000000000000000000000110000000000000000000000000000001100000000000000100000000000101000000000000000000000110000000011000000000000000000010000000000000000000000000000
000000000000000000000000000000000000010000000000000000000000011000000000000000100000000111100000000000000001100100011010000000000000000000000000000000000000000000000000000000110000000001100000000000000001010000000000010000000000000000000000000000011000000000000000000000011000000000000000000000000000
000000000000000000000000000000000000010000000000000000000000100100000000000000000000000011000000000000000000100001011000000110000000000000000000000000000000000000000000000000101000000000000000000000000000110000000000000000000000000000000000000000000000000000000000000000100000000000000000000000000000
000000000000000000000000000000000000000000000000000000000000000100000000000000000000000100000000000000000000011010100010000100000000000000000011000000000000000000000000000000010000000000000000000000000000000000000000000000000000110000000000000000000000000000000000000000011100000000000000000000000000
000000000000000000000000000000000000000000000000000000000000111000000000000000000000010110000000000000000000011000000000000101000000000000000011000000000000000000000000000000000000000000000000000000000000000000000000000000000000110000100000000000000000000000000000000000001000000000000000000000000000
000000000000000000000000000000000000000000000000000000000000000000000000000000000000010100000000000000000000010000000001011011000000000000000000000000000000000000000000000000000000000000000000000000000000000000000000000000000000000001010000000000000000000000000000000000000000000000000000000000000000
000100000000000000000000000000000000000000000000000000000000000000000000000000011000000000000000000000000000001100000000100000000000000000000000000000000000000000000000000000000000000000000000000000000000000000000000000000000000000001010000000000000001100000000000000000000000000000000000000000000000
001010000000000000000000000000000000000000000000000000000000000000000000000000001100000000000000000000000000001100000011000000000000000000000000000100000000000000000000000000000000000000000000000000000000000000000000000000000000000000100000000000000001100000000000000000000000000000000000000000000000
001100000000000000000000000000000000000000000000000000000000000000000000000000001100000000000000000000000000000000000011000000000000000000000000000010000000000000000011000000000000000000000000000000000000000000000000000000000000000000000000000000000000000000000000000100000000000000000000000000000000
000000000000000000000000000000000000000000000000000000000000000000000000000000011100000000000000000000000000000000000100100000000000000000000000000000000000000000000100100000000000000000000000000000000000000000000000000000000000000000000000000000000000000000000000001010000000000000000000000000000000
000000000000000000000000000000000000000001100000000000000000000000000001010000000100001100000000000000000000000000000100100000000000000000000000000000100000000000000011000000000000000000000000000000000000000000000000000000000000000000000000000000000000000000000000001010000000000000000000000000000000
000000000000000000000000000000000000000010010000000000000000000000000001000100001011011100000000000000000000000000000011000000000000000000000000000011100000111000000000000000000000000000000000000000000000000000000000000000000000000000000000000000000000000000000000000100000000000000000000000000000000
000000000000000000000000000000000000000010100000000000000000000000000000011000000010100010010000000000000000000000000000000000000000000000000000000011010000100000000000000000000000000000000000000000000000000000000000000000000000000000000000000000000000000000000000000000000000000000000000000000000000
000000000000000000000000000000000000000001000000000000000000000000000000000111100110111110001000000000000000000000000000000110000000000000000000000011111000010000000000000000000000000000000000000000000000000000000000001100000000000000000000000000000000000000000000000000000000000000000000000000000000
000000000000000000000000000000000001100000000000000000011111000000000000000101100001111111000100000000000000000000000000000110000000000000000000000010101100000000000000000000000000000000000000000000000000000000000000010010000000000000000000000000000000000000000000000000100000000000000000000000000000
000000000000000000000000000000000001100001100000000000111111100000000000001100010000000001010000000000100000000000000000000000000000000000000000000000101000000000000000000000000000110000000000000000000000000000000000001100000000000000000000000000000000000000000000000001010000000000000000000100000000
000000000000000000000000000000000000000011111000000000100100010000000000000110100000000000100000000001010000000000000000000000000000000000000000000000110100000000000000000000000000110000000000000000000000001000000000000000000000000000000000000000000000000000000000000001010000000000000000001010000000
000000000000000000000000000000000000000111011000000000011101100000000000000001000000000011100000000010001000000000000000000000000000000000000000000000101100000000000000000000000000000001000000000000000000010100000000000000000000000000000000000000000000000000000000000000100000000000000000001010000000
000000000000000000000000000000000000001100010100000000001111000000000000000000000000000010000000000000001000000000000000000000000000000000000000000000100000000000000000000000000000000010100000000000000000000110000000000000000000000000000000000000000000000000000000000000000000000000000000000100000000
000000000000000000000000000000000000001100001100000000000101000000000000001100000000000001000000000001100001100000000000000000000000000000000000000000111000000000000000000000000000000011000000000000000000000010000010000000000000000011100000000000000000000000000000000000000000000000000000000000000000
000000000001100000000000000000000000000110010000000000000000000000000000000010000000000000000000000001000000010000000000000000000000000000000000000000010000000000000000000000000000000000000000000000000000001100000101000000000000000000000000000000000000000000000000000000000000000000000000000000000000
000000000001100000000000000000000000000110100000000000000011000000000000011100000000000000000000000010000000010000000000000000000000000010000000111000000000000000000000000000000000000000000000000000000000000000000101000000000000000000000000000000100000000000000000000000000000000000000000000000000000
000000000000000000000000111000000100000010111000000000000010000001000000010110100000000000000000000000011101100000000000000000000000000101000000000000000000000000000000000000000000000000000001100000000000000000000010000000000000000000000000000001010000000000000000000000000000000000000000000000000000
000000000000000000000000000000001010000011111100000000000001110001100000000010100000000000000000000010000100000000000000000000000000000110000000000000000000000000000000000000000000000000000010010000000000000000000000000000000000000000000000000001010000000000000000000000000000000000000000000000000000
000000000000000100000010000010000100000011000100000000000001000010010110000001000000000000000000000001000000000000000000000000000000000000000000000000000000000000000000000000000000000000000001100000000000000000000000000000000000000000000000000000100000000000000000000000000000000000000000000000000000
000000000000001010000010000010000000000001011000000000000000110001100110000010000000000000000000000000000001100000000000000000000000000000000000000000000000000000000000000000000000000000000000000000000000001110000000000000000000000000000000000000000000000000000000000000000000000000000000000000000000
000000000000010010000010000010000000000000010000000000000000010011100000000110100000000000000000000000000001100000000000000000000000000000000000000000000000000000000000000000000000000000000000000000000000000000000000000000000000000000000000000000000000000000000000000000000000000000000000000000000000
000000000000001100000000000000000000000000000000000000000000001110000001000000110000000000000000000000000000000000000000000000000000000000000000000000000000000000000000000000000000000000000000000000000001100000000000000000000000000000000000000000000000000000000000000000110000000000000000000000000000
000000000000000000000000111000000000000000000000000000000011001010000010100000100000000000000000000000000000000000000000000000000110000000110000000000000000000000000000000000000000000000000000000000000001100000000000000000000000000000000000000000000000000000000000000000110000000000000000000110000000
000000000000000000000000000000000000000000000000000000011000001100100010100100001000000000000000000000000000000000000000000000001001000000110000000000000000000000000000000000000000000000000000000000000000000000000000000000000000000000000000000000000000000000000000000000000000000000000000000110000000
000000000000000000000000000000000000000000000000000000000010111110100000000011010000001100000000000000000000000000000000000000000110000000000000000101000000000000000000000000000000000000000000000000000000000000000000000000000000000000000000000000000000000000000000000000000000000000000000000000000000
000000000000000000000000000000000000000000000000000001101000100011010000000000110000001100000000000000000000000000000000000000000000000000000000001001000000000000000000000000000000000000000000000000000000000000000000000000000000000000000000000000000000000000000000000000000000000000000000000000000000
000000000000000000000000000000000000000000000000000001100010100001110000000000000000000000000000000000000000000000000000000000000000000000000001010000000000000000000000000000000000000000000000000000000000000000000000000000000000000000000000000000000000000000000000000000000000000000001100000000000000
000000000000000000000000000000000000000010000000000001101000000010000000000000000000000000000000000000000000000000000000000000000000000000000001000001100000000000000000000000000000000000000000000000000000000000000000000000000000000001000000000000000000000000000000000000000000000000001100000000000000
000000000000000000000000000000000000000010000000000000000011000001100000000000000000000000000000000000000000000000000000000000000000000000000000000001100000000000000000000000000000000000000000000000000000000000000000000000000000000001000000000000000000000000000000000000000000000000000000000000000000
000000000000000000000000000000000000000010000000000000011000000000000000000000000000000000000000000000000000000000000000000000000000000000000000100100000000000000000000000000000000000000000000000000000000000000000000000000000000000001000000000000000000000000000000000000000000000000000000000000000000
000000000000000000100000000000000000000000000000000000001100110000000000000000000000000000000000000000000000000000000000000000110000000000000000000000000000000000000000000000111000001100000000000000000000000000000000000000000000000000000000000000000000000000000000000000000000000000000000000000000000
000000000000000001010000000000000000000000010000000000001101011100000000000000000000000000000000000000000010000110000000000000110000000000000000000000000011000000000000000001000100001001000000000000000000000000000000000000000000011100011100000000000000000000000000000000000000000000000000000000000000
000000000000000001001000000000000000000000101000000000110100101010000000000000000000000000000000000000000000001010000000000000000000000000000000000000000100100000000000000001000100000101000000000000000000000000000000000000000000000000000000000000000000000000000000000000000000000000000000000000000000
000000000000000000110000000000011000000000101000000000110000000011000000000000000000000000000000000000000010011100000000000000000000000000000000000000001100100000000000000110000011000111000000000000000000000000000000000000000000000001000000011000000000000000000000000000000000000000000000000000000000
000000000000000000000000000000100100000000010000000000111000000110000000000000000000000000000000000000000000111000000000000000000000000000000000000000011111100000000000001000010000100000000000000000000000000000000000000000000000000001000000011000000000000000000000000000000000000000000000000000000000
010000000000000000000000000000101000000000000000000000001100011100000000000000000000000000000000000000000000000000000000000000000000000000001100000000110001000111000000001000101000100000000000000000000000000000000000000000000000000001000000000000000000000000000000000000000000000000000000000000000000
101000000000000000110000000000010000000000000000000000000100010000000000000000000000000000000000000000011000000000000000000000000000000000010001000000000000000110000000001000010000100000000000000000000000000000000000000000000001000000000000000000000000000000000000000000000000000000000000000000000000
101000000000000000110000000000000000000000000000000000001000010000000000000000000000000000000000000000110100000000000000000000000000000000000001000000000000000000000000000110000011000000001000110000000000000000000000000000000001000000000000000000000000000000000000000000000000000000000000000000000000
010000000000000000000000000000000000000000000000000000011000000000000000000000000000000000000000000110010100000000000000000000000000000000110000010000000000000000000110110001000100000000001100111000000000000000000000000000000001000000010000000000000000111000000000000000000000000000000000000000000000
000000000000000000000000000000000000000000000000000000011000000000000000000000000000000000000000000110010010000000000000000000000000000001000010001000000000000000000110000001000100000000011000110000000000000000000000000000000000000000101000000000000000000000000000000000000000000000000000000000000000
000000000000000000000000000000000000000000000000000000000000000000000000000000000000000000000000000000001000000000000000000000110000000001011000010000000000000000000000010000111000000000010000100000000000000000000000000000000000011100101000000000000010000010000000000000000000000000000000000000000000
000000110000000000000000000000000000000000000000000000000000000000000000000000000000000000000000000000001110000000110000000001001000000000110000000000000000000000000000000000000000000000001011100000000000000000000000000000000000000000010000000000000010000010000000000000000000000000000000000000000000
000000110000000000000000000000000000000000000000000000011000000000000000000000000000001100000000000000000000000000110000000001001000000000000000000011110000000000000000000000000000000000010100000000110000000000000000000000000000000000000000011000000010000010000000000000000000000000000000000000000000
000000000000000000000000000000000001110000000000000000100100010000000000000000000000001100000000000000000000000000000000000000110000000000000000010100001000000000000000000000000000000000001000010000110000000000000000000000000001000000000000011000000000000000000000000000000000000000000000000000000000
000000000000000000000000000000000000000000000000000000011000101100000000000000000000000000000000000000000000000000000000000000000000000000000000110110000000000000000000000000000000000000010001010000000000000000000000000000000010100000010000000000000000111000000000000000000000000000000000000000000000
000000000000000000000000000000000000000000000000000000000000000000000000000000000000000000000000000000000000000000000000000000000000000000000011000101110000000000000000000000000010000000011101001000001001000000000000000000000100100000010000000000000000000000000000000000000000000000000000000000000000
000000000000000000000000000000000000000000000000000000000010000100000000000000000000000000000000000000000000000000110001000000000000000000000011010000000000000000000000000000000011100000010000001000001000100000000000000000000011000000010000000000000000000000000000000000000000000000000000000000001000
000000000000000000000000000000000000000000010000000000000000011000000000000000001110000000000000000000000000000000000000000000000000000000000100100000000000000000000000000000100001100000011100011100010000100000000000000000000000000000000000000000000000000000000000000000000000000000000000000000010100
000000000000000000000000000000000000000000110000000000000011000000000000000000000000000000000000000000000000000000111000111000110000000000001101100000000000000000000000000001010000000000000111010000000010000000000000000000000000000111000111000000000000000000000000000000000000000000000000000000010100
000000000000000000000000000000000000000000110000000000000000000000000000000000000000000000000000110000000000000000000100110000111000000000000101010000000000000000000000000001010000000000000011000000000010111000000000000000000000000000000000000000000000000000000000000000000000000000000000000000001000
000000000000000000000000000000000000000000100000000000000000000000000000000000000000000000000000110000000000000000000111000000001100000000000010110000000000000000000000000000100000000000000001000000000001000100000000000000000000000000010000000000000000000000000000000000000000000000000000000000000000
000000000000000000000000000000000011000000000000000000000000000000000001000000000000000000000000000000000000000000101110000100001000000000000001000000000000000000000000000000000000000000000000000000000011011000000000000000000000000000010000000000000000000000000000000000000000000000000000000000000000
000000000000000000000000000000000011000000000000000000000000000000000010100000000000001110000000000000000000000001011111000100010000000000100000110000000000000000000000000000000000000000000000000000000000100000000000000000000000000000010000000000000000000000000000000000000000000000000000000000000000
000000000000000000000000000000000000000000000000000000000000000000000010100000000000000000000000000000000000000000110010000000000000000001010000010000000000000000000000000000000000000000000000000000000000000000000000000000000000000000000000000000000000000000000000000000000000000000000000000000000000
000000000000000000000001000000000000000000000000000000000000000000000001000000000000100000100000000000000000000000000001101000000000000000011000000000000000000000000000000000000001100000000000000000000000000000000000000000000000000000000000000000000000000000000000000000000000000000000000000001100000
000000000000000000000001000000000000000000000000000000010000000000000000000000000000100000100000000000000000000000000000011000000000000011010000000000000000010000000000000000000010100000000000000000000000011000000000000000000000000000000000000000000000000000000000000000010000000000000000000001100000
000000000000000000000001000000000000000000000000000000010000000110000000000000000000100000100000000000000000000000000000000000000000000010010000000000000000101000000000000000000011000000000000000000000000101000000000000000000000000000000000000000000000000000000000000000101000000000001110000000000000
000000000000000000000000000000000000000000000100000000010000000110000000000000000000000000000000000000000000000001000100000000000000000001100010000000000000101000000000000000000000000000000000000000000001010000000000000000000000000000000000000000000000000000110000000000101000000000000000000000000000
000000000000000000011100000000000000000000001010000000000000000000000000000000000000001110000000000110000000000110110111000000000000000000000010000000000000010000000000000000000000000000000000000000000000100000000000000000000000000000000000000000000000000001001000000000010000000000000000000000000000
000000000000000000000000000000000000000000000110000111000111000000000000000000000000000000000000000110000000000110010110100000000000000000000010000000000000000000000000000000000000000000000000000000000000000000000000000000000000000000000000000000000000000000110000000000000000000000000000000000000000
000000000000000000000000000000000000000000000000000000000000000000000000000000000000000000000000000000000000000110000010101000000000000000000000000000000000000000000000000000000000000000000000000000000000000000000000000000000000000000000000000000000000000000000000001100000001100000000000000000000000
000000000000000000000011000000000000011000000000000000010000000000000000000000000000000000000000000000001110001100000110001000000000000000000000000000000000000000000000000000000000000000000000000010000000000000000000000000000000000000000000000000000000000000000000010010000001100000000000000000000000
000000000000011100000011000000000000100100000000000000010000000000000000000000000000000000000000000000000000001110001100001000000000000000000000000000000000000000000000000000000000000000000000000101000000000000000000000000000000000000000000000000000000000000000000001100000000000000000000000000000000
000000000000000000000000000000010001001000000000000000010000000000000000000000000000000000000000000000000000000111011100010000000000000000000000000110000000000000000000000000000000000000000000000101000000000000000000000000000000000000000000000000000000000000000000000000000000000000000000000000000000
000000000000000000000000000000010000110000000000000000000000100000000000000000000000000000000000000000000000000010101100100000000000000000000000000110000000000000000000000000000000000000000000000010000000000000000000000000000000000000000000000000000000000001100000000000000000000000000000000000000000
000000000000000000000000000000010000000000000000000000000000100000000000000000111000000000000000000000000000000010001000011000001100000000000000000000000000000000000000000000000000000000000000000000000010000000000000000000000000000000000000000000000000000001100000000000110000000000000000000000000000
000000000000000000000000000000000000000000000000000000000000100000000000000000000000000000000000000000000000000001001000011000001100000000000000000000000000000000000000000000000000000000000000000000000111000000000000000000000000000000000000000000011000000000000010000000110000000000000000000000000000
000000000000000000000000000111000111000000000000000000000000000000000000000000000000000000000000000000000000000001110000000001000000000000000000000000000000000000000000000000000000000000000000000000001001100000000000000000000000000000000000011000010100000000000101000000000000000000000000000000000000
000000000000000000000000000000000000000000000000000000001110001110000000000000000000000000000000000000000000000000000000000001000000000000000000000000000000000000000000000000000000000000000000000000000011100000000000000000000000000000000000100100001000000000001010000000000000000000001100000000000000
000000111000000000000000000000010000000000000000000000000000000000000000000000000000000000000000000110000000111000000000000001000000000000000000000000000000000000000000000001000000110000000000000000010011100000000000000000000000000000000000101000000000000000001100000000000000000000001100000000000000
000000000000000000000000000000010000000000000000000000000000100000000000000000000000000000000000000110000000000000000000000000000000000000000000000000000000000000000000000010100000110000000000000000000001100000000000000000000000000000000000010000000000000000000000000000000000000000000000000000000000
000010000010000000000000000000010000000000000000000000000000100000000000000000000000000000000000000000000000000000000000000000000000000000000000000000000000000000000000000010100000000000000000000000000011000000000000000000000000000000000000000000000000000000000000000000000000011000000000000000000000
000010000010000000000110000000000000000000000000000000000000100000000000000000000000000000000000000000000000000000000000000000000000000000000000000000000000000000000000000001000000000000000000000000000001000000000011000000000000000000000000000000000000000000000000000000000000011000000000000000000000
000010000010000000000110000000000000000000000000000000000000000000000000000000000000000000000000000000000000000000000000000000000000000000000000000000000000000000000000000000000000000000000000000000001110000000000100000000000000000000000000000000000000000000000000000000000000000000000000000000000000
000000000000000000000000000000000000000000000000000000000000000000000000000010000000000000000000000000000000100000000000000000000000000000000000000000000000000000000000000000000000000000000000000000001110000000000111000000000000000000000000000000000000000000000000000000000000000000000000000000000000
000000111000000000000000000000000000000000000000000000000000000000000000000101000000000000000000000000000001111000100000000000000000000000000000000000000000000000000000000000000000000000000000000000000000000000001101000000000000000000000000000000000000000000000000000000000000000000000000001000000000
000000000000000000000000000000000000000000000000000000000000000000000000000101000000000000000000000000000000011011010000000000000000000000000011100000000000000000000000000000000000000000000000000000000000000000010001000000000000000000000000000000000000001100000000000000000000000000000000010100000000
001000000000000000000000000000000000000000000000000000000011000000000000000010000000000000000000000000000001101001010000000000000000000000000100110000000000000000000000110000000000000000000000000000000000000000011010011100000000000000000000000000000000001100000000000000000000000000000000010100000000
001000000000000000000000000000000000000000000000000000000011000000000000000000000000000000000000000000001001001101100000000000000000000000000110001000000000000000000000110000010000000000000000000000000000010000100000010010000000000000000000000000000000000000000000000000000001000000000000001000000000
001000000000000000000000000000000000000000000000000000000000000000000000000000000000000100000000000000001010001100000000000000000000000000000001000000000000000000000000000000010000000000000000000000000000111000110100000000000000000000000000000000000000000000000000000000000001000000000000000000000000
000000011000000000000000000000000110000000000000000000000000000000000000000001000000001010000000000000000000001001000000000000000000000000000000101000000000000000000000000000010000000000000000000000000001001100100101100000100000001100000000000000000000000000000000000000000001000000000000000000000000
000000100100000000000000000000000110000000000000000000000000000000000000000010100000011011000000000000000000001100000000000000000000000000000000000000000000000000000000000000000000000000000000000000000001000100011001110010010000010001000000000000000000000000000000000000000000000000000000000000000000
000000010100000000000000000000000000000000000000000000000000000000000000000100100000000111100000000000000000000000000000000000000000000000000000000000000000000000000000000000000000000000000000000000000000110100000000011100100000010001101000000000000000000000000000000000011100011100000000000010000000
000110001000000000000000000000000000000000000000000000000000000000000000000011000000000110100000011000010000000011000000000000000000000000000000000000000000000000000000010000000000000000000000000000000000001100000000100111000000001101010100000000000000000000000000000000000000000000000110000101000000
000110000000000000000000000000000000000000000000000000000000000000000000000000000000000000000000011000100100000111000000000000000110000000000000000000000000000000000000101000000000000000000000000000000000000000000000011100000000000000110001000000000000001000000001100000000001000000000110000101000000
000000000000000000000000000000000000000000000000000000000000000000000000000000000000000000000000000000100100000000000000000000000110000000000000000000000000000000000000101000000000000000000000000100000000000000000000000000000110000000001001000000000000010100000001110000000001000000000000000010000000
000000000000000000000000000000000000000000000000000000000000000000000000000000000000000000000000000000100010000000000000000000000000000000000000000000000000000000000000010000000000000000000000001010000001100000000000000000001100000000000111000000000000101000000010010000000001000000100000000000000000
000000000000000000000000000001110000000000000000000000000000000000000000100000000000000000000000000000001000000000000000000000000000000000000000000000000000000000000000000000000000000000000000001010000010011000000000000000000000000111000000000000000000110000000001110000000000000000100000000000000000
000000000000000000000000000000000000000000000000000000000000000000000000100100000000000000000000000000001000000000000000000000001000000000000000000000000000000000000000000000000000000000000000000100000010010100000000000000000000000110100000000000000000000000000000111001000000000000100000000000000000
000000000000000000000000000000000000000000000000000000000000000000000000000100000000000000000000000000000000000000000000000000010100000000000000000000000000000000000000000000000000000000000000000000000010000001000000000000000000000000110000000000000000000000000000001000100000000000000000000000000000
000000000000000000000000000000000000000000000000000000000000000000000000110100000000000000000000000000000000000000000000000000001000000000000000000000000000000000000000000000000000000000000000000000000010010001000110000000000000000001110011000000100000000000000000000000100000000000000000000000000000
000000000000000000000000000000000000000000000000000000000000000000000001010000000000000000000000000000000000000000000000000000000000000000000000000000000000000000000000000000000000000000000000000000000001000010001001000000000000000000011011000011010000000000010000000100100000000000000000000000000000
000000000000000000000011000000000000000000000000000000000000000000000001111000000000000000000000000000000000000000000000000000000000000000000000000000000000000000000000000000000000000000110000000000000001000000000110000000000000000000010000000000001000000000100001110100100000000000011000000000000000
000000000000000000000011000000011000000000000000000000000000000000000000100000000000000000000000100000000000000000000000000000001000000000000000000000000000000000000000000000000000000000110000000000000000101000000000000000000000000000000000000010110000000000000000000011000000000000011000000000000000
000000000000000000000000000000011000000000000000000000000000000010000011000000100000000000000000100000001110000000000000000000010100000000000000000000000000000000000000000000000000000000000000000000000000010000000000000000000000000110100100000001000100000000011100000000000000000000000000000000000000
000000000000000000011000000000000000000000000000000000000000000010000011000001110000000000000000100000000000000000000000000000010100000000000000000000000000000000000000000000000000000000000000000000000000000000000000000000000000000000001100000000000111000000000100100000000000000000000000000000000000
000000000000000000100100000000000000000000000000000000000000000010000000000010011000000000000000000000000000000000000000000000001000000000000000000000000000000000000000000000000000000000000000000000000000000000100000000000000000000010000000000000000111000000000100100000000000011000000000000000000000
000000000000000000011000000000000000000000000000000000000000000000000000000000000000000000001110000000000000000000000000000000000000000000001100000000000000000000000000000000000000000000000000000000000000000001011110000000000000010010000000000000000001000000000111000000000000100100000000000000000000
000000000000000000000000000000000000000000000000000000000000000000000000000110000001000000000000000000000000000000000000000000000000000000001100000000000000000000000000000000000000000000000000000000000000000001101110000000000000000110000000000000000010000000000010000000000000010100000000000000000000
000000000001100000000000000000000000000000000000000000000000000000000000000110000010100000000000100000000001110000000000000000000000000000000000000000000000000000000000000000000000000000000000000011100000000000000000000000000000001100000000000000000010000000000000000000000000001000001000000000000000
000000000001100000000000000000000000000000000000000000000000000000000000000110000010100000000000100000000000000000000000000000000000000000000000000000000000000000000000000000000000000000000000000000000000000000000000110000000000101110000000000000000000000000000000000000000000000000010100000000000000
000000000110000000000000000000000000000000000000000000000000000000000001000000000001000000000000100000000000000000000000000000000000000000000000001000000000000000000000000000000000000000000000000000000000000000000000011000000000000010000001110000000000000000000000000000000000000000100100000000000000
000000000110000000000000000000000000000000000000001001000000000000000001000000000000000000000000000000000000000000000000000000000000000000000000001000000000000000000000000000000000000000000000000000000000000000111000110000000000000000000001110000000000000000000000000000000000000000011000000000000000
000000000000000000000000000000000000000000000000010000100000000000110001110000000000000000000000000000000000110000000000000000000000000000000000001000000000001000000000000000000000000000000000000000000000000000000101100000000000000000000000111100000000000000000000000000000000000000000000000000000000
000000000000000000000000000000000000000000000000010000110000000001111000110000000000000000000000000000000000110000000000000000000000000000000000000000000000001000000000000000000000000000000000000000000000000000100001000000000000000000000000000010000000000000000000000000000000000000000000000000000000
000000000000000000000000000000000000000000000000010000011100000011001000010000000000000000000000000000000000000000000000000000000000000000011000000000000000001000000000000000000000000000000000000100000000000000011100000000000000000000000001111010000000000000000000000000000000000000000000000000000000
001100000000000000000000000000000000000000000000001101010010000001110000011000000000000000000000000000000000000000000000000000000000000000100100000000000000000000000000000000000000000000000000001011110000000000000000000000000000000000001011111100000000000000000000000000000000000000000000000000000000
001100000000000000000011100000000000000000000000000001100001000000100000000000000000000000000000000000000000000000000000000000000000000000011000000000000000000000010000000000000000000000000000001101110000000000000000000000000000000000000110000000000000000000000000000000000000000000000000000000000000
000000000000000000000000000000000001100000000000000000001010000000000000000000000000000000000000000000000000000000000000000000000000000000000000000000000000000000010000000000000000000000000000000000000000000000000000000000000000000000000000000000000000000000000110000000110000000000000000000000000110
000000000000000000000000000000000010010000000000000000000000000000001010100000000000000000000000000000000000000000000000000000000000000000000000000000000000000000010000000000000000000000001100000000000110000000000000000000000000000000000000000000000000000000001001000001001000000000000000000000000110
000000000000000000000000000000000001100000000000000000000000000000001101100000000000000000000000000000000000000000000000000000000000000000000000000000000000000000000000000000000000000000001100000010000011000000000000000000000000000000011000000000000000000000000110000000110000000000000000000000000000
000000000000000000000000000000000000000000000000000000000000000110000101100000000000000000000000000000000000000000000000000000001000000000000000000000000000000000000111000000000000000000000000001010000110000000000000000000000000000000011000000000000000000000000000000000000000000000000000000000000000
000000000000000000000001100000000001100000000000000000000000000110011111000000000000000000000000000000000000000000000010000000011100000000000000000000000000000000000000000000000000000000000000011011101100000000000000000000000000000000000000000000000010000000000000001000000000000000000000000000000000
000000000000000000000001100000000010010000000000000000000110000011100111000000000000000000000000000000000000000000000101000000010100111000000000000000000000000000000000000000000000000000000000010110001000000000000000110000000000000000000000000000000101000000000000010100000000000000000000000000000000
000000000000000000000000000000000001100000110000000000000110000000110011000000000000000000000000000000000000011000000110000000111000000000000000000000000000000000000000000000000000000000000000011010000000000000000000110000000000000000000000000000000110000000000000010100000000000000000000000000000000
110000000000001100000000000000000000000001001000000000000000000000010010000000000000000000000000000000000000011000000000000000110010000000000000111000000000000000000000000000000000000000000000011010100000000000000000000000000000000000000000000000000000000000000000001000000000000000000000000000000000
110000000000001100000000000000000000000000110000000000010000010110001100000000000000000000000000000000000000000000000000000000100000000000000000000000000000000000000000000000000000000000000000000000000000000000000000000000000000000000000000000000000000000000000000000000000000000000000000000000000000
000000000000000000000000000000000000000000000000000000010000110001110000000000000000000000000000000000000000000000000000000000110000000000000000000000000000000000000000000000000000000011000000000000000000000000000000000000000000010000000000000000000000000000000000000000000000000000000000000000000000
000000000000000000000000000000000000110000000000000000010000010111100000000000000000000000000000000000000000010000000000000000111000000000000001000000000000000000000000000000000000000001100000000000000001100000000000000000000000111000000000000000000000000000000000000000000000000000000000000000000000
000000000000000000010000000000000001001000000000000000000000000001100000000000000000000000000000001100000000110000000000000001010000000000000001000000000000000000000000000000000000000010000000000000000001100000000000000000000000101100000000000000000000000000000000000000000000000000000000000000000000
000000000000000000101000000000000000110000000000000000000111000000000000000000000000000000000000010100000001001100000000000000110011000000000001000000000000000000000000000000000000000000000000000000000000000000000000000000000000000110000000000000000000100000000000000000000000000000000000000000000000
000000000000000000101000000000000000000000000000000000000000000000000000000000000000000000000000001000000001100001000000000000100000100000000000000000000000000000000000000000000000000000000000000000000000000000000000000000000000101100000000000000000001010000000000000000000000000000000000000000000000
000000000000000000010000000000000000000000000000000000000000000000000000000000000001100011000000000000000000000111000000000000000000100000000000000000000000000000000000000000000000000000001000000000000000000000000000011000000000111000000000000000000001011000000000000000000000000000000000000000000000
000000000000000000000000000000000000000000000000000000000000000000000000000000000001100100100000000000000000000011000000000000000100100000000000000000000000000000000000000000001110000000001000000000000000000000000000011000000000010000000000000000000101011000000000000000000000000000000000000000000000
000000000000000000000000000000000000000000000000000000000000000000000000000000000000000011000000000000000000000000000000000000000000000000000000000000000000000000000000000000000000000000001000000100000000000000000000000000000000000000000000000000000001000000000000000000000000000000000000000000000000
000000011100000000000000000000000000000000000000000000000000000000000000000000000000000000000000000000000000000000000000000000000001100000011000000000000000000000000000000000000000000000000000001010000000000000000000000000000000000000000000000000000111000000000000000000000000000000000000000000000000
000000000000000000000000000000000000000000000011000000000000000100000000000000000000000000000000000000000000000000000000000000000010000000011000000000000000000000000000000000000000000000000000001010000000000000000000000000000000000000000000000000000011000000000000000000000000000000000000000000000000
000000000001000000000000000000000000000000000100100000000000011000000000000000000000000000000000000000000000000000000000000000000110000000000000000000000000000000000000000000000000000010000000000100000010000000000000000000000000000000000000000000000001101110000000000000000000000000000000000000000000
000000000001000100000000000000000000000000001000000000000000001100000000000000000000000000000000000000000000000000000000000000001110100000000000000000000011011100000001100000000000000001100000000000000010000000000000000000000000011100000000000000000000110110000000000000000000000000000001100000000000
000000000001000100000010000000000000000000000001000100000000000000000000000000000000001110000000000000000000000000000000000000011111100000000000000000000001100000000001100010000000000011000000000000000010000000000000000000000000000000000000000000000000010010000000000000000000000000000001100000000000
000000000000000100000010000000000000000000001010001010000110000000000000000000000000000000000000000001110000000000000000000000010011000000000000000000111000000000001000100011000110000000000000000000000000000000000000000000000000000001000000010000000000010010000000000000000000000000000000000000000000
000000000000000000000010000000000000000000000100001010000110000000000000000000000000000000000000000000010000000000000000000000001010000000000000000000111000000000010000010000010110000000000000000000000000000000000000000000000000000001000000010000000000000100000000000000000000000000000000000000110011
000001000000000000000000000110000000000000000000000100000000000000000000000000000000000000000000000000100000000000000000000000001110000000000000000000000000000000010000010110001100000000000000000000110000000000000000000000000000000001000000010000000000000000000000000000000000000000000000000000110011
000001000000000000000000000000000000000000000000000000000000000000000000000000000000000000000000000000000100000000000000000000000000000000100000000000000000000000000000001000001000001100000000000000110000000000000000000000000000000000000000000000000000000000000000000000000000000000000000000000000000
000001000000000000000000000000000000000000000000000000000001110000000000000000000000000000000000000000001010000000000000000000000000000011010000000000000000000000000000000011010000010100000000000000000000000000000000000000000000000000000000000000000000000000001100000000000000000000000000000000000000
000000000000000000000000000000000000000000000000000000000000000000000000000000000000000000000000000000000110000000000000000000001100000011000000000000000000000000000000000000000000110010000000000000000011100000000000000000000000000000000000000000000000000000001100000000000000000000000001000000000000
000000000000000000000000000000000000000000000000000000000000000000000000000000000000000000000000000000000000000000000000000000010010000011100000000000000000000000000000000000000001110000011000000000000000000000000000000001100000000000000000000000000000000000000000000000000000000000000001000000000000
000000000000000000000000000000000000000000000000000000000000000000000000000000000000000000000000000000000000000000000000000000001100000000000000000000000000000000000000000000000000000000101000000000000000000000000000000001100000000000000000000000000000000000000000110000000000000000000001000000000000
000000000000000001100000000000000000001000000110000000000000000000000000000000000000000000000000000000000000000110000000000000000000000000000000000000000000000000000000000000000000000000000000000000000000000000000000000000000000000000000000000000000000000000000000110000000000000000000000000000000000
000000000000000001100000000000000000010110001011010000000000000000000000000000000000000000000000000000000000000110000000000000000000100000000000000000000000000000000000000000000000000000010000000000000001000000000000000000000000000000000000000000000000000000000000000000000000000000001000000000000000
000000000000000000000000000000000000010100000001011000000000000000000000000001100000000000000000000000000000000000000000000000000001010000000000000000000000011000000000000000000000001001100000001100000001000000000000000000000000000000000000000000000000000000000000000000000000000000001000000000000000
000000000000000000000000000000000000001101000000110100000000000000000000000010010000000000000000000000000000000000000000000000000001010000000000000000000000101100000000000000000000000100011000001100000001000000000000000000000011000010000000000000000000000000000000000000000000000000001000000000000000
000000000000000000000000000000000000000011000001001110000000000000000000000010100000000000000000000000000000000000000000000000000000100000000000000000000001101100000000000000000000000000110110000000000000000000000000000000000000100101000000000000000000000000000000000000000000000000000000000001000000
000000000000000000000000000000000000000000000001101000000000000000000000000001000000000000000000000000000000000000000000000000000000000000000000000000000000000000101000000000000000001000111100000000000000000000000000000000000100000010000000000000000000000000000000000000000000000000000000000010100000
000000000000000000000000000000000000000000000100000000000000000000000000000000000000000000000000000000000000000000000000000000000000000000000000000000000000000001001000000000000000000000100000000000110011100000000000000000000011000000000000000000000000000000000000000000000000000000000000000010100000
000000000000000000000000000000000000000000000010100000000000000000000000000000000000000000000000000000000000000000000000000000000000000000000000000000000000000000100000000000000000000000000000000011001000000000000000000000100000000000000000000000000000000000000000000000000000000000000000000001000000
000000000000000000000000000000000000000000000011100000000000000000000000000000000000000000000000000000000000000000000000000000000000100000000000000000000000000000000000000000000000000111000000110000000100000000000000000000100000000000000000000000000000000000000000000000011000111000000000000000000000
000000000000000000000000000000000000000000000000000000000000000000000000000000000000000000000000000000000000000000000000110000000001010000000000000000000000000000000000000000000000000000000000000100000100000000000000000000100000000000000000000000000000000000000000000000100100101100000000000000000000
000000000000000000000000000000000000000000000000000000000000000000000000000000000000000000000000000000000000000000000000110000000001010000000000000000000000000000000000000000000100000000000001000000000100000000000000000000000000000000000000000000000000000000000000000001100110100110000000000000000000
000000100000000000000000000000000000000000000000000000000011000000000000000000000000000000000000000000000000000000000000000000000000100000000000000000000000000000000000000000001010000000000001101100001000000000000000000000000000000000000000000000000000000000000000000000101000000100000000000000000000
000001010000000000000000000000000000000000000000000000000011000000000000000000000000000000000000000000000000000000000000000000000000000000000000000000000000000000000000000000001010000000000001100111110000000000000000000000000001000000000000000000000000000000000000000110001010001000000000000000000000
000001010000000000000010000000000000000000000000000000000000000000000000000000000000000000000000000000000000000000000000000000011000000011000000000000000000000000000000001100000100000000000000000000000000000000000000000000000001000000000000000000000000000000000000000110101010110000000000000000000000
000000100000000000000010011100000000000000000000000000000000000000000001100000000000000000000000000000000000000000000000000000100100000100100000000000000000000000000000001010000000000000000000010100000000000000000000000000000001000000000000000000000000000000000000001000110000000000000000000000000000
000000000000000000000010000000000000000000000000000000000000000000000001100000000000000000000000000000000000000000000000000000011000000011000000000000000000000000000000000100000000000000000000011100000000000000000000000000000000000000000000000000000000000100000000000110110000000000000000000000011000
000000000000000000000000000000000000000000000000000000000000000000000000000000000000000000000000000000000000000000000000000000000000000000000000000000000000000000000010000000000000000000000000000000000000000000000000000000000000000000000000000000000111000100000000000110000000000000000000000000011000
000000110000000000000000000000000000000000000000000000000000000000000000000000000000000000000000000000000000000110000000000000000000100000000000000000000000000000000101000000000000000000000000000000000000000000000000000000000000000000000000000000000100000100001100000000000000000000000000000000000000
000000110000000000000000000000000000000000000000001100000000000000000000000000000000000000000000000000000000001001000000000000000001010000000000000000000000000000000101000000000000000000000000000000000000000011000000000000000000000000000000000000000111000010000000110000000000000000000000000000000000
000000000000000000000000000000000000000000000000001100000000000000000000000000000000000000000000000000000000000101000000000000000001010000000000000000000000000000000100000000000000001100000000000000000000000001100000000000001100000000000000000000000000000011100000010000110110000000000000000110000000
000000000000000000000000000000000000000000000000000000000000000000000000000000000000000000000000000000000000000010000000000000000000100000000000000100000000000000000111000000000000001100000000000000000000100000110000000000010010000000000000000000000000000010011000100001111111000000000000000110000000
000000000000000000000000000000000000000000000000000000000000000000000000000000000000000000000000000000010000000000000000000000000000000010000000000100000000000000011000000000000000000000000000000000000000100010010000000000001100000000000000101000000000000000001110000101110000100000000000000000000000
000000000000000000000000000000000000000000000000000000000000000000000000000000000000000000000000000000101000000000000000000000000000000101000000000100000000000000011011000000001100000000000000000000000000100001010000000000000000000000000000110000000000011110000000011001000111000000000000000000000000
000000000000000000000000000000000000000000000000000000000001110000000000000000000000000000000000000000100100000000000000000000011000000101000000000000000000000000001101000000001100000011000000000000000000011000100000000000000000000000000000010000000000010001000000001111000110000000000000000000000000
000000000000000000000000000000000000000000000000000000000000000000000000000000000000000000000000000000011000000000000000000000100100000010000000000000000000000000000000000000000000000000101000000000000000001010110000000000000000000011000000000000000000010011000000000011000000000000000000000000000000
000010000000000000000000000000000000000000000000000000000000000000000000000000000000000000000000000000000000000000000000000000100100000000000000000110000000000000000000000000000000000000000000000000000000000010110000000000000000000100100000000000000000001110000000001011000000000000000000000000000000
000101000000000000000000000000000000000000000000000000000000000000000000000000000000000000000000000000000000000000000000000000011000000000000000001001000000000000001100000000000000000000011000000000000000000000000000000000000000000101000000000000001100000000000000011010000000000000000000000000000000
000110000000000000000000000000000001000000000000000000000000000000000000000000000000000000000000000000000000000000000000000000000000000000000000000110000000000000001010000000110000000001110000000000000000000000000000000000000000000010000000000000001100000000000000100010000000000000000000000000000000
000000000000000000001100000000000010100000000000000000000000000000000000000000000000000000000000000000000000000000000000000000000000000000000000000000000000000000000000000000101000000001100000000000000000000000000000000000000000000000000000000000000000000000000001000000000000000000000000000110000000
000000000000000000010010000000000010010000000000000000000000000000000000000001100000000000000000000000000000000000000000000000000000000000000000000000000000000000000000000000010000000001000000000000000000000000000000000000000000000000000000000000000000000000000000110110000000000000000000000110000000
000000000000000000001100000000000001100000000000011000010000000000000000000010010000000000000000000000000000000000000000000000000000000000000000000000000000000000000000000000000000000000000000000000000000000000000001111100000000000000000000000000000011000000000000000000000000000000000000000000000000
000000000000000000000000000000000000000000000000011000101100011000001101000010010000000000000000000000000011000000000000000000000000000000000000000000000000000001100000000000000000000000000000000000000000000000000011011000000000000000000000000001000011000000000000000000000000000000000000000000000000
000000000000000000000000000000000000000000000000000001101100011000011100100000110011000000000000000000000100100000000000000000000000000000000000000000000000000001100000000000000000000000000000000000000000000000000011110000000000000000000000000010100000000000000000000000000000000000000010000000000000
000000000000000000000000000000000000000000000000000001101011110000100000010000000101000000000000000000000011000000000000000000000000000000000000000000000000000000000000000000000000000000000000000000000000000000110110100000000000000000000000000010100000000000000000000000000000000000000101000000000100
000000000000000000000000000000000000000000000000000101101011100000000100010000001001000000000000000000000000000000000000000000000000000000000001110000000000000000000000000000000000000000000000000000000010000010111011000000000000000000000000000001000000000000000000000000011100000000000101000000001010
000000000000000000000000000000000000000000000000000110111010110000110100011111011010000000000000000000000000000000000000000000000000000000000000000000000000000000000000000000000000000000000000000000000101001110000101100000000000000000000000000000000000000001100000000000000000000000000010000000001001
000000000000000000000000000000000000000000100000000000010011011000001011000001011000000000000000000000000000000000000000000000000000000000000000000000000000000000000000000000000000000000000000000000001000100110000101000000000000000000000000000000000000000001100000000001000001000000000000000000000110
000000000000000000000000000000000000000001010000000000001011011100000000110001000000000000000000000000000000000000000000000000000000000000000000000000000000000000000000000000000000000000000000000000001000100011110011010000000000000000000000000000000000000000000000000001000001000000000000000000000000
000000000000000000000000000000000000000001010000000000010010100100011000001100000000000000000000000000000011000000000000000000000000000000000000000000000000000000000000000000000000000000000000000010000101000001110000100000000000000000000000000000000000000000000000000001000001000000000000000000000000
000000000000000000000000000000000000000000100000000000010010011000011000000000000000000000000000000000000011000000000000000000000000000000000000000000000000000000000000000000000000000000000000000101000000000000100000000000000000001100000000000000000000000000000000000000000000000000000000000000000000
000000000000000000000000000000000000000000000000000000001100000000000000000000000000000000000000000000000000000000000000000000000000000000000000000000000000000000000000000000000000000000000000000110011010000000000000000000000000001100000000000000000110000000000000000000011100000000000000000000000000
000000010000000000000000000000000000000000000000000000000000000000000000000000000000000000000000000000000000000000000000000000000000000000010000000000000000000000000000000000000000000000000000000000010010110000000000000000000000000000000000000000000110000000000000000000000000000000000000100000000000
000000010000000110000011000000000000000000000000000000000000000000000000000000000000000000000000000000000000000000000000000000000000000000010000000000000000000000000000000000000000000000000000000000000000000000000000000000000000000000000000000000000000000000000000000000000000000000000000100000000000
000000010000000011000110000001110000000000000000000000000000000000000000000000000000000000000000000000000000000000000000000000000000000000010000000000000000000000000000000000000000000000000000000000001011011100000000000000000000000001110000000000000000000000000000000000000000000000000000100000000000
000000000000010010101010010000000000000000000000000000000000000000000000000000000000000000000000000000000000110000000000000000000000000000000000000000000000000000000000000000000000000000110000000000011011011110000000000000000000000000000000000000000000000000000000000000000000000000000000000000000000
000000000000011101101101110000000000000000000000000000000000000000000000000000000000000000000000000000000000110000000000000000000000000000000000000000000000000000000000000000000000000001001000000000011001010001000000000000000000000000000000000000000000000000001100000000000000000000000000000000000000
000110000000001010101010100000000000000000000000000000000000000000000001100000000000000000000000000000000000000000000000000000000000000000000000000000000000000000000000000000000000000001001000000000001110110110000000000000000000000000000000000000000000000000001100000000000000000000000000000000000000
000110000000000111000111000000000000000000000000000000000000000000000001100000000000000000000000000000000000000000000000000000000000000000000000000000000000000000000000000000000000000000110000000000000111000100000000000000000000000000000000000000000000000000000000000000000000000000000000000000000000
