300 300
000000000000001100000000000000000000000000000000000000000000000000000000000000000000000111000111000000000000000000000000000000000000000000010000000000000000000000000000000000000000000001000000000000000000000000000000000000000000000000000000000000000000000000000000000000000000000000000000000000000000
000000000000010010011100000000000000000000000000000000000000000000000000000000000000001010101010100000000000000000000000000000000000000000101000000000000000000000000000000000000000000111000000000000001110000000000000000000000000000000001100000000000000000000000000000000000000000000000111000000000000
000000000000001100000000000000000000000000000000000000000000000000000000000000000000011101101101110000000000000000000000000000000000000000101000000000000000000000000000000000000000001000000000000100000000000000000000000000000000000000010010000000000000000000000000000000000000000000000000000000000000
000000000000000000000000000000000000000000000000000000000000000000000110000110000000010010101010010000000000000000000000000000000000000000010000000000000000000000000000000000000000010100000000000111000000000000000000000010000000000000010100000000000000000000000000000000000000000000000000000000000000
000000000000000000000000000000000000000000000000000000000000000000001001000110000000000011000110000000000000000000000000000000000000000000000000000000000000011000000001110000000000011000000000000100100000000000000000000111000000000000001000000000000000000000000000000000000000000000000000000000000000
000000000000000000000000000000000000000000000000000000000000000000000110000000000000000110000011000000000000000000000000000000000000000000000000000000000000011000000000000000000000000000000000000010100000000000000000000101100000000000000000000000000000000000000000000000000000000000000000000000000000
000000000000000000000000000000000000000000000000000000000000000000000000000000000000000000000000000000000000000000000000000000000000000000000000000000000000000000000000000000000000100000000010100000100000000000000000000000100001000000000000000000000000000000000000000000000000000000000000000000000000
000000000000000000000000000000000000000000000000000000000000000000000000000000000000000000000000000000000000000000000000000000000000000000000000000000000000000000000000000000000000111000000100100000000000000000000000000000000111000000000000000000000000000000000000000000000000000000000000000000000000
000000000000000000000000000000000000000000000000000000000110000000000000000000000000000000000000000000000000000000000000000000000000000000000000000000000000000000000000000000000000111000000100000000000000000000000000001001100000000000000000000000000000000000000000000000000000000000000000000000011000
000000000000000000000000000000000000000000000000000000000101000000000000000000000000000000000000000000000000000000000000000000000000000000000000000000000000000000000000000000000000000000000011001100000000000000000000001000101001000000000000000000000000000000000000000000000000000000000000000000011000
110001100000000000000000000000000000000000000000000000000010000000000000000000000000000000000000000000000000000000000000000000000000000000000000000000000000000000000000000000000000000000000000100000000000000000000000010000010001000000000000000000000000000000000000000000000000000000000000000000000000
110001100000000000000000000000000000000000000000000000000000000000000000000000000000000000000000000000000000000000000000000000000000000000000000000000100000000000000000000000000000000000000000100100000000000000001000001010000001000000000000000000000000000000000000000000000000000000000000000000000000
000000000000000000000000000000000000000000000001000000000000000000000000000000000000000000000000000000000110000000000000000000000000000000000000000001010000000000000000000000000000000000000000011000000000000000000010000000000001000000000000000000000000000000000000000000000000000000000000000000001100
000000000000000000000000000000000000000000000001000000000000011000000000000000000000000000000000000000000110000000000000000000000000000000000000000011011000000000000000000000000000000000000000000000000000000001000001000000001001000000000000000000000000000000000000000000000000001100000000001000001100
000000000001100011000000000000000000000000000001000000000000011000000000000000000000000000000000000000000000000000000000000000000000000000000000100000000000000000000000000000000000110000000000000000000000000010000000011000001000100000000000000000000000000000000000000000000000001100000000001000000000
000000000001100011000000000000000000000000000000000000000000000000000000000000000000000000000000000000000000000000000000000000000000000100000010010000000001100000000010000000000001001000000000000000000000000001001000011000000000010000000000000000000000000000000000000000000000000000000000001100000000
000000000000000000000000000000000000000000110000000000000000000000000000000000000000000000000000000000000000000000000010000000000000001010001110100000000001100000000101000000000000110000010000000000000000000000110001110000000100010000000000000000000000000000000000000000000000000000000000000000000000
000000000000000000001100000000000000000000110000110000000000000000000000000000000000000000000000000100000000000000000010000000000000000110000010000000000000000000000110000000000000000000010000000000000000000000001110000000000011100000000000000000000000000000000000000000000000000000000000100100000000
000000000000000000010010000000000000000000000000110000000000000000000000000000000000000000000000000100000000000000000010000000000000000000000000011001110000000000000000000000000000000000010000000000000000000000001110001100000000000000000000000000000000000000000000000000000000000000000000011000000000
000000000000000000001100000000000000000000000000000000000000000000000000000000000000000000000000000100000000000000000000000000100000000000000000100001000000000000000000000000000000000000000000000000000000000000000000000110000000000000000000000000000000000000000000000000000000000000000000000000000000
000000000000000000000000000000000000000000000000000000000000000000000000000000000000000000000000000000000001110000000000000000100000000000000000000000000100110000000000000000000000000000000000000000000000000011000000000000000000000000000000000000000000000000000000000000000000000000000000000000000000
000000000000000000000000000000000000110000000000000000000000000000000000000000111000000000000000000000000000000000000000000000100000000000000000000000000000110000000000000110000000000000000000000000000000000011000000000000000000000000000000000000000000000000000000000000000000001000100000000000000000
000000000000000000000000000000000000110000000000000000000000000000000000001000000001010000000000000000000000000000000000000000000000000001100000000000100100000000000000000110000000000000000000000000000000000000000000000000000000000000000000000000000000000000000000000000000000001000110000000000000000
000000000000000000110000000000000000000000000000000000000000000000000000010110000100010000000000000000000000000000000000000000001110000001100000000001101100000000000000000000000000000000000000000000000000000000000000000000000000000000000000000000000000000000000000000000000000001000100000000000000000
000000000000000000110000000000000000000000000000000000000000000000110001100001001001001000000000000000000000000000000000000000000000000000000000000001100100000000000000000000000000000000000000000000000000000000000000000000000000000000000000000000000000000000000000000000000000000001000000000000000000
000110000000000000000000000000000000000000000000000000000000000001001001000011110000110111000000000000000000000000000000000000000000000000000000000000111000000000000000000000000000000000000001100000000000000000000000000000000000000000100000000000000000000000000000000000000000000001000000000000110000
001001000000000000000000000000000000000000000000000000000000000001010001111100000001101001000000000000000000000000000000000000000000000000000000000000010000000000000000000000000000000000000010010000000000000000000000000000000000000001010000000000000000000000000110000000000000000001000100000001010000
001010000000000000000000000000000000000000000000000000000000000000100000000000000010001001000000000000000000000000000000000000000000000000000000000000000000000000000000000000000000000000000001010000000000000000000000000000000000011001010000000000000000000000000110000000000000000000000000000001000000
000100000000000000000000000000000000000000000000000000110000000000000000000000000010101010000000000000000000000000000000000000000000000000000000000000000000000000000000000000000000000000000000100000000000000000000000000000000000011000100000000000000000000000000000000000000000000000001100000000110000
000000000000000000000000000000000000000000000000000001001100000000000000000000000010000000000000000000000000000000000000000000000000000000000000000000100000000000000000000000000000000000000000000000000000000001100000000000000000000000000000000000000000000000000000000000000000000000000000000000110000
000000000000000000000000000000000000000000000000000001111100000000000000000000000000000000000000000000000000000000000000000010000000000000000000000000000000000000000000000000000000000000000000000000000000000010010000000000000000000000000000000000000000000000000000000000000000000000000000000000000000
000000000000000000000000000000000000000000000000000000000000000000000000000000000000000000000000000000000000000000000000000101000000000000000000000000000000000000000000000000000000000000000000000000000000000000000000000000000000000000000000000000000000000000000111000000000000000000000000000000000000
000000000000000000000000000000000000000000000000000000000000000000000000000000000000000000000000000000000000000000000000000010000000000000000000000000000000000000000000000000000000000000000000000000000000000000000000110000000000000000000000000000000000000000000000000000000000000000000000000000000000
000001000000000000100000000000000000000000000000000000000001110000000000000000000000000000000000000000000000000000000000000000000000000000000000000000000000000000000000000000000000000000000000000000000000000000001000010000000000000000000000000000000000000000010000010000000000000000000000000000000000
000000000000000001010000000000000000000000000000000000000010001000000000000000000000000000000000000000000000000000000000000000000000000000000000000000010000000000000000000000000000000000000000000000000000000001000010010000000000000000000000000000000000000000010000010000001100000000000000000000000000
000000000000000001001000000000000000000000000000000000000100001000000000000000000000000000000100000000000000000000000000000000000000000000000000000000010000000000000000000000000000000000000000000000000000000010011010000000000000000000000000000000000000000000010000010000001100000000000000000000000000
000000011100000000110000000000000011000000000000000000001000110000000000000000000000000000001010000000000000000000100000000000000001000000000000000000010000000000000000000000000000000000000000000000000000000000110000100000000000000000000000000000000000000000000000000000000000000000000000000000000000
000001110000000000000000000000000010100000000000000000001001000000000000000000000000000000001010000000000000000001010000000000000010100000000000000000000000000000000000000000000000000000000000000000000000001110001000110000000000000000000000000000110000000000000111000000000000000000000000000000001100
000000100000000000000000000000000001000000000000000000001001001100000000000000000000000000000100000000011000000000100000000000000010100000000000000000000000000000000000000000000000000000000000000000000000001110001000110000000010000000001100000001001000000000000000000000000000000000000000000000001100
000010000000000000000000000000000000000000000000000000000111110010000000000000000000000000000000000000011000000000000000000000000001000000000000000000000000000000000000000000000000000000000000000000000000000000001100011000000101000000001110100000100100000000000000000000000000000000000000000000000000
000000100000000000000000000000000000000000000000000000000001010010000000000000000000000000000000000000000000000000000000000000000000000000000000000000000000000000000000000000000000000000000000000000001100000101100011011010000101100000010001011000000010000000000000000000000000000000000000000000000000
000001000000000000000000000000000000000000000000000000000000111100000000000000000000000000000000000000000000000000000000000000000000000000000000000000000000000000000110000000000000000000000000000001101100000101001011111111000011000000001101000000010010000000000000000000000000000000000000000000000000
000000000000000000000000000010111000000000000000000000000000000000000000000000000000000000000000000000000000000000000000000000000000000000000000000000000000000000000110000000000000000000000000000001100010001000010000111110100000000000001100111000010000000110000011000000000000000000000000000000000000
000000000000000000000000000000101100000000000000000000000000000000000000000000000000000000000000000000000000001000010000000000000000000000000000000000000000000000000000000000000000000000000000011110001100000100000000011001100000000000000000000000100100000110000011000000000000000000000000000000000000
000000000000000000000000000000001000000000000000000000000000000000000000000000000000000000000000000000000000001000010000000000000000000000000000000000000000000000000000000000011000000010000000011101101100000100100000110000000000000010000000000100100100000000000000000000000000000000000000000000000000
000000000000000000000000001000001000000000000000000000000000000000000000000000000000000000000000000000000000001000010000000000000000000000000000000000000000000000000000000000101000000101000000000001100000000011100000010110000000000001000000001101101000000000000000000000000000000000000000000000000000
000000000000000000000000000100000000000000000000000000000000000000000011000000000000000000000000000000000000000000000000000000000000000000000000000011001100000000000000000000010000000101000000000000000000000000000000001100000000000001100000010000101100000001000000000000000000000000000000000000000000
000000000000000000000000000001100000000000000000000000000000000000000011000000000000000000000000000000000000000000000111000000000000000000000000000101001100000000000000000000000000000010000000000000000000000000000000000000000000000011000000010010101000000010100000000000000000000000000000000000000000
000000000000000000000000000000000000001110101000000000000000000000000000100000000000000000000000000000000000000000000000000000000000000000000000000010000000000000000000000000000000000000000000000000000000000000000000000000000000110111000000001110110000000010100000000000000000000000000000000000000000
000000000000000000000000000000000000001000000000000000000110000000000000001000000000000000000000000000000000000000000000000000000000000000000000000000000000000000000000000000000000000000000000000000000000000000000000000000001100011100000000000100000000000001000000000110000000000000000000000000000000
000000000000000000000000000000000000010001001001000000000110000000000000000100000000000000000000000000000000001000000000000000000000000000001100000000000000000000000000000000000000100000000000000000000000000000000000000000001010001000000000000000000000000000000000000101000000000000000000000000000100
000000000000000000000000000000000000010001100001000000000000000000000010100010000000000000000000000000000000001000000000000011000000000000010010000000000000000000000000000000000000100000000000000000000000000000000000000000000100000000000000000000000000000000000000000010000000000000001110000000000100
000000000000000000000000000000000001100010000001000000000000000001000010101001000000000000000000000000000000001000000000000100100000000000001100000000000000000000000000000000000000100000000000000000000000000000000000000000000010000000000000000000000000000000000000000000000000000000001001000000000100
000000000000000000000000000000000001100010000000000000000000000011100000101000100000000000000000000000000000000000000000000010100000000000000000000000000000110000000000000000000000000010000000000000000000000000000000000000000100000000000000000000000110000000000000000000000000000000110011000000000000
000000000000000000000000000000000001100000000000000000000000000110110000011001000000000000000000000000000000000000000000000001000000011100000000000000000001001000000000000000010100000001000000000000000000111000000000000000000100000000000000000000000110000000000000000000000010000000101001000000000000
000000000000000000000000000000100000000001100000000000000000000011100000010000000000000000000000000000000000000000000000000000000000000000000000000000000000110000000000000000010100001001100000000000000000000000000000000000000000000000000000000000000000000000000000000000000111000000101000000000000000
000000000000000000000000000001010000010001011000000000000000000001000000001100000000000000000000000000000000000000000000000000000000000000000000000000000000000000000000000000010010011110110000000000000000000000000000000000000000000000000000000000000000000000000000000000000101000000000000000000000000
110000000000000000000000000000100000010001000000000000000001100000000011000000000000110000000000000000000000000000000000000000000000000000000000000000000000000000110000000000001010101110100001100000000000000000000000000000000000000000000000000000000000000000000000000000000000000000010010001000000000
110000000000000000000010000000000000001010000000000000000010010000000101000000000000110000000000000000000000000000000000000000000000000000000000000000000000000000110000000000000110101000100001100000000000000000000000000000000000000000000000000000000000000000000000000000000000000000000010011000000000
000000000000000000000101000000000000000100000000000000000010100000000101000000000000000000000000000000000000000000000000000000000000000000000000000000000000000000000000000000000001110110000000000000000000000000100000000000000000000000000000000000000000000000000000000000000001100000010010001000000000
000000001100000000000101000000000000000000000000000000000001000000000000000000000000000000000000000000000000000000000000000000000000000000000000000000000000000000000000000000001110001000000000000000000000000001010000000000000000000000000000000000000000000000000000000000000000100000000000000000000000
000000010010000000000010000000000000000000000000000000000000000000000000000000000000000000000000000000000000000000000000000000000000000000000000000000000000000000000000000000000001000100000000001000000000000001010000000000000000000000000100000000000000011100000000000000000011000000101000000000000000
000000001100000000000000000000000000100000000000000000000000000000000000000000000000000000000000000000000000000000000000000000000000000000000000000000000000000000000000000001100111001000000000010000000000000000100000000000000000000000001010000000000000000000000000000000000000000000101001000000000000
000000000000000000000000000000000001100000000000000000000000000000000000000000000000000011000000000000000000000000011000000000000000000000000000000000000000000000000000000000000110011100000000010000000000000000000000000000000011100000001100000000000000000000000000000000000000000000110011000000000000
000000000000000000000000000000000001000000000000000000000000000000000000000000000000000000000000000000000110000000000000000000000000000000000000000000000000000000000000000000000000000000000000011000000000000000000000000000000100010000000000000000000000000000000000000000000000000000001001000000000000
000000000000000000000000000000000000000000000000000000000000000000000000000000000000000000000000000000000110000000000000000000000000000000000000000000000000000000000000000000000000000000000000011011100000000000001100000000000100000000000000000000000000000000000000000000000000011000001110000000000000
000000000000000000000000000000000000000000000000000000000000000000000000000000000000000000000000000000000000000000000000000000000000000000000000000000000000000000000000110000000000000000000000011100000000000000001100000000000101000100000000000000000000000000000000000000000000011000000000000000000000
000000000000000000000000000000000000100000000000111000000000000000000000000000000000000000000000000000000000000000000100000000000000000000000000000000000000000000000000110000000000000000000000010000000000000000000000000000000000110110000000100000000000000000000000000000000000000000001001110000000000
000000000000000000000000000000000000100000000000000000000000000000000000000000000000000000000000000000000000000000001000000000000000000000000000000000000000000000000000000000000000000000000000001100000000000000000000000000000111100110000001110000000000000000000000000000000000000000011101000000000000
000000000000000000000000000000000000000000000000000010000000000000000000000000000000000000000000000000000000000000000100001000000000000000000000000000000000000000000000000000000000000000000000000100000000000000000000000000000011101110000010110000000000000000000000000000000000000000111011000100000000
000000000000000000000000000000000001110000000000000010000000000000000000000000000000000000000000000000000000000100000011001000000000000000000000000000000000000000000000000000000000000000000000000000000000000000000000000000000011001101100110011101000000000000000000000000000000000001100111000100000000
000000000000000000000000000000000001110000000000000010000000000000000000000000000000000000000000000110000000001010000000000000000000000000010000000000000000000000000000000000000000000000000000000000000000000000000000000000000011001101100011110001000000000000000000000000000000000011100111000100000000
000000000000000000000000000000000000100000000000000000000000000000000000000000000110000000000000000110000000001010000000000000000000001111101100000000000000000000000001000000000000000000000000000000000000000000000000000000001111001101000001110001000000000000000000000001000000000001011101000000000000
000000000000000000000000000000000000000000000000111000000001000000000000000001100110000000000000000000011100000100000000000000000000000111101100000000000000000110000001000000000000000000000000000000000000000000000000000000000001000010010000000000000000000000000000011111000000000000111001110000000000
000000000000000000000000000000000000000000000000000000000010100000000000000001100000000000000000000000000000000000000000000000000000001100011100000000000000001001000001000000000000000000000000000000000000000000000000000000010110000000110000000000000000000000000000011110100110000000010000000000000000
000000000000000000000000000000000000000000000000000000000010010000000000000000000000000000000000000000000000000000000000000000000000001100000000000000000000000110000000000000011001100000000000000000000000000000000000000000011100010000000000000000000000000000000001011000000110000000000000000000000000
000000011000000000000000000000000000000000000000000000000001100000000000000000000011000000000000000000000000000000000000000000000000000111100000000000000000000000000000000000011001100000000001100000000000000000000000000000011000011000000000000000000000000000000110000000000000000000000000000000000000
010000011000000000000000000000000000000000000000000000000000000000000000000000000011000000000000000000000000000000000000000000000000000011100000000000000000000000000000000000000000000000000000010000000000001000000000000000001011001000000000000000000000000000001000000000000000000000000000000000000000
001110000000001110000000000000000000000000000000000000000000000100000000000000000000000000000000000000000000000000000011000000000010000001000001100000000000000000000000000000000000000000000000000000000000010100000000000000001111110000000000000000000000000000000001100110000110000000000000000000000000
001100000000000010000000000000000000000110000000000000000000011110000000000000000000000000000000000000000000000000000011000000000010000000000001100000000000000000000000000000011000000000000100001000000000010100000000000000000011100000000000000000000000000000000000110100000101000000000000000001100000
000000001110001000000000000000000000000110000000000000000000011001000000000000000000000000000000000000000000000000000000000000000010000000000000000000000000000000000000000000011000000000000000010000000000001000000000000000000000000000000000000000000000000000001001001010000010000000000000000001100000
000000001000001000000000000000000001000000000010000000000000100001000000000000000000000000001100000000000000000000000000000000000000000000000000000000000000000000000000000000000000000000000011100000000000000000000000000000000000010000000000000000000000000000000111001100000000000000000000000000000000
000000110000001000100000000000000010100000000111001101100000101110000000000000000000000000001100000000000000000000000000000000000000000000000000000000000000000000000000000000000000000000000000000011000000000000000000000000000000101000000000000000000000000000000100000000000000000000000000000000000000
000000001000100101000011100000000010100000001101100100010000011100000000000000000000011000000000000000000000000000000000000000000000000000000000000000000000000000000000000000000000000000000000000011100000000000000000000000000000110000000000000000000000000000001100000110000001001000000000000000000000
000000000010100100000011100000000001000000000111000001010000000000000000010000000000011000000000000000000000000000000000000000000000000000000000000000001000000000000000000000000000000000000000000001000000000000000000000000000000000000000000000000000000000000001100000110000100111110000000000000000000
000000000000000000000000011000110000000000000010000000100000000000000000101000000000000000000000000000000000000000000000000000000000000000000000000000001000000000000000000000000000000000000000000011000000000000000000000000000000000000000000000000000000000000000000010000000000010001000000000000000000
000000000000000000000011010101110000000000000000000000000000000000000001101100000000000000000000000000000000000000000000000000000000000000000000110000001000000000000000000000000000000000000000000101000000000000000000000000000000000000000000000000000000000000000000010000000000101010011100000000000000
000000000000000000000011110010000000011100000000000000000000000000000001001100000000000000000000000000000000000000000000000000000000000000000001001000000000000000000000000000000000000000000000000110000000000000000000000000000000000000000000000000000000000000000000010000000000011000000000000000000000
000000000000000000000000000100000000000000000000000000000000000000000011000100000000000000000000000000000000000000000000000000000000000000000000110000000000000000000000000000000000000000000000000000000000000000000000000000000000000000000000000000000000000000000000001001000010110000000000000000000000
000000000000000000000000011100000000000001000000000000000000000000000001000100000000000000000000000000000000000000000000000000000000000000000000000000000000000000000000000000000000000000000000000000000000000000000000000000000000000000000000000000000000000000000000000110000001100000000000000000000000
000000000000000000000000000000000000000001000000000000000000000000000001000100000000000000000000111000000000000000000000000000000000000000010000000000000000000000000000000000000000000000000000000000000000000011100000000000000000000000000000000000000000000000000000000000000000000000000000000000000000
000000000000000000001000000000000011000001000000000000000000000000000001000000000000000000000001100110000000000000000000000000000000000000010000000000000000000000000000000000000000000000000000000000000000000100000000000000000000000000000000000000000000000000000000010000000000000000000000000000000000
000000000000000000010100000000000011000000000000000000000000000000000001000000000000000000000100111101000000000000000000000000000000000000010000000000000000000000000000000000001000000000000000000000000000000101010000000000000000000000000000000000000000000000000001001000000000000000000000000000001100
000000000000000001000000000000000000000000000000000000000000000000000000001000000000000000000101001011100000000000000000000000000000000000000000000000000000000000000000000000001000000000000000000000000000000111011000000000000000000000000000000000000000000000000001001000000000000000000000000000001100
000110000000010011110010000000000000000000000000000000000000000000000010001000000000000000010000000110010000001111000000000000000000000000000000000000000000100000000000000000001000000000000000000000110000000011011100110000000000000000011100000000000000000110000000100000000000000000000000000000000000
000110000000110000101100000000000000000000000000000000000000000000000010001000000000000000100011000111111000001101100000000000000000000000000000000000000001010000000000000000000000000000000000000000110000000011011011001000000000000000000000000000000000000110000000000000000000000000000000000000000000
000000000000110010001000000000000000000000000000000000000000000000000000110000000000000000000001011111111000000000010000000000000000000000000000000000000000100000000000000000000000000000000000000000000000000001001010001001000000000000000000000000000000000000000000000000000000000000000000000000000000
000000000011100000100000000000000000000000000000000000000000000000000000000000000000000000110100011101011010001001100000000000000000000000000000000000000000000000000000000000000000000000000000000000000000000000111000000110010000000000000000000000000000000000000001000000000000000000000000000000000000
000000000001010001100000000000000000000000000000000000000000000101000000000000000000000000000000010000000100110100000000000000000000000000000000000000000000000000000000000000000000000000000000000000000011100000000010000000000100000000000000000000000000000000000010100000000000000000000000000000000000
000000000000100010100000000000000000000000000000000000000001001000000000000000000000000110000001101000000000011000000000000000000000000000000000000000000000000000000000000000000000000000000000000000000000010000000011000100000110100000000000000111000000000000000011000000000000000000000000100000000000
000000000000000110110000000000000000000000000000000000000010100100100000000000000000000000000000110000000000011001110000000000000000000000000000000000000000000000000000000000000000000000011000001000000100010000000000110100000000100000000000000101000100000000000000000000000000000000110001100000000000
000000000000000000000000000000000000000000000000000000000010110001000001000000000000000000000000010000000000000111010000000000000000000000000000000000000000000000000000000000000000000001101000110100000101101100000000001100010110000000000000000101111111000000000000000000000000000000110001100000000000
000000000000000000000000000000000001100000000100000000000000110000000010100000000011100000000000000000000000001100000000000000000000000000000000000000000000000000000000000000000000000001100000000100000111001100000000001000000000111000000000000000011011100110000000000000000000000000000001000000000000
000000000000000000000000000000000001100000000010000000000001100000000100010000000000011000000000000000000000001101001000001000000000000000000000000000000000000000000000000000000000000000001000111011100011010100000000001000000101000100000000000000011111000110000000000000000000000000000000000000000000
000000000000000000000000000000000000000000001110000000000001110000000100100000000011000000000000000000000000010000000101001000001000000000000000000000000000000000000000000000000000000001010101001000100000000100000000001000001001000100000000011100000100000000000000000000000000000000000000000000000000
000000000000000000000000000000000000000000000000000000000000110000001100100000000000000000000000000000000000111000111000001000001000000000000000000000000000010000000000000000000000000001001101001101100001101000000000001100000001000100000000000000000000000000000000000000000000000000000000000000000000
000000000000000000000000000000000000000111000000000000000000000000010001000011011000000000110000000000000000110111001000100000001000000000000000000000000000101000000000000000000000000000000000010010000001110000000000011111000000111000000000010000000000000000000000000000000000000000000000000000000000
000000000000000000000000000000000000000000000000000000000000000000001110000010001000000000011000000000000001111001110001110000000000000000000000000000000001001000000000000000000000000000000000111110000000000000000000101000000000000000000000110000000000000000000000000000000000000000000000000000000000
000000000000000000000000000000000000010000000000000000000000000000000000000010001000011000000000000000000010111111110001100000000000000000000000000000000000110000000000000000000000000000000101111000000000100000000000101000000000000000000000110000000000000000000000000000101000000000000000000000000000
000000000000000000000000000000000000010000000000000000000000011000000000000001010000011000000000000000000010000000100000000110000000000000000000000000000000000000000000000000110000000000000011100000000001010000000000010000000000000000000000000000000000000000000000000000100100000000000000000000000000
000000000000000000000000000000000000010000000000000000000000110100000000000000100000001100000000000000000001100001010000000000000000000000000000000000000000000000000000000000101000000000000000000000000000110000000000000000000000000000000000000000000000000000000000000000100100000000000000000000000000
000000000000000000000000000000000000000000000000000000000000100100000000000000000000001101000000000000000000100001110000001000000000000000000011000000000000000000000000000000010000000000000000000000000000000000000000000000000000110000000000000000000000000000000000000000100010000000000000000000000000
000000000000000000000000000000000000000000000000000000000000111000000000000000000000000001000000000000000000100100100000000001000000000000000011000000000000000000000000000000000000000000000000000000000000000000000000000000000000110000100000000000000000000000000000000000010100000000000000000000000000
000000000000000000000000000000000000000000000000000000000000011000000000000000001000000110000000000000000000110110000001100101000000000000000000000000000000000000000000000000000000000000000000000000000000000000000000000000000000000001010000000000000000000000000000000000001000000000000000000000000000
000100000000000000000000000000000000000000000000000000000000000000000000000000001000000000000000000000000000010110000000000110000000000000000000000000000000000000000000000000000000000000000000000000000000000000000000000000000000000001010000000000000001100000000000000000000000000000000000000000000000
001010000000000000000000000000000000000000000000000000000000000000000000000000001100000000000000000000000000001100000110100000000000000000000000000000000000000000000000000000000000000000000000000000000000000000000000000000000000000000100000000000000001100000000000000000000000000000000000000000000000
001100000000000000000000000000000000000000000000000000000000000000000000000000000000000000000000000000000000000000000110110000000000000000000000000000000000000000000011000000000000000000000000000000000000000000000000000000000000000000000000000000000000000000000000000100000000000000000000000000000000
000000000000000000000000000000000000000000000000000000000000000000000000000000000000000000000000000000000000000000001111110000000000000000000000000000000000000000000100100000000000000000000000000000000000000000000000000000000000000000000000000000000000000000000000001010000000000000000000000000000000
000000000000000000000000000000000000000001100000000000000000000000000000000000000010011000000000000000000000000000000100100000000000000000000000000000000000110000000011000000000000000000000000000000000000000000000000000000000000000000000000000000000000000000000000001010000000000000000000000000000000
000000000000000000000000000000000000000010010000000000000000000000000000010000000001111110000000000000000000000000000011000000000000000000000000000000010000101000000000000000000000000000000000000000000000000000000000000000000000000000000000000000000000000000000000000100000000000000000000000000000000
000000000000000000000000000000000000000010100000000000000100000000000000001000000100100000000000000000000000000000000000000000000000000000000000000110001000100000000000000000000000000000000000000000000000000000000000000000000000000000000000000000000000000000000000000000000000000000000000000000000000
000000000000000000000000000000000000000010000000000000000100000000000000000000100111000001010000000000000000000000000000000110000000000000000000000110001100000000000000000000000000000000000000000000000000000000000000001100000000000000000000000000000000000000000000000000000000000000000000000000000000
000000000000000000000000000000000001100011100000000000010101000000000000000000111111111011110000000000000000000000000000000110000000000000000000000000000000000000000000000000000000000000000000000000000000000000000000010010000000000000000000000000000000000000000000000000100000000000000000000000000000
000000000000000000000000000000000001100011000000000001110000110000000000001011010001111101010000000001110000000000000000000000000000000000000000000000100000000000000000000000000000110000000000000000000000000000000000001100000000000000000000000000000000000000000000000001010000000000000000000100000000
000000000000000000000000000000000000000100000000000000110001010000000000001000100000011010100000000001001000000000000000000000000000000000000000000000001100000000000000000000000000110000000000000000000000000100000000000000000000000000000000000000000000000000000000000001010000000000000000001010000000
000000000000000000000000000000000000000000010100000000110000100000000000000000100000000110110000000001001000000000000000000000000000000000000000000010001110000000000000000000000000000001000000000000000000000010000000000000000000000000000000000000000000000000000000000000100000000000000000001010000000
000000000000000000000000000000000000000000110110000000010011100000000000000010000000000000000000000001011000000000000000000000000000000000000000000000000100000000000000000000000000000010100000000000000000001001000000000000000000000000000000000000000000000000000000000000000000000000000000000100000000
000000000000000000000000000000000000000000000100000000001010000000000000000000000000000000000000000000010000000000000000000000000000000000000000000000001100000000000000000000000000000011000000000000000000001010000010000000000000000011100000000000000000000000000000000000000000000000000000000000000000
000000000001100000000000000000000000000000000100000000000101100000000000001010000000000000000000000010110000110000000000000000000000000000000000000000101000000000000000000000000000000000000000000000000000000100000101000000000000000000000000000000000000000000000000000000000000000000000000000000000000
000000000001100000000000000000000000000000101100000000000011000000000000111011000000000000000000000001011000110000000000000000000000000010000000111000010000000000000000000000000000000000000000000000000000000000000101000000000000000000000000000000100000000000000000000000000000000000000000000000000000
000000000000000000000000111000000100000000001100000000000100100010100000001110000000000000000000000000001011000000000000000000000000000101000000000000000000000000000000000000000000000000000001100000000000000000000010000000000000000000000000000001010000000000000000000000000000000000000000000000000000
000000000000000000000000000000001010000000001110000000000010100010001100000100000000000000000000000000001011000000000000000000000000000110000000000000000000000000000000000000000000000000000010010000000000000000000000000000000000000000000000000001010000000000000000000000000000000000000000000000000000
000000000000000100000010000010000100000010000100000000000010010010000010000000000000000000000000000000000011000000000000000000000000000000000000000000000000000000000000000000000000000000000001100000000000000000000000000000000000000000000000000000100000000000000000000000000000000000000000000000000000
000000000000001010000010000010000000000001000100000000000001010000100001000000100000000000000000000000000001100000000000000000000000000000000000000000000000000000000000000000000000000000000000000000000000001110000000000000000000000000000000000000000000000000000000000000000000000000000000000000000000
000000000000010010000010000010000000000001101000000000000000000000011011000110110000000000000000000000000001100000000000000000000000000000000000000000000000000000000000000000000000000000000000000000000000000000000000000000000000000000000000000000000000000000000000000000000000000000000000000000000000
000000000000001100000000000000000000000000010000000000000000001001000011000000000000000000000000000000000000000000000000000000000000000000000000000000000000000000000000000000000000000000000000000000000001100000000000000000000000000000000000000000000000000000000000000000110000000000000000000000000000
000000000000000000000000111000000000000000000000000000000000111000000001000000000000000000000000000000000000000000000000000000000110000000110000000000000000000000000000000000000000000000000000000000000001100000000000000000000000000000000000000000000000000000000000000000110000000000000000000110000000
000000000000000000000000000000000000000000000000000000001110110001100000000010001000000000000000000000000000000000000000000000001001000000110000000000000000000000000000000000000000000000000000000000000000000000000000000000000000000000000000000000000000000000000000000000000000000000000000000110000000
000000000000000000000000000000000000000000000000000001100000100000110000000000001000001100000000000000000000000000000000000000000110000000000000000100000000000000000000000000000000000000000000000000000000000000000000000000000000000000000000000000000000000000000000000000000000000000000000000000000000
000000000000000000000000000000000000000000000000000001110100110000011000000011011000001100000000000000000000000000000000000000000000000000000000000110000000000000000000000000000000000000000000000000000000000000000000000000000000000000000000000000000000000000000000000000000000000000000000000000000000
000000000000000000000000000000000000000000000000000010000101000000111000000000100000000000000000000000000000000000000000000000000000000000000000010010100000000000000000000000000000000000000000000000000000000000000000000000000000000000000000000000000000000000000000000000000000000000001100000000000000
000000000000000000000000000000000000000010000000000001110000000000100000000000000000000000000000000000000000000000000000000000000000000000000000000000010000000000000000000000000000000000000000000000000000000000000000000000000000000001000000000000000000000000000000000000000000000000001100000000000000
000000000000000000000000000000000000000010000000000001000000000000000000000000000000000000000000000000000000000000000000000000000000000000000000000010100000000000000000000000000000000000000000000000000000000000000000000000000000000001000000000000000000000000000000000000000000000000000000000000000000
000000000000000000000000000000000000000010000000000000011010110000000000000000000000000000000000000000000000000000000000000000000000000000000000000001000000000000000000000000111000000000000000000000000000000000000000000000000000000001000000000000000000000000000000000000000000000000000000000000000000
000000000000000000100000000000000000000000000000000000000110010000000000000000000000000000000000000000000000000000000000000000110000000000000000000000000000000000000000000000000000001100000000000000000000000000000000000000000000000000000000000000000000000000000000000000000000000000000000000000000000
000000000000000001010000000000000000000000010000000000000100001110000000000000000000000000000000000000000000000110000000000000110000000000000000000000000111000000000000000001010100010010000000000000000000000000000000000000000000011100011100000000000000000000000000000000000000000000000000000000000000
000000000000000001001000000000000000000000101000000000000011000111000000000000000000000000000000000000000000000110000000000000000000000000000000000000001110110000000000000001101100001101100000000000000000000000000000000000000000000000000000000000000000000000000000000000000000000000000000000000000000
000000000000000000110000000000011000000000101000000001100110000001100000000000000000000000000000000000000000110000000000000000000000000000000000000000011001110000000000000110000011001101100000000000000000000000000000000000000000000001000000011000000000000000000000000000000000000000000000000000000000
000000000000000000000000000000100100000000010000000000000000000001000000000000000000000000000000000000000000110000000000000000000000000000000000000000101000000010000000010010010010010010000000000000000000000000000000000000000000000001000000011000000000000000000000000000000000000000000000000000000000
010000000000000000000000000000101000000000000000000000001110111010000000000000000000000000000000000000010000000000000000000000000000000000000100000000110001100101000000010100101001010000000000000000000000000000000000000000000000000001000000000000000000000000000000000000000000000000000000000000000000
101000000000000000110000000000010000000000000000000000000110111000000000000000000000000000000000000000111000000000000000000000000000000000001100000000000000000000000000000010010010010000000000000000000000000000000000000000000001000000000000000000000000000000000000000000000000000000000000000000000000
101000000000000000110000000000000000000000000000000000000110000000000000000000000000000000000000000010000110000000000000000000000000000000110000000000000000000000000010011110000011000000001110010000000000000000000000000000000001000000000000000000000000000000000000000000000000000000000000000000000000
010000000000000000000000000000000000000000000000000000000100000000000000000000000000000000000000000101010110000000000000000000000000000001100000010000000000000000000100000101101100000000000101101100000000000000000000000000000001000000010000000000000000111000000000000000000000000000000000000000000000
000000000000000000000000000000000000000000000000000000001000000000000000000000000000000000000000000101010000000000000000000000000000000001001000000000000000000000000100100001010100000000000100000000000000000000000000000000000000000000101000000000000000000000000000000000000000000000000000000000000000
000000000000000000000000000000000000000000000000000000000000000000000000000000000000000000000000000000010010000000000000000000110000000001000100000000000000000000000011100000000000000000110000100000000000000000000000000000000000011100101000000000000010000010000000000000000000000000000000000000000000
000000110000000000000000000000000000000000000000000000000000000000000000000000000000000000000000000000010010000000110000000001001000000000101000000010010000000000000000000000111000000000110000100000000000000000000000000000000000000000010000000000000010000010000000000000000000000000000000000000000000
000000110000000000000000000000000000000000000000000000011000000000000000000000000000001100000000000000001100000000110000000001001000000000010000000010000000000000000000000000000000000000100000010000110000000000000000000000000000000000000000011000000010000010000000000000000000000000000000000000000000
000000000000000000000000000000000001110000000000000000100100011000000000000000000000001100000000000000000000000000000000000000110000000000000001010100001000000000000000000000000000000000110000100000001000000000000000000000000001000000000000011000000000000000000000000000000000000000000000000000000000
000000000000000000000000000000000000000000000000000000011000000000000000000000000000000000000000000000000000000000000000000000000000000000000001000100000000000000000000000000000000000000000110001000110000000000000000000000000010100000010000000000000000111000000000000000000000000000000000000000000000
000000000000000000000000000000000000000000000000000000000000000100000000000000000000000000000000000000000000000000000000000000000000000000000011010000000000000000000000000000000001000000111010101000011000000000000000000000000100100000010000000000000000000000000000000000000000000000000000000000000000
000000000000000000000000000000000000000000000000000000000000011000000000000000000000000000000000000000000000000000000000000000000000000000001110001001100000000000000000000000000110000000101110000000000001100000000000000000000011000000010000000000000000000000000000000000000000000000000000000000001000
000000000000000000000000000000000000000000010000000000000000000000000000000000001110000000000000000000000000000000011000110000000000000000000000100000000000000000000000000000100000000000000011111000000001000000000000000000000000000000000000000000000000000000000000000000000000000000000000000000010100
000000000000000000000000000000000000000000110000000000000000000000000000000000000000000000000000000000000000000000010100101000010000000000010000011000000000000000000000000001010000000000001010011000000000100000000000000000000000000111000111000000000000000000000000000000000000000000000000000000010100
000000000000000000000000000000000000000000110000000000000000000000000000000000000000000000000000110000000000000000010001100000011100000000001000011000000000000000000000000001010000000000000001100000000001111000000000000000000000000000000000000000000000000000000000000000000000000000000000000000001000
000000000000000000000000000000000000000000100000000000000000000000000000000000000000000000000000110000000000000000000000000000010110000000000110100000000000000000000000000000100000000000000010000000000010000100000000000000000000000000010000000000000000000000000000000000000000000000000000000000000000
000000000000000000000000000000000011000000000000000000000000000000000001000000000000000000000000000000000000000000000001100000001100000000000001010000000000000000000000000000000000000000000000000000000011011000000000000000000000000000010000000000000000000000000000000000000000000000000000000000000000
000000000000000000000000000000000011000000000000000000000000000000000010100000000000001110000000000000000000000001010000000000001000000000010001010000000000000000000000000000000000000000000000000000000011011000000000000000000000000000010000000000000000000000000000000000000000000000000000000000000000
000000000000000000000000000000000000000000000000000000000000000000000010100000000000000000000000000000000000000000100000110000000000000001001000110000000000000000000000000000000000000000000000000000000000100000000000000000000000000000000000000000000000000000000000000000000000000000000000000000000000
000000000000000000000001000000000000000000000000000000000000000000000001000000000000100000100000000000000000000000000001001000000000000011000000000000000000000000000000000000000001100000000000000000000000000000000000000000000000000000000000000000000000000000000000000000000000000000000000000001100000
000000000000000000000001000000000000000000000000000000010000000000000000000000000000100000100000000000000000000000000001101000000000000100010000000000000000010000000000000000000010100000000000000000000000011000000000000000000000000000000000000000000000000000000000000000010000000000000000000001100000
000000000000000000000001000000000000000000000000000000010000000110000000000000000000100000100000000000000000000001000000010000000000000010010000000000000000101000000000000000000011000000000000000000000000101000000000000000000000000000000000000000000000000000000000000000101000000000001110000000000000
000000000000000000000000000000000000000000000100000000010000000110000000000000000000000000000000000000000000000011101000000000000000000001100010000000000000101000000000000000000000000000000000000000000001010000000000000000000000000000000000000000000000000000110000000000101000000000000000000000000000
000000000000000000011100000000000000000000001010000000000000000000000000000000000000001110000000000110000000000110000000100000000000000000000010000000000000010000000000000000000000000000000000000000000000100000000000000000000000000000000000000000000000000001001000000000010000000000000000000000000000
000000000000000000000000000000000000000000000110000111000111000000000000000000000000000000000000000110000000000000101000100000000000000000000010000000000000000000000000000000000000000000000000000000000000000000000000000000000000000000000000000000000000000000110000000000000000000000000000000000000000
000000000000000000000000000000000000000000000000000000000000000000000000000000000000000000000000000000000000000000001101111000000000000000000000000000000000000000000000000000000000000000000000000000000000000000000000000000000000000000000000000000000000000000000000001100000001100000000000000000000000
000000000000000000000011000000000000011000000000000000010000000000000000000000000000000000000000000000001110000000011100011100000000000000000000000000000000000000000000000000000000000000000000000010000000000000000000000000000000000000000000000000000000000000000000010010000001100000000000000000000000
000000000000011100000011000000000000100100000000000000010000000000000000000000000000000000000000000000000000000000110111110100000000000000000000000000000000000000000000000000000000000000000000000101000000000000000000000000000000000000000000000000000000000000000000001100000000000000000000000000000000
000000000000000000000000000000010001001000000000000000010000000000000000000000000000000000000000000000000000000001110000100000000000000000000000000110000000000000000000000000000000000000000000000101000000000000000000000000000000000000000000000000000000000000000000000000000000000000000000000000000000
000000000000000000000000000000010000110000000000000000000000100000000000000000000000000000000000000000000000000001010001101000000000000000000000000110000000000000000000000000000000000000000000000010000010000000000000000000000000000000000000000000000000000001100000000000000000000000000000000000000000
000000000000000000000000000000010000000000000000000000000000100000000000000000111000000000000000000000000000000010010000101100001100000000000000000000000000000000000000000000000000000000000000000000000111000000000000000000000000000000000000000000000000000001100000000000110000000000000000000000000000
000000000000000000000000000000000000000000000000000000000000100000000000000000000000000000000000000000000000000010001000011000001100000000000000000000000000000000000000000000000000000000000000000000000101000000000000000000000000000000000000000000011000000000000010000000110000000000000000000000000000
000000000000000000000000000111000111000000000000000000000000000000000000000000000000000000000000000000000000000010010000000001000000000000000000000000000000000000000000000000000000000000000000000000000000000000000000000000000000000000000000011000010100000000000101000000000000000000000000000000000000
000000000000000000000000000000000000000000000000000000001110001110000000000000000000000000000000000000000000000001110000000001000000000000000000000000000000000000000000000000000000000000000000000000000000000000000000000000000000000000000000100100001000000000001010000000000000000000001100000000000000
000000111000000000000000000000010000000000000000000000000000000000000000000000000000000000000000000110000000111000000000000001000000000000000000000000000000000000000000000001000000110000000000000000000000000000000000000000000000000000000000101000000000000000001100000000000000000000001100000000000000
000000000000000000000000000000010000000000000000000000000000100000000000000000000000000000000000000110000000000000000000000000000000000000000000000000000000000000000000000010100000110000000000000000000000000000000000000000000000000000000000010000000000000000000000000000000000000000000000000000000000
000010000010000000000000000000010000000000000000000000000000100000000000000000000000000000000000000000000000000000000000000000000000000000000000000000000000000000000000000010100000000000000000000000000000000000000000000000000000000000000000000000000000000000000000000000000000011000000000000000000000
000010000010000000000110000000000000000000000000000000000000100000000000000000000000000000000000000000000000000000000000000000000000000000000000000000000000000000000000000001000000000000000000000000000011000000000000000000000000000000000000000000000000000000000000000000000000011000000000000000000000
000010000010000000000110000000000000000000000000000000000000000000000000000000000000000000000000000000000000000000000000000000000000000000000000000000000000000000000000000000000000000000000000000000000111000000000010000000000000000000000000000000000000000000000000000000000000000000000000000000000000
000000000000000000000000000000000000000000000000000000000000000000000000000010000000000000000000000000000001100000000000000000000000000000000000000000000000000000000000000000000000000000000000000000001010000000001101100000000000000000000000000000000000000000000000000000000000000000000000000000000000
000000111000000000000000000000000000000000000000000000000000000000000000000101000000000000000000000000000001100101100000000000000000000000000011000000000000000000000000000000000000000000000000000000000100000000001000010000000000000000000000000000000000000000000000000000000000000000000000001000000000
000000000000000000000000000000000000000000000000000000000000000000000000000101000000000000000000000000000001100111010000000000000000000000000010010000000000000000000000000000000000000000000000000000000000000000100110001100000000000000000000000000000000001100000000000000000000000000000000010100000000
001000000000000000000000000000000000000000000000000000000011000000000000000010000000000000000000000000000000100010010000000000000000000000000100001000000000000000000000110000000000000000000000000000000000010000101001000100000000000000000000000000000000001100000000000000000000000000000000010100000000
001000000000000000000000000000000000000000000000000000000011000000000000000000000000000000000000000000000100010001010000000000000000000000000100001000000000000000000000110000010000000000000000000000000000111000000101000100000000000000000000000000000000000000000000000000000001000000000000001000000000
001000000000000000000000000000000000000000000000000000000000000000000000000000000000001110000000000000000101010010100000000000000000000000000100010000000000000000000000000000010000000000000000000000000001100111001011111000000000000000000000000000000000000000000000000000000001000000000000000000000000
000000011000000000000000000000000110000000000000000000000000000000000000000001000000010011000000000000000000010111000000000000000000000000000000000000000000000000000000000000010000000000000000000000000001000100000000000000100000000001000000000000000000000000000000000000000001000000000000000000000000
000000100100000000000000000000000110000000000000000000000000000000000000000010100000011100100000000000000000001000000000000000000000000000000000000000000000000000000000000000000000000000000000000000000001010001011101000001110000011011110000000000000000000000000000000000000000000000000000000000000000
000000010100000000000000000000000000000000000000000000000000000000000000000100100000001001110000000000000000000000000000000000000000000000000000000000000000000000000000000000000000000000000000000000000000000000000011100010010000011100010000000000000000000000000000000000011100011100000000000010000000
000110001000000000000000000000000000000000000000000000000000000000000000000011000000000000000000011000010000001101000000000000000000000000000000000000000000000000000000010000000000000000000000000000000000110110000000111000000000000011001000000000000000000000000000000000000000000000000110000101000000
000110000000000000000000000000000000000000000000000000000000000000000000000000000000000000000000011001001100000101000000000000000110000000000000000000000000000000000000101000000000000000000000000000000000001000000000011100000100000001110111000000000000001000000000100000000001000000000110000101000000
000000000000000000000000000000000000000000000000000000000000000000000000000000000000000000000000000001000110000010000000000000000110000000000000000000000000000000000000101000000000000000000000000100000000100000000000011100001010000000110000100000000000010100000011111000000001000000000000000010000000
000000000000000000000000000000000000000000000000000000000000000000000000000000000000000000000000000000010100000000000000000000000000000000000000000000000000000000000000010000000000000000000000001010000001111000000000000000001010000010000000100000000000101000000011000000000001000000100000000000000000
000000000000000000000000000001110000000000000000000000000000000000000000000000000000000000000000000000000000000000000000000000000000000000000000000000000000000000000000000000000000000000000000001010000100001000000000000000000100000101100111000000000000110000000011000000000000000000100000000000000000
000000000000000000000000000000000000000000000000000000000000000000000000000000000000000000000000000000000000000000000000000000001000000000000000000000000000000000000000000000000000000000000000000100000000010100000000000000000000000101100000000000000000000000000000000000000000000000100000000000000000
000000000000000000000000000000000000000000000000000000000000000000000000111000000000000000000000000000000000000000000000000000010100000000000000000000000000000000000000000000000000000000000000000000000000000111000000000000000000000011100010000000000000000000000000000001010000000000000000000000000000
000000000000000000000000000000000000000000000000000000000000000000000001011000000000000000000000000000000000000000000000000000001000000000000000000000000000000000000000000000000000000000000000000000000000000111000110000000000000000000001001000001010000000000000000010010000000000000000000000000000000
000000000000000000000000000000000000000000000000000000000000000000000001010000000000000000000000000000000000000000000000000000000000000000000000000000000000000000000000000000000000000000000000000000000000000000001001000000000000000000010001000010010000000000000000001110000000000000000000000000000000
000000000000000000000011000000000000000000000000000000000000000000000011000000000000000000000000000000000000000000000000000000000000000000000000000000000000000000000000000000000000000000110000000000000010000000000110000000000000000000011010000010001000000000000001101100010000000000011000000000000000
000000000000000000000011000000011000000000000000000000000000000000000010000000100000000000000000100000000000000000000000000000001000000000000000000000000000000000000000000000000000000000110000000000000001010000000000000000000000000000010100000010000000000000011100010111000000000000011000000000000000
000000000000000000000000000000011000000000000000000000000000000010000110000001110000000000000000100000001110000000000000000000010100000000000000000000000000000000000000000000000000000000000000000000000000110000000000000000000000000010001100000001000100000000010010000000000000000000000000000000000000
000000000000000000011000000000000000000000000000000000000000000010000011000011001000000000000000100000000000000000000000000000010100000000000000000000000000000000000000000000000000000000000000000000000000000000011000000000000000000010001100000000011010000000000010000000000000000000000000000000000000
000000000000000000100100000000000000000000000000000000000000000010000000000001111000000000000000000000000000000000000000000000001000000000000000000000000000000000000000000000000000000000000000000000000000000000111100000000000000000100000000000000001101100000001001000000000000011000000000000000000000
000000000000000000011000000000000000000000000000000000000000000000000000000101000000000000001110000000000000000000000000000000000000000000001100000000000000000000000000000000000000000000000000000000000000000001001010000000000000000011000000000000000101100000000001100000000000100100000000000000000000
000000000000000000000000000000000000000000000000000000000000000000000000001001000001000000000000000000000000000000000000000000000000000000001100000000000000000000000000000000000000000000000000000000000000000001100110000000000000000011000000000000000011000000000101000000000000010100000000000000000000
000000000001100000000000000000000000000000000000000000000000000000000000001001000010100000000000100000000001110000000000000000000000000000000000000000000000000000000000000000000000000000000000000011100000000000000000010000000000011100000000000000000000000000000010000000000000001000001000000000000000
000000000001100000000000000000000000000000000000000000000000000000000000000110000010100000000000100000000000000000000000000000000000000000000000000000000000000000000000000000000000000000000000000000000000000000000000011000000000011100000000100000000000000000000000000000000000000000010100000000000000
000000000110000000000000000000000000000000000000000000000000000000000000000000000001000000000000100000000000000000000000000000000000000000000000001000000000000000000000000000000000000000000000000000000000000000011000101100000000000100000000100000000000000000000000000000000000000000100100000000000000
000000000110000000000000000000000000000000000000000000100000000000000011100000000000000000000000000000000000000000000000000000000000000000000000001000000000000000000000000000000000000000000000000000000000000000101111111000000000000000000000101000000000000000000000000000000000000000011000000000000000
000000000000000000000000000000000000000000000000101001110000000000000101000000000000000000000000000000000000110000000000000000000000000000000000001000000000001000000000000000000000000000000000000000000000000000100000010000000000000000000000000100000000000000000000000000000000000000000000000000000000
000000000000000000000000000000000000000000000000100001110000000011011100100000000000000000000000000000000000110000000000000000000000000000000000000000000000001000000000000000000000000000000000000011000000000000100101100000000000000000000011000010000000000000000000000000000000000000000000000000000000
000000000000000000000000000000000000000000000000100101101110000111011000011000000000000000000000000000000000000000000000000000000000000000011000000000000000001000000000000000000000000000000000000111100000000000010100000000000000000000000000000110000000000000000000000000000000000000000000000000000000
001100000000000000000000000000000000000000000000000110010001000010011000000000000000000000000000000000000000000000000000000000000000000000100100000000000000000000000000000000000000000000000000001001010000000000011000000000000000000000000111011100000000000000000000000000000000000000000000000000000000
001100000000000000000011100000000000000000000000000110010101000001110000000000000000000000000000000000000000000000000000000000000000000000011000000000000000000000010000000000000000000000000000001100110000000000000000000000000000000000000000011000000000000000000000000000000000000000000000000000000000
000000000000000000000000000000000001100000000000000001100010000000110000000000000000000000000000000000000000000000000000000000000000000000000000000000000000000000010000000000000000000000000000000000000010000000000000000000000000000000000000010000000000000000000110000000110000000000000000000000000110
000000000000000000000000000000000010010000000000000000000000000000000100000000000000000000000000000000000000000000000000000000000000000000000000000000000000000000010000000000000000000000001100000000000011000000000000000000000000000000000000000000000000000000001001000001001000000000000000000000000110
000000000000000000000000000000000001100000000000000000000000000000011100000000000000000000000000000000000000000000000000000000001000000000000000000000000000000000000000000000000000000000001100001100000101100000000000000000000000000000011000000000000000000000000110000000110000000000000000000000000000
000000000000000000000000000000000000000000000000000000000000000000111000000000000000000000000000000000000000000000000000000000010100000000000000000000000000000000000111000000000000000000000000011100011111000000000000000000000000000000011000000000000000000000000000000000000000000000000000000000000000
000000000000000000000001100000000001100000000000000000000000000001110000000000000000000000000000000000000000000000000010000000010110000000000000000000000000000000000000000000000000000000000000111000000010000000000000000000000000000000000000000000000010000000000000001000000000000000000000000000000000
000000000000000000000001100000000010010000000000000000000110000000101000000000000000000000000000000000000000000000000101000000000110111000000000000000000000000000000000000000000000000000000000110000010100000000000000110000000000000000000000000000000101000000000000010100000000000000000000000000000000
000000000000000000000000000000000001100000110000000000000110000000111001000000000000000000000000000000000000011000000110000000001100000000000000000000000000000000000000000000000000000000000000100000001000000000000000110000000000000000000000000000000110000000000000010100000000000000000000000000000000
110000000000001100000000000000000000000001001000000000000000010001100010000000000000000000000000000000000000011000000000000000000000000000000000111000000000000000000000000000000000000000000000010000000000000000000000000000000000000000000000000000000000000000000000001000000000000000000000000000000000
110000000000001100000000000000000000000000110000000000010000101001000110000000000000000000000000000000000000000000000000000011100000000000000000000000000000000000000000000000000000000001000000000000000000000000000000000000000000010000000000000000000000000000000000000000000000000000000000000000000000
000000000000000000000000000000000000000000000000000000010001000100011100000000000000000000000000000000000000000000000000000011100000000000000000000000000000000000000000000000000000000001100000000000000000000000000000000000000000111000000000000000000000000000000000000000000000000000000000000000000000
000000000000000000000000000000000000110000000000000000010001101000010000000000000000000000000000000000000000110000000000000011100000000000000001000000000000000000000000000000000000000010100000000000000001100000000000000000000001101100000000000000000000000000000000000000000000000000000000000000000000
000000000000000000010000000000000001001000000000000000000001010000000000000000000000000000000000001100000001001000000000000011000000000000000001000000000000000000000000000000000000000000000000000000000001100000000000000000000000000110000000000000000000000000000000000000000000000000000000000000000000
000000000000000000101000000000000000110000000000000000000111000000000000000000000000000000000000010100000001001000000000000001010000000000000001000000000000000000000000000000000000000000000000000000000000000000000000000000000000000111000000000000000000110000000000000000000000000000000000000000000000
000000000000000000101000000000000000000000000000000000000000000000000000000000000000000000000000001000000001111100000000000000110000010000000000000000000000000000000000000000000000000000000000000000000000000000000000000000000000000110000000000000000001010000000000000000000000000000000000000000000000
000000000000000000010000000000000000000000000000000000000000000000000000000000000001100011000000000000000000001101100000000000000001110000000000000000000000000000000000000000000000000000001000000000000000000000000000011000000001101100000000000000000011000000000000000000000000000000000000000000000000
000000000000000000000000000000000000000000000000000000000000000000000000000000000001100100100000000000000000000010000000000000000000010000000000000000000000000000000000000000001110000000001000000000000000000000000000011000000000111000000000000000000001000000000000000000000000000000000000000000000000
000000000000000000000000000000000000000000000000000000000000000000000000000000000000000011000000000000000000000000000000000000000001100000000000000000000000000000000000000000000000000000001000000100000000000000000000000000000000010000000000000000000001010000000000000000000000000000000000000000000000
000000011100000000000000000000000000000000000000000000000000000000000000000000000000000000000000000000000000000000000000000000000001100000011000000000000000000000000000000000000000000000000000001010000000000000000000000000000000000000000000000000001100000000000000000000000000000000000000000000000000
000000000000000000000000000000000000000000000101000000000000000000000000000000000000000000000000000000000000000000000000000000000110000000011000000000000000000000000000000000000000000000000000001010000000000000000000000000000000000000000000000000000110000100000000000000000000000000000000000000000000
000000000001000000000000000000000000000000000101000000000000010100000000000000000000000000000000000000000000000000000000000000001100000000000000000000000000011000000000000000000000000000000000000100000010000000000000000000000000000000000000000000000010000110000000000000000000000000000000000000000000
000000000001000100000000000000000000000000000100000000000000011000000000000000000000000000000000000000000000000000000000000000011000000000000000000000000010000100000000100000000000000010100000000000000010000000000000000000000000011100000000000000000000000101000000000000000000000000000001100000000000
000000000001000100000010000000000000000000000110000100000000001000000000000000000000001110000000000000110000000000000000000000111001110000000000000000010110001000000000010011000100000001100000000000000010000000000000000000000000000000000000000000000000001001000000000000000000000000000001100000000000
000000000000000100000010000000000000000000001110001010000110000000000000000000000000000000000000000001010000000000000000000000110000000000000000000000101101110000000001000000100100000001000000000000000000000000000000000000000000000001000000010000000000001111000000000000000000000000000000000000000000
000000000000000000000010000000000000000000000110001010000110000000000000000000000000000000000000000000010000000000000000000000011100000000000000000000101000000000000001000101101010000000000000000000000000000000000000000000000000000001000000010000000000000100000000000000000000000000000000000000110011
000001000000000000000000000000000000000000000000000100000000000000000000000000000000000000000000000000000000000000000000000000011000000000000000000000010000000000000000100100010100000000000000000000110000000000000000000000000000000001000000010000000000000000000000000000000000000000000000000000110011
000001000000000000000000000000000000000000000000000000000000000000000000000000000000000000000000000000000100000000000000000000000100000001000000000000000000000000000000001000111100011110000000000000110000000000000000000000000000000000000000000000000000000000000000000000000000000000000000000000000000
000001000000000000000000000000000000000000000000000000000001110000000000000000000000000000000000000000001010000000000000000000001100000011000000000000000000000000000000000000001000110110000000000000000000000000000000000000000000000000000000000000000000000000001100000000000000000000000000000000000000
000000000000000000000000000000000000000000000000000000000000000000000000000000000000000000000000000000000110000000000000000000001100000111000000000000000000000000000000000000000001011000000000000000000011100000000000000000000000000000000000000000000000000000001100000000000000000000000001000000000000
000000000000000000000000000000000000000000000000000000000000000000000000000000000000000000000000000000000000000000000000000000010010000011000000000000000000000000000000000000000001000000011000000000000000000000000000000001100000000000000000000000000000000000000000000000000000000000000001000000000000
000000000000000000000000000000000000000000000010000000000000000000000000000000000000000000000000000000000000000000000000000000001100000001000000000000000000000000000000000000000000100000001000000000000000000000000000000001100000000000000000000000000000000000000000110000000000000000000001000000000000
000000000000000001100000000000000000001110000011100000000000000000000000000000000000000000000000000000000000000110000000000000000000000000000000000000000000000000000000000000000000000000010000000000000000000000000000000000000000000000000000000000000000000000000000110000000000000000000000000000000000
000000000000000001100000000000000000010110000100000000000000000000000000000000000000000000000000000000000000000110000000000000000000100000000000000000000000001000000000000000000000000000100000000000000001000000000000000000000000000000000000000000000000000000000000000000000000000000001000000000000000
000000000000000000000000000000000000010000000011000000000000000000000000000001100000000000000000000000000000000000000000000000000001010000000000000000000000111000000000000000000000000001101100001100000001000000000000000000000000000000000000000000000000000000000000000000000000000000001000000000000000
000000000000000000000000000000000000001101000001100000000000000000000000000010010000000000000000000000000000000000000000000000000001010000000000000000000001000000000000000000000000000000011100001100000001000000000000000000000011000010000000000000000000000000000000000000000000000000001000000000000000
000000000000000000000000000000000000001101000000010100000000000000000000000010100000000000000000000000000000000000000000000000000000100000000000000000000001110000000000000000000000000000001010000000000000000000000000000000000000100101000000000000000000000000000000000000000000000000000000000001000000
000000000000000000000000000000000000000010000010001000000000000000000000000001000000000000000000000000000000000000000000000000000000000000000000000000000000000000100000000000000000000000000110000000100000000000000000000000000100000010000000000000000000000000000000000000000000000000000000000010100000
000000000000000000000000000000000000000000000000001000000000000000000000000000000000000000000000000000000000000000000000000000000000000000000000000000000000000000100000000000000000000010100100000001000101100000000000000000000011000000000000000000000000000000000000000000000000000000000000000010100000
000000000000000000000000000000000000000000000110100000000000000000000000000000000000000000000000000000000000000000000000000000000000000000000000000000000000000000000000000000000000000011000000000010000001000000000000000000100000000000000000000000000000000000000000000000000000011000000000000001000000
000000000000000000000000000000000000000000000110100000000000000000000000000000000000000000000000000000000000000000000000000000000000100000000000000000000000000000000000000000000000000110000000000001100001000000000000000000100000000000000000000000000000000000000000000000111101101100000000000000000000
000000000000000000000000000000000000000000000001000000000000000000000000000000000000000000000000000000000000000000000000110000000001010000000000000000000000000000000000000000000000000000000001110100010010000000000000000000100000000000000000000000000000000000000000000001000000101010000000000000000000
000000000000000000000000000000000000000000000000000000000000000000000000000000000000000000000000000000000000000000000000110000000001010000000000000000000000000000000000000000000100000000000001100110100010000000000000000000000000000000000000000000000000000000000000000010001000011011000000000000000000
000000100000000000000000000000000000000000000000000000000011000000000000000000000000000000000000000000000000000000000000000000000000100000000000000000000000000000000000000000001010000000000010000000000100000000000000000000000000000000000000000000000000000000000000000110101000000010000000000000000000
000001010000000000000000000000000000000000000000000000000011000000000000000000000000000000000000000000000000000000000000000000000000000000000000000000000000000000000000000000001010000000000001000000001000000000000000000000000001000000000000000000000000000000000000000010001001010000000000000000000000
000001010000000000000010000000000000000000000000000000000000000000000000000000000000000000000000000000000000000000000000000000011000000011000000000000000000000000000000001100000100000000000001000000010000000000000000000000000001000000000000000000000000000000000000001011001100011000000000000000000000
000000100000000000000010011100000000000000000000000000000000000000000001100000000000000000000000000000000000000000000000000000100100000100100000000000000000000000000000001010000000000000000000110100000000000000000000000000000001000000000000000000000000000000000000011000101000000000000000000000000000
000000000000000000000010000000000000000000000000000000000000000000000001100000000000000000000000000000000000000000000000000000011000000011000000000000000000000000000000000100000000000000000000010100000000000000000000000000000000000000000000000000000110000100000000001010110000000000000000000000011000
000000000000000000000000000000000000000000000000000000000000000000000000000000000000000000000000000000000000000000000000000000000000000000000000000000000000000000000010000000000000000000000000001000000000000000000000000000000000000000000000000000000110001010000000000111100000000000000000000000011000
000000110000000000000000000000000000000000000000000000000000000000000000000000000000000000000000000000000000000110000000000000000000100000000000000000000000000000001100000000000000000000000000000000000000000001000000000000000000000000000000000000001000000001000000000010000000000000000000000000000000
000000110000000000000000000000000000000000000000001100000000000000000000000000000000000000000000000000000000001001000000000000000001010000000000000000000000000000000000000000000000000000000000000000000000000011100000000000000000000000000000000000000110001000000000110000000000000000000000000000000000
000000000000000000000000000000000000000000000000001100000000000000000000000000000000000000000000000000000000000101000000000000000001010000000000000000000000000000000000000000000000001100000000000000000000000010010000000000001100000000000000000000000110000000101000110000000000000000000000000110000000
000000000000000000000000000000000000000000000000000000000000000000000000000000000000000000000000000000000000000010000000000000000000100000000000000100000000000000000110000000000000001100000000000000000000100000010000000000010010000000000000000000000000000010000100011000000001100000000000000110000000
000000000000000000000000000000000000000000000000000000000000000000000000000000000000000000000000000000010000000000000000000000000000000010000000000100000000000000000101000000000000000000000000000000000001110000011000000000001100000000000000010000000000011010100100011000000011100000000000000000000000
000000000000000000000000000000000000000000000000000000000000000000000000000000000000000000000000000000101000000000000000000000000000000101000000000100000000000000010111000000001100000000000000000000000001000010011000000000000000000000000001100000000000100011000100100000001101100000000000000000000000
000000000000000000000000000000000000000000000000000000000001110000000000000000000000000000000000000000100100000000000000000000011000000101000000000000000000000000001101000000001100000000000000000000000000100100000000000000000000000000000000110000000000100101000000011000011100000000000000000000000000
000000000000000000000000000000000000000000000000000000000000000000000000000000000000000000000000000000011000000000000000000000100100000010000000000000000000000000001000000000000000000000000000000000000000010000000000000000000000000011000000000000000000110101100000000100000000000000000000000000000000
000010000000000000000000000000000000000000000000000000000000000000000000000000000000000000000000000000000000000000000000000000100100000000000000000110000000000000000000000000000000000000011000000000000000001000000000000000000000000100100000000000000000001101000000000000000000000000000000000000000000
000101000000000000000000000000000000000000000000000000000000000000000000000000000000000000000000000000000000000000000000000000011000000000000000001001000000000000001100000000000000000000011100000000000000000000000000000000000000000101000000000000001100001100000000000000000000000000000000000000000000
000110000000000000000000000000000001000000000000000000000000000000000000000000000000000000000000000000000000000000000000000000000000000000000000000110000000000000001100000000110000000000101000000000000000000000000000000000000000000010000000000000001100000000000000000000000000000000000000000000000000
000000000000000000001100000000000010100000000000000000000000000000000000000000000000000000000000000000000000000000000000000000000000000000000000000000000000000000000000000000101000000010010000000000000000000000000000010000000000000000000000000000000000000000000001010110000000000000000000000110000000
000000000000000000010010000000000010010000000000000000000000000000000000000001100000000000000000000000000000000000000000000000000000000000000000000000000000000000000000000000010000000001100000000000000000000000000001111000000000000000000000000000000000000000000000100000000000000000000000000110000000
000000000000000000001100000000000001100000000000011000111000000000000000000010011000000000000000000000000000000000000000000000000000000000000000000000000000000000000000000000000000000000000000000000000000000000000001110100000000000000000000000000000011000000000000000000000000000000000000000000000000
000000000000000000000000000000000000000000000000011000111000000000000111000001000100000000000000000000000011000000000000000000000000000000000000000000000000000001100000000000000000000000000000000000000000000000000000001100000000000000000000000001000011000000000000000000000000000000000000000000000000
000000000000000000000000000000000000000000000000000000000000011000110000110000000011100000000000000000000100100000000000000000000000000000000000000000000000000001100000000000000000000000000000000000000000000000000000001000000000000000000000000010100000000000000000000000000000000000000010000000000000
000000000000000000000000000000000000000000000000000000000000000000000110001000000000100000000000000000000011000000000000000000000000000000000000000000000000000000000000000000000000000000000000000000000000000001100000000000000000000000000000000010100000000000000000000000000000000000000101000000000100
000000000000000000000000000000000000000000000000000110011100000000100101000001110111100000000000000000000000000000000000000000000000000000000001110000000000000000000000000000000000000000000000000000000111000000110000000000000000000000000000000001000000000000000000000000011100000000000101000000001010
000000000000000000000000000000000000000000000000000110010000000000000000000001000100000000000000000000000000000000000000000000000000000000000000000000000000000000000000000000000000000000000000000000001000001101110100000000000000000000000000000000000000000001100000000000000000000000000010000000001001
000000000000000000000000000000000000000000100000000000001000001100100000000000011000000000000000000000000000000000000000000000000000000000000000000000000000000000000000000000000000000000000000000000000000001100100001000000000000000000000000000000000000000001100000000001000001000000000000000000000110
000000000000000000000000000000000000000001010000000000101100001110100001000011111000000000000000000000000000000000000000000000000000000000000000000000000000000000000000000000000000000000000000000000001101001100011011100000000000000000000000000000000000000000000000000001000001000000000000000000000000
000000000000000000000000000000000000000001010000000000100010110100100000001100000000000000000000000000000011000000000000000000000000000000000000000000000000000000000000000000000000000000000000000010000001000011001011100000000000000000000000000000000000000000000000000001000001000000000000000000000000
000000000000000000000000000000000000000000100000000000010011111000011000000000000000000000000000000000000011000000000000000000000000000000000000000000000000000000000000000000000000000000000000000101100010000001100000000000000000001100000000000000000000000000000000000000000000000000000000000000000000
000000000000000000000000000000000000000000000000000000001110000000000000000000000000000000000000000000000000000000000000000000000000000000000000000000000000000000000000000000000000000000000000000111100001000000100000000000000000001100000000000000000110000000000000000000011100000000000000000000000000
000000010000000010000010000000000000000000000000000000000000000000000000000000000000000000000000000000000000000000000000000000000000000000010000000000000000000000000000000000000000000000000000000000100001000000000000000000000000000000000000000000000110000000000000000000000000000000000000100000000000
000000010000000010000010000000000000000000000000000000000000000000000000000000000000000000000000000000000000000000000000000000000000000000010000000000000000000000000000000000000000000000000000000000000000100000000000000000000000000000000000000000000000000000000000000000000000000000000000100000000000
000000010000000011000110000001110000000000000000000000000000000000000000000000000000000000000000000000000000000000000000000000000000000000010000000000000000000000000000000000000000000000000000000000001011000000000000000000000000000001110000000000000000000000000000000000000000000000000000100000000000
000000000000000000000000000000000000000000000000000000000000000000000000000000000000000000000000000000000000110000000000000000000000000000000000000000000000000000000000000000000000000000110000000000000000000011000000000000000000000000000000000000000000000000000000000000000000000000000000000000000000
000000000000111001101100111000000000000000000000000000000000000000000000000000000000000000000000000000000000110000000000000000000000000000000000000000000000000000000000000000000000000001001000000000000000000101000000000000000000000000000000000000000000000000001100000000000000000000000000000000000000
000110000000001010101010100000000000000000000000000000000000000000000001100000000000000000000000000000000000000000000000000000000000000000000000000000000000000000000000000000000000000001001000000000000000110001000000000000000000000000000000000000000000000000001100000000000000000000000000000000000000
000110000000000011000110000000000000000000000000000000000000000000000001100000000000000000000000000000000000000000000000000000000000000000000000000000000000000000000000000000000000000000110000000000000000111010000000000000000000000000000000000000000000000000000000000000000000000000000000000000000000
