300 300
000000000000001100000000000000000000000000000000000000000000000000000000000000000000000111000111000000000000000000000000000000000000000000010000000000000000000000000000000000000000000000000000000010000000000000000000000110100000000000000000000000000000000000000000000000000000000000000000000000000000
000000000000010010011100000000000000000000000000000000000000000000000000000000000000001010101010100000000000000000000000000000000000000000101000000000000000000000000000000000000000000001100000110010001110000000000000001010100000000000001100000000000000000000000000000000000000000000000111000000000000
000000000000001100000000000000000000000000000000000000000000000000000000000000000000011101101101110000000000000000000000000000000000000000101000000000000000000000000000000000000000011001100000110010000000000000000000101100100000000000010010000000000000000000000000000000000000000000000000000000000000
000000000000000000000000000000000000000000000000000000000000000000000110000110000000010010101010010000000000000000000000000000000000000000010000000000000000000000000000000000000000000010000000000000000000000000000000100000000000100000010100000000000000000000000000000000000000000000000000000000000000
000000000000000000000000000000000000000000000000000000000000000000001001000110000000000011000110000000000000000000000000000000000000000000000000000000000000011000000001110000000000001010000000000000000000000000000000000000000000100000001000000000000000000000000000000000000000000000000000000000000000
000000000000000000000000000000000000000000000000000000000000000000000110000000000000000110000011000000000000000000000000000000000000000000000000000000000000011000000000000000000000000000000000000000000000000000000000001100110010100000000000000000000000000000000000000000000000000000000000000000000000
000000000000000000000000000000000000000000000000000000000000000000000000000000000000000000000000000000000000000000000000000000000000000000000000000000100000000000000000000000000000000000000000000100000000000000000000001110010110000000000000000000000000000000000000000000000000000000000000000000000000
000000000000000000000000000000000000000000000000000000000000000000000000000000000000000000000000000000000000000000000000000000000000000000000000000001110000000000000000000000000000000000000000001010000000000000000000100000001100000000000000000000000000000000000000000000000000000000000000000000000000
000000000000000000000000000000000000000000000000000000000110000000000000000000000000000000000000000000000000000000000000000000000000000000000000000010101000000000000000000000000000000000000000011011000000000000000000000000000000000000000000000000000000000000000000000000000000000000000000000000011000
000000000000000000000000000000000000000000000000000000000101000000000000000000000000000000000000000000000000000000000000000000000000000000000000000010101000000000000000000000000000000000000000011010000000000000000000100010110000000000000000000000000000000000000000000000000000000000000000000000011000
110001100000000000000000000000000000000000000000000000000010000000000000000000000000000000000000000000000000000000000000000000000000000000000000001101110110000000000000000000000000000000000000000000000000000000000000010000000000000000000000000000000000000000000000000000000000000000000000000000000000
110001100000000000000000000000000000000000000000000000000000000000000000000000000000000000000000000000000000000000000000000000000000000000000000010110101101000000000000000000000000000000000000000000000000000000000000000000000000000000000000000000000000000000000000000000000000000000000000000000000000
000000000000000000000000000000000000000000000001000000000000000000000000000000000000000000000000000000000110000000000000000000000000000000000000110100000010000000000000000000000000000000000000011000000000000000000000000110000000000000000000000000000000000000000000000000000000000000000000000000001100
000000000000000000000000000000000000000000000001000000000000011000000000000000000000000000000000000000000110000000000000000000000000000000000000011010000000000000000000000000000000000000000000000000000000000000000000000110000000000000000000000000000000000000000000000000000000001100000000000000001100
000000000001100011000000000000000000000000000001000000000000011000000000000000000000000000000000000000000000000000000000000000000000000000000000001110000000000000000000000000000000110000000000000000000000000010101110000000000000000000000000000000000000000000000000000000000000001100000000011100000000
000000000001100011000000000000000000000000000000000000000000000000000000000000000000000000000000000000000000000000000000000000000000000100000000000000000001000000000010000000000001001000000000000000000000000010000000000000000001000000000000000000000000000000000000000000000000000000000000000000000000
000000000000000000000000000000000000000000110000000000000000000000000000000000000000000000000000000000000000000000000010000000000000001010000000000000000000000000000101000000000000110000010000000000000000000000000000100000000011100000000000000000000000000000000000000000000000000000000000000000000000
000000000000000000001100000000000000000000110000110000000000000000000000000000000000000000000000000100000000000000000010000000000000000110000000000000000000000000000110000000000000000000010000000000000000000000000000100000000101010000000000000000000000000000000000000000000000000000000000000000000000
000000000000000000010010000000000000000000000000110000000000000000000000000000000000000000000000000100000000000000000010000000000000000000000000000000000000000000000000000000000000000000010000000000000000000000100000100000001110111000000000000000000000000000000000000000000000000000000000000000000000
000000000000000000001100000000000000000000000000000000000000000000000000000000000000000000000000000100000000000000000000000000100000000000000000000000010010000000000000000000000000000000000000000000000000000000000000000000000101010000000000000000000000000000000000000000000000001000000000000000000000
000000000000000000000000000000000000000000000000000000000000000000000000000000000100000000000000000000000001110000000000000000100000000000000000000000010000000000000000000000000000000000000000000000000000000011001110000000000011100000000000000000000000000000000000000000000000011100000000000000000000
000000000000000000000000000000000000110000000000000000000000000000000000000000000011000000000000000000000000000000000000000000100000000000000000000000010000010000000000000110000000000000000000000000000000000011000000000000000001000000000000000000000000000000000000000000000000101010000000000000000000
000000000000000000000000000000000000110000000000000000000000000000000000001100000001000000000000000000000000000000000000000000000000000001100000000000011000000000000000000110000000000000000000000000000000000000000000000000000000000000000000000000000000000000000000000000000001110111000000000000000000
000000000000000000110000000000000000000000000000000000111000000000000000111101110011000000000000000000000000000000000000000000001110000001100000000000000010001000000000000000000000000000000000000000000000000000000000000000000000000000000000000000000000000000000000000000000000101010000000000000000000
000000000000000000110000000000000000000000000000000001001000000011100001100011110100000000001100000000000000000000000000000000000000000000000000000000000101110000000000000000000000000000000000000000000000000000000000000000000000000000000000000000000000000000000000000000000000011100000000000000000000
000110000000000000000000000000000000000000000000000000000010000010010011011100110011000000010010000000000000000000000000000000000000000000000000000000000000000000000000000000000000000000000001100000000000000000000000000000000000000000100000000000000000000000000000000000000000001000000000000000000000
001001000000000000000000000000000000000000000000000000001010000011011010100100010000000000001010000000000000000000000000000000000000000000000000000001000000000000000000000000000000000000000010010000000000000000000000000000000000000001010000000000000000000000000110000000000000000000000000000100000000
001010000000000000000000000000000000000000000000000000000000000000100110101000000000000110000100000000000000000000000000000000000000000000000000000000101000000000000000000000000000000000000001010000000000000000000000000000000000011001010000000000000000000000000110000000000000000000000000000100000000
000100000000000000000000000000000000000000000000000001001001000000000110110000000000000111000000000000000000000000000000000000000000000000000000000000100100000000000000000000000000000000000000100000000000000000000000000000000000011000100000000000000000000000000000000000000000000000000000000100000000
000000000000000000000000000000000000000000000000000011001101000000000001000000000000000010110000000000000000000000000000000000000000000000000000000000010010000000000000000000000000000000000000000000000000000001100000000000000000000000000000000000000000000000000000000000000000000000000000000000000000
000000000000000000000000000000000000000000000000000000000000000000000000000000000000000001100000000000000000000000000000000010000000000000000000000000000100000000000000000000000000000000000000000000000000000010010000000000000000000000000000000000000000000000000000000000000000000000000000000000000000
000000000000000000000000000000000000000000000000000000000110000000000000000000000000000001000000000000000000000000000000000101000000000000000000000000001000000000000000000000000000000000000000000000000000000010010000010110000000000000000000000000000000000000000111000000000000000000000000000000000000
000000000000000000000000000000000000000000000000000000001000000000000000000000000000000000000000000000000000000000000000000010000000000000000000000000000000000000000000000000000000000000000000000000000000000010000000001111000000000000000000000000000000000000000000000000000000000000000000000000000000
000000000000000000100000000000000000000000000000000000000110000000000000000000000000000000000000000000000000000000000000000000000000000000000000000000000000000000000000000000000000000000000000000000000000000000001010001101100000000000000000000000000000000000010000010000000000000000000000000000000000
000001100000000001010000000000000000000000000000000000000000000000000000000000000000000000000000000000000000000000000000000000000000000000000000000000010000000000000000000000000000000000000000000000000000000000001010000001000001100000000000000000000000000000010000010000001100000000000000000000000000
000011000000000001001000000000000000000000000000000000000000001010000000000000000000000000000100000000000000000000000000000000000000000000000000000000010000000000000000000000000000000000000000000000000000010001001010000010000000000000000000000000000000000000010000010000001100000000000000000000000000
000000100000000000110000000000000011000000000000000000000000010001000000000000000000000000001010000000000000000000100000000000000001000000000000000000010000000000000000000000000000000000000000000000000001001000110001000000000011010000000000000000000000000000000000000000000000000000000000000000000000
000000000000000000000000000000000010100000000000000001000110001000100000000000000000000000001010000000000000000001010000000000000010100000000000000000000000000000000000000000000000000000000000000000000000000100000000010000000011000000000000000000000000000000000111000000000000000000000000000000001100
000000000000000000000000000000000001000000000000000010001000000000010000000000000000000000000100000000011000000000100000000000000010100000000000000000000000000000000000000000000000000000000000000000101100000100000000000000000010000110010110001000000000000000000000000000000000000000000000000000001100
000000000000000000000000000000000000000000000000000000000110000010000000000000000000000000000000000000011000000000000000000000000001000000000000000000000000000000000000000000000000000000000000000001110000000000000001100000000101000001010000001000000000000000000000000000000000000000000000000000000000
000000000000000000000000000000000000000000000000000001001001110110010000000000000000000000000000000000000000000000000000000000000000000000000000000000000000000000000000000000000000000000000000000010001000000100100010010000000011010000110000000100000000000000000000000000000000000000000000000000000000
000000000000000000000000000110000000000000000000000000111001101100100000000000000000000000000000000000000000000000000000000000000000000000000000000000000000000000000110000000000000000000000000000001101001000001010010000000110000110001001001000000001100000000000000000000000000000000000000000000000000
000000000000000000000000001001000000000000000000000000000001101100000000000000000000000000000000000000000000000000000000000000000000000000000000000000000000000000000110000000000000000000000000000000100011010001010001000101000000000000001011000000001100000110000011000000000000000000000000000000000000
000000000000000000000000000101000000000000000000000000000000010000000000000000000000000000000000000000000000001000010000000000000000000000000000000000000000000000000000000000000000000000000000000000001100000000100000011100110000100000000110000000000000000110000011000000000000000000000000000000000000
000000000000000000000000000010000000000000000000000000000000000000000000000000000000000000000000000000000000001000010000000000000000000000000000000000000000000000000000000000011000000010000000000000000000000000000000000000000000100000000000000000000000000000000000000000000000000000000000000000000000
000000000000000000000000000000000000000000000000000000000000000000000010000000000000000000000000000000000000001000010000000000000000000000000000000000000000000000000000000000101000000101000000000000001000000000000000000000000010010000000000000000000000000000000000000000000000000000000000000000000000
000000000000000000000000000000000000010000000000000000000000000000000010000000000000000000000000000000000000000000000000000000000000000000000000000011001100000000000000000000010000000101000000000000111000000000000000000000000100001000000000000000000000000001000000000000000000000000000000000000000000
000000000000000000000000000000000000000100000000000000000000000000000101000000000000000000000000000000000000000000000111000000000000000000000000000101001100000000000000000000000000000010000000000000000000000000000000000000001000001000000000000000000000000010100000000000000000000000000000000000000000
000000000000000000000000000000000000100000000000000000000000000000000000001100000000000000000000000000000000000000000000000000000000000000000000000010000000000000000000000000000000000000000000000000000000000000000000000000010000101100000000000000000000000010100000000000000000000000000001000000000000
000000000000000000000000000000000000110001000000000000000110000000000000110011000000000000000000000000000000000000000000000000000000000000000000000000000000000000000000000000000000000000000000000000000000000000000000000000010000001110000000000000000000000001000000000110000010000000000110110000000000
000000000000000000000000000000000000001000100001000000000110000001000000111110010000000000000000000000000000001000000000000000000000000000001100000000000000000000000000000000000000000000000000000000000000000000000000000000000000000110000000111000000000000000000000000101000111000000000110110000000100
000000000000000000000000000000000000000101100001000000000000000001000001100011111000000000000000000000000000001000000000000011000000000000010010000000000000000000000000000000000001110001000000000000000000000000000000000000000000101000000000000000000000000000000000000010001111100000000100000000000100
000000000000000000000000000000000000011101100001000000000000000001000101100011011100000000000000000000000000001000000000000100100000000000001100000000000000000000000000000000000001110010110000000000000000000000000000000000000010011000000000111000000000000000000000000000010000010000110100000000000100
000000000000000000000000000000000000100101100000000000000000000000000000100110111000000000000000000000000000000000000000000010100000000000000000000000000000110000000000000000000000000000010000000000000000000000000000000000000001111000000000000000000110000000000000000000110000011101101100000000000000
000000000000000000000000000000000001000101100000000000000000011100000110110000010000000000000000000000000000000000000000000001000000011100000000000000000001001000000000000000000000000100100000000000000000111000000000000000000000000000000000000000000110000000000000000001100000001010000000111000000000
000000000000000000000000000000100000000101000000000000000000000000000001100010010000000000000000000000000000000000000000000000000000000000000000000000000000110000000000000000000000000000000000000000000000000000000000000000000000000000000000000000000000000000000000000000101000101010110001100000000000
000000000000000000000000000001010000100001100000000000000000000001000000000011000000000000000000000000000000000000000000000000000000000000000000000000000000000000000000000000000000000010001000000000000000000000000000000000000000000000000000000000000000000000000000000000011000110001100000011011000000
110000000000000000000000000000100000010000000000000000000001100001000000000000000000110000000000000000000000000000000000000000000000000000000000000000000000000000110000000000000001101000001001100000000000000000000000000000000000000000000000000000000000000000000000000000000000000000000111000011000000
110000000000000000000010000000000000010000000000000000000010010001000000000000000000110000000000000000000000000000000000000000000000000000000000000000000000000000110000000000001011100111001001100000000000000000000000000000000000000000000000000000000000000000000000000000000000000000000000000000100000
000000000000000000000101000000000000011010000000000000000010100000000000000000000000000000000000000000000000000000000000000000000000000000000000000000000000000000000000000000010000011100100000000000000000000000100000000000000000000000000000000000000000000000000000000000000001100000001000101010000000
000000001100000000000101000000000000001010000000000000000001000000000000000000000000000000000000000000000000000000000000000000000000000000000000000000000000000000000000000000010000000110100000000000000000000001010000000000000000000000000000000000000000000000000000000000000010100000001100001010000000
000000010010000000000010000000000000000100000000000000000000000000000000000000000000000000000000000000000000000000000000000000000000000000000000000000000000000000000000000000000010000000100000110000000000000001010000000000000011100000000100000000000000011100000000000000000001000000000001001000000000
000000001100000000000000000000000001100000000000000000000000000000000000000000000000000000000000000000000000000000000000000000000000000000000000000000000000000000000000000000000000100001100000110000000000000000100000000000000010001100001010000000000000000000000000000000000000000000000011100000000000
000000000000000000000000000000000010010000000000000000000000000000000000000000000000000000000000000000000000000000000000000000000000000000000000000000000000000000000000000000000000000001100000000000000000000000000000000000000000000000001100000000000000000000000000000000000000000000000011100000000000
000000000000000000000000000000000001100000000000000000000000000000000000000000000000000000000000000000000110000000000000000000000000000000000000000000000000000000000000000000000000011001100000000000000000000000000000000000000000000110000000000000000000000000000000000000000000000000000100100000000000
000000000000000000000000000000000000000000000000000000000000000000000000000000000000000000000000000000000110000000000000000000000000000000000000000000000000000000000000000000000000001011000000000000000000000000001100000000000000010100000001100000000000000000000000000000000000011000000010100000000000
000000000000000000000000000000000000000000000000000000000000000000000000000000000000000000000000000000000000000000000000000000000000000000000000000000000000000000000000110000000000001110000000000110000000000000001100000000000000010100001111110000000000000000000000000000000000000000000000100000000000
000000000000000000000000000000000000000000000000111000000000000000000000000000000000000000000000000000000000000000000100000000000000000000000000000000000000000000000000110000000000000100000000000000000000000000000000000000000000000110001111111000000000000000000000000000000000000000000000101100000000
000000000000000000000000000000000000000000000000000000000000000000000000000000000000000000000000000000000000000000001010000000000000000000000000000000000000000000000000000000000000000000000000001110000000000000000000000000000000000011100001000100000000000000000000000000000000011010000001001000000000
000000000000000000000000000000000001110000000000000010000000000000000000000000000000000000000000000000000000000000001001000000000000000000000000000000000000000000000000000000000000000000000000000000000000000000000000000000000000000000100001101000000000000000000000000000000000011011000010001000000000
000000000000000000000000000000000000000000000000000010000000000000000000000000000000000000000000000000000000000100000110000000000000000000000000000000000000000000000000000000000000000000000000000000000000000000000000000000000000000000000000100000000000000000000000000000000000010010000100010000000000
000000000000000000000000000000000100000100000000000010000000000000000000000000000000000000000000000110000000001010000000000000000000000000000110000000000000000000000000000000000000000000000000000000000000000000000000000000000000000110000000000000000000000000000000000000000000010100000101100000000000
000000000000000000000000000000000100000100000000000000000000000000000000000000000110000000000000000110000000001010000000000000000000000000001001000000000000000000000001000000000000000000000000000000000000000000000000000000000000000010000000000000000000000000000000000000000000001010001110000000000000
000000000000000000000000000000000100000100000000111000000001000000000000000001100110000000000000000000011100000100000000000000000000000010000101000000000000000110000001000000000000000000000000000000000000000000000000000000000000000110100000000000000000000000000100000000000000000110111000000000000000
000000000000000000000000000000000000000000000000000000000110000000000000000001100000000000000000000000000000000000000000000000000000000111000010000000000000001001000001000000000000000000000000000000000000000000000000000000000000000100010000000000000000000000001010000000000110000011000000000000000000
000000000000000000000000000000000001110000000000000000000100100000000000000000000000000000000000000000000000000000000000000000000000001101100000000000000000000110000000000000011001100000000000000000000000000000000000000000000000000001100000000000000000000000001010000000000110000001001000000000000000
000000001000000011000000000000000000000000000000000000000100000000000000000000000011000000000000000000000000000000000000000000000000011000000000000000000000000000000000000000011001100000000011100000000000000000000000000000000000100000000000000000000000000000000100000000000000000000110000000000000000
000000011100000111000000000000000000000000000000000000000000000000000000000000000011000000000000000000000000000000000000000000000000110011100000000000000000000000000000000000000000000000000100010000000000001000000000000000000000110000000000000000000000000000000000000000000000000000000000000000000000
000000111110000000000000000000000000000000000001000000000010000010000000000000000000000000000000000000000000000000000011000000000010110101100001100000000000000000000000000000000000000000001000001000000000010100000000000000000000011000000000000000000000000000000000011100000110000000000000000000000000
000001000001110000000000000000000000000110000010100000000000000000000000000000000000000000000000000000000000000000000011000000000010001100010001100000000000000000000000000000011000000000010001000100000000010100000000000000000011100000000000000000000000000000000110000000000101000000000000000001100000
000011001001100000000000000000000000000110000100100000000010000011000000000000000000000000000000000000000000000000000000000000000010000110100000000000000000000000000000000000011000000000010010100100000000001000000000000000000000001000000000000000000000000000000110000001000010000000000000000001100000
000111010101110000000000000000000001000000011101100000000011100001110000000000000000000000001100000000000000000000000000000000000000000001000000000000000000000000000000000000000000000000010001000100000000000000000000000000000011100000000000000000000000000000000000000111100000000000000000000000000000
000011001001100000000000001000000010100000100001000000000000100100010000000000000000000000001100000000000000000000000000000000000000000000000000000000000000000000000000000000000000000000001000001000000000000000000000000000000010010100000000000000000000000000000000001111100000000000000000000000000000
000001000001000000000000011100000010100000110010000000000000001000000000000000000000011000000000000000000000000000000000000000000000000000000000000000000000000000000000000000000000000000000100010001000000000000000000000000000001101000000000000000000000000000000000010010100000000000000000000000000000
000000111110000000000000101010000001000000000000000000000000001000000000000000000000011000000000000000000000000000000000000000000000000000000000000000001000000000000000000000000000000000000011100010100000000000000000000000000000001000000000000000000000000000000000001111000000000000000000000000000000
000000011100000000000001110111000000000000000000000000000000000000000000000000000000000000000000000000000000000000000000000000000000000000000000000000001000000000000000000000000000000000000000000100000000000000000000000000000000110000000000000000000000000000000000000111000000000000000000000000000000
000000001000000000000000000000000000000000000000001110000000000000000000010100100000000000000000000000000000000000000000000000000000000000000000110000001000000000000000000000000000000000000000000100100000000000000000000000000000000000000000000000000000000000000000000000000000000000000000000000000000
000000000000000000000000000000000000011100000000000000000000000000000000010000010000000000000000000000000000000000000000000000000000000000000001001000000000000000000000000000000000000000000000001101000000000000000000000000000000000000000000000000000000000000000000000000000000000000000000000000000000
000000000000000000000000000000000000000000000000000000000000000000000000000001000000000000000000000000000000000000000000000000000000000000000000110000000000000000000000000000000000000000000000011100000000000000000000000000000000000000000000000000000000000000000000000000000000000000000000000000000000
000000000000000000000000010100000000000001000000000000000000000000000000001000000000000000000010000000000000000010000000000000000000000000000000000000000000000000000000000000000000000000000000001101100000000000000000000000000000000000000000000000000000000000000000000000000000000000000000000000000000
000000000000000000000000001100000000000001000000000000000000000000000000000000000000000000000101000000000000001101000000000000000000000000010000000000000000000000000000000000000000000000000000001001100000001000000000000000000000000000000000000000000000000000000000000000000000000000000000000000000000
000000000000000000100000000000000011000001000000000000000000000000000000111100000000000000001001100000000000001101000000000000000000000000010000000000000000000000000000000000000000000000000000000111000000110110000000000000000000000000000000000000000000000000000000010000000000000000000000000000000000
000000000000000001010000000000000011000000000000000000000000000000000000100101100000000000001101100000000001110011000000000000000000000000010000000000000000000000000000000000001000000000000000000010000000000001010000000000000000000000000000000000000000000000000001001000000000000000000000000000001100
000000000000000000000000000000000000000000000000000000000000000000000000000001100000000000000100100000000001000000110000000000000000000000000000000000000000000000000000000000001000000000000000000000000000100000111000010010000000000000000000000000000000000000000001001000000000000000000000000000001100
000110000000000000000000000000000000000000000000000000000000000000000000000011100000000000000011000000000001010000100000000000000000000000000000000000000000100000000000000000001000000000000000000000110000011111111100010010000000000000011100000000000000000110000000100000000000000000000000000000000000
000110000000000000000000000000000000000000000000000000000000000000000000000000000000000000000000001000000000110000100100000000000000000000000000000000000001010000000000000000000000000000000000000000110000000000000110000001100000000000000000000000000000000110000000000000000000000000000000000000000000
000000000000000011100000000000000000000000000000000000000000000000000000000000000000000000000000010100000000001100110100000000000000000000000000000000000000100000000000000000000000000000000000000000000000000000000110111100100000000000000000000000000000000000000000000000000000000000000000000000000000
000000000000000010010000000000000000000000000000000000000000001110000001000000000000000000000000110110000000001011110000000000000000000000000000000000000000000000000000000000000000000000000000000000000000000000100000000101100111000000000000000000000000000000000001000000000000000000000000000000000000
000000000000001100110000000000000000000000000000000000000000010001000001000000000000000000000000010100000000010000100000000000000000000000000000000000000000000000000000000000000000000000000000000000000000000000000110101101001000100000000000000100000000011100000010100000000000000000000000000000000000
000000000000010011000000000000000000000000000000000000000000010001000001000000000000000000000000100010000000010000000000000000000000000000000000000000000000000000000000000000000000000000110000010000000000000000000011010000100000010000000000001010000000100010000011000000000000000000000000100000000000
000000000000100011000000000000000000000000000000000000000000010001001000000000000000000000000001111110000000010000001000000000000000000000000000000000000000000000000000000000000000000000110000101100000000000000000001110011100000010000000000001100000001000001000000000000000000000000110001100000000000
000000000000010010000000000000000000000000000000000000000000001110001100011100000000000000000001000100000000010001000000010000000000000000000000000000000000000000000000000000000000000000000001001100000111100001000001110000100000010000000000000000000010001000100000000000000000000000110001100000000000
000000000000001100000000000000000001100000000000000000000000000000000010000000000000000000000000101000000000010010111000011000000000000000000000000000000000000000000000000000000000000000000110000110000000010000100000010000001000100000000000000000000010010100100000000000000000000000000001000000000000
000000000000000000000000000000000001100000000000000000000000010000000000000000000011000000000001101100000000101100011000011100000000000000000000000000000000000000000000000000000000000000110100011111000100000100000000000000000111000000000000000000000010001000100000000000000000000000000000000000000000
000000000000000000000000000000000000000000000000000000000000111000000000000000000011000000000000101000000000010110000000001010001000000000000000000000000000000000000000000000000000000001000101011000000010000010000000000000000000001100000000000000000001000001000000000000000000000000000000000000000000
000000000000000000000000000000000000000000000000100000000001001100011110001110101100100000110000010000000000001100010000110001001000000000000000000000000000010000000000000000000000000001010000000101000010000100000000000000000000010100000000000000000000100010000000000000000000000000000000000000000000
000000000000000000000000000000000000000111000000010000000011111000101111001001010110000000101000000000000000000011000000000000001000000000000000000000000000101000000000000000000000000011010000000010000000100100000000000000000000011000000000000000000000011100000000000000000000000000000000000000000000
000000000000000000000000000000000000000000000001110000000011110001100100111001110000000000000000000000000000000001000000000000000000000000000000000000000001001000000000000000000000000011010000000000000000000000000000010000000000000000000000000000000000000000000000000000010100000000000000000000000000
000000000000000000000000000000000000010000000000000000000011110111000100110001001110000010000000000000000000000000000010000100000000000000000000000000000000110000000000000000000000000000100000000000000000000000000000010000000000000000000000000000000000000000000000000000000100000000000000000000000000
000000000000000000000000000000000000010000000000000000000001101110100100111001000011001011000000000000000000000000010101010000000000000000000000000000000000000000000000000000110000000000000000000000000000000000000000010000000000000000000000000000000000000000000000000001010000000000000000000000000000
000000000000000000000000000000000000010000000000000000000000100110100010011011000001000000100000000000000000000000100101000000000000000000000000000000000000000000000000000000101000000000000000000000000000001100000000000000000000000000000000000000000000000000000000000001000000000000000000000000000000
000000000000000000000000000000000000000000000000000000000000011010000000000000011110000011100000000000000001100000001111100000000000000000000011000000000000000000000000000000010000000000000000000000000000001100000000000000000000110000000000000000000000000000000000000010100000000000000000000000000000
000000000000000000000000000000000000000000000000000000000000011110000000000000011010011111000000000000000001100100100000000000000000000000000011000000000000000000000000000000000000000000000000000000000000000000000000000000000000110000100000000000000000000000000000000011000000000000000000000000000000
000000000000000000000000000000000000000000000000000000000000000100000000000000000000000000000000000000000000110100000000000000000000000000000000000000000000000000000000000000000000000000000000000000000000000000000000000000000000000001010000000000000000000000000000000100000000000000000000000000000000
000100000000000000000000000000000000000000000000000000000000000000000000000000111000000000000000000000000000000100100100000000000000000000000000000000000000000000000000000000000000000000000000000000000000000000000000000000000000000001010000000000000001100000000000000011000000000000000000000000000000
001010000000000000000000000000000000000000000000000000000000000000000000000001000001000110000000000000000000000100000010000000000000000000000000000000000000000000000000000000000000000000000000000000000000000000000000000000000000000000100000000000000001100000000000000011000000000000000000000000000000
001100000000000000000000000000000000000000000000000000000000000000000000000001000010001001000000000000000000001011010100000000000000000000000000000000000000000000000011000000000000000000000000000000000000000000000000000000000000000000000000000000000000000000000000000100000000000000000000000000000000
000000000000000000000000000000000000000011000000000000000000000000000000000000100100000010100000000000000000001010001000000000000000000000000000000000000000000000000100100000000000000000000000000000000000000000000000000000000000000000000000000000000000000000000000001010000000000000000000000000000000
000000000000000000000000000000000000000011000000000000000000000000000000000000000000000010000000000000000000000100000000000000000000000000000000000000000000000000000011000000000000000000000000000000000000000000000000000000000000000000000000000000000000000000000000001010000000000000000000000000000000
000000000000000000000000000000000000000000000000000000000000000000000000000000000000000000111000000000000000000000000000000000000000000000000000000000000000000000000000000000000000000000000000000000000000000000000000000000000000000000000000000000000000000000000000000100000000000000000000000000000000
000000000000000000000000000000000001010000000000000000001110000000000000000000000000000000101000000000000000000000000000000000000000000000000000000110000000000000000000000000000000000000000000000000000000000000000000000000000000000000000000000000000000000000000000000000000000000000000000000000000000
000000000000000000000000000000000000000000000000000000001000000000000000000000000000000000010100000000000000000000000000000110000000000000000000000110000000000000000000000000000000000000000000000000000000000000000000001100000000000000000000000000000000000000000000000000000000000000000000000000000000
000000000000000000000000000000000000001000000000000000000100000000000000000000000000000000010110000000000000000000000000000110000000000000000000000000000000000000000000000000000000000000000000000000000000000000000000010010000000000000000000000000000000000000000000000000100000000000000000000000000000
000000000000000000000000000000000011001100111000000000000000000000000000000110000000000000000010001010000110000000000000000000000000000000000000000000000111000000000000000000000000110000000000000000000000000000000000001100000000000000000000000000000000000000000000000001010000000000000000000100000000
000000000000000000000000000000000000000001000000000000000000000000000000000111000000000000001110001010001110000000000000000000000000000000000000000000001000100000000000000000000000110000000000000000000000000000000000000000000000000000000000000000000000000000000000000001010000000000000000001010000000
000000000000000000000000000000000000000010000100000000000001100000000000000000000000000000000000000011001111100000000000000000000000000000000000000000010000010000000000000000000000000001000000000000000000000000111000000000000000000000000000000000000000000000000000000000100000000000000000001010000000
000000000000000000000000000000000000000010001000000000000000010000000000000000001000000000000000000000011110100000000000000000000000000000000000000000010000010000000000000000000000000010100000000000000000000000110000000000000000000000000000000000000000000000000000000000000000000000000000000100000000
000000000000000000000000000000000000000010000000000000000000000000001110000000010000000000000000000000001100100000000000000000000000000000000000000000010000010000000000000000000000000011000000000000000000000000000110000000000000000011100000000000000000000000000000000000000000000000000000000000000000
000000000001100000000000000000000000000001110000000000000001011000000000000000101000000000000000000001000001000000000000000000000000000000000000000000001000100000000000000000000000000000000000000000000000000000011111000000000000000000000000000000000000000000000000000000000000000000000000000000000000
000000000001100000000000000000000000000000000000000000000010110000010000000000000000000000000000000001000010110000000000000000000000000010000000111000000111000000000000000000000000000000000000000000000000000000000001000000000000000000000000000000100000000000000000000000000000000000000000000000000000
000000000000000000000000111000000100000000000000000000001110001000010000000000000000000000000000000001000000000000000000000000000000000101000000000000000000000000000000000000000000000000000001100000000000000000001110000000000000000000000000000001010000000000000000000000000000000000000000000000000000
000000000000000000000000000000001010000000000000000000001100001000011100010000000000000000000000000000100001000000000000000000000000000110000000000000000000000000000000000000000000000000000010010000000000000000000100000000000000000000000000000001010000000000000000000000000000000000000000000000000000
000000000000000100000010000010000100000000000110000000001100001100110110110000000000000000000000000000010010000000000000000000000000000000000000000000000000000000000000000000000000000000000001100000000000000000000000000000000000000000000000000000100000000000000000000000000000000000000000000000000000
000000000000001010000010000010000000000011001001000000001100100111011000000000000000000000000000000000011100000000000000000000000000000000000000000000000000000000000000000000000000000000000000000000000000001110000000000000000000000000000000000000000000000000000000000000000000000000000000000000000000
000000000000010010000010000010000000000011001001000000000011101100010000000000011000000000000000000000000000000000000000000000000000000000000000000000000000000000000000000000000000000000000000000000000000000000000000000000000000000000000000000000000000000000000000000000000000000000000000000000000000
000000000000001100000000000000000000000000000110000000000011111001001000010000011000000000000000000000000000000000000000000000000000000000000000000000000000000000000000000000000000000000000000000000000001100000000000000000000000000000000000000000000000000000000000000000110000000000000000000000000000
000000000000000000000000111000000000000000000000000010111100000001001110010000000000000000000000000000000000000000000000000000000110000000110000000000000000000000000000000000000000000000000000000000000001100000000000000000000000000000000000000000000000000000000000000000110000000000000000000110000000
000000000000000000000000000000000000000000000000000111100000001000100000010000000000000000000000000000000000000000000000000000001001000000110000000000000000000000000000000000000000000000000000000000000000000000000000000000000000000000000000000000000000000000000000000000000000000000000000000110000000
000000000000000000000000000000000000000000000000011000000011010000100000000000001100001100000000000000000000000000000000000000000110000000000000001000000000000000000000000000000000000000000000000000000000000000000000000000000000000000000000000000000000000000000000000000000000000000000000000000000000
000000000000000000000000000000000000000000000000011111011101011001100100000000001100001100000000000000000000000000000000000000000000000000000000001000000000000000000000000000000000000000000000000000000000000000000000000000000000000000000000000000000000000000000000000000000000000000000000000000000000
000000000000000000000000000000000000000000000000001011000110000001011000000000000000000000000000000000000000000000000000000000000000000000000000001000000000000000000000000000000000000000000000000000000000000000000000000000000000000000000000000000000000000000000000000000000000000000001100000000000000
000000000000000000000000000000000000000010000000000100000010000010010000000000000000000000000000000000000000000000000000000000000000000000000000000000100000000000000000000000000000001000000000000000000000000000000000000000000000000001000000000000000000000000000000000000000000000000001100000000000000
000000000000000000000000000000000000000010000000000000110001000011000000000000000000000000000000000000000000000000000000000000000000000000000000000001010000000000000000000000000000110000000000000000000000000000000000000000000000000001000000000000000000000000000000000000000000000000000000000000000000
000000000000000000000000000000000000000010000000000000110100100000000000000000000000000000000000000000000000000000000000000000000000000000000000000001100000000000000000000000010000100111100000000000000000000000000000000000000000000001000000000000000000000000000000000000000000000000000000000000000000
000000000000000000100000000000000000000000000000000000000000100000000000000000000000000000000000000000000000000000000000000000110000000000000000000000000000000000000000000000101001001001100000000000000000000000000000000000000000000000000000000000000000000000000000000000000000000000000000000000000000
000000000000000001010000000000000000000000010000000000001100000011100010000000000000000000000000000000000000000000000000000000110000000000000000000000000000000000000000000000101000111000000000000000000000000000000000000000000000011100011100000000000000000000000000000000000000000000000000000000000000
000000000000000001001000000000000000000000101000000000001000100000100011000000000000000000000000000000000000000000000000000000000000000000000000000000000000000000000000000000010000010000000010000000000000000000000000000000000000000000000000000000000000000000000000000000000000000000000000000000000000
000000000000000000110000000000011000000000101000000000001000000010100101100000000000000000000000000000000000000000000000000000000000000000000000000000000000000000000000000000000000000000000101000000000000000000000000000000000000000001000000011000000000000000000000000000000000000000000000000000000000
000000000000000000000000000000100100000000010000000000001001000000000101000000000000000000000000000000000000000000000000000000000000000000000000000000110000000000000000000110000010110000000100100000000000000000000000000000000000000001000000011000000000000000000000000000000000000000000000000000000000
010000000000000000000000000000101000000000000000000000001110000000000110000000000000000000000000000010000000000000000000000000000000000000000000000000110000000000000000101010000001100000000001000000000000000000000000000000000000000001000000000000000000000000000000000000000000000000000000000000000000
101000000000000000110000000000010000000000000000000000010100000100000000000000000000000000000000000101000000000000000000000000000000000000000000000000000000000000001101011110000000100000000011000000000000000000000000000000000001000000000000000000000000000000000000000000000000000000000000000000000000
101000000000000000110000000000000000000000000000000000011000000100000000000000000000000000000000000101000000000000000000000000000000000111000000000000000000000000000000011000000000000000000010000000000000000000000000000000000001000000000000000000000000000000000000000000000000000000000000000000000000
010000000000000000000000000000000000000000000000000000010100000100000000000000000000000000000000000010000000000000000000000000000000001001000000000000000000000000100000010000000000000000000010100000000000000000000000000000000001000000010000000000000000111000000000000000000000000000000000000000000000
000000000000000000000000000000000000000000000000000000010000000000000000000000000000000000000000000000000000000000000000000000000000001000100000000000000000000000000000000000111000000000000000100000000000000000000000000000000000000000101000000000000000000000000000000000000000000000000000000000000000
000000000000000000000000000000000000000000000000000000101000000000000000000000000000000000000000000000000000000000000000000000110000000110001000000000000000000000000100000000000000000000000000000000000000000000000000000000000000011100101000000000000010000010000000000000000000000000000000000000000000
000000110000000000000000000000000000000000000000000001001000000000000000000000000000000000000000000000011000000000110000000001001000000001001100000000000000000000100010010000000000000000000000101000100000000000000000000000000000000000010000000000000010000010000000000000000000000000000000000000000000
000000110000000000000000000000000000000000000000000001000100000000000000000000000000001100000000000000011000000000110000000001001000000000000110000000000000000000010000110000000000000000000110111010010000000000000000000000000000000000000000011000000010000010000000000000000000000000000000000000000000
000000000000000000000000000000000001110000000000000000000010000000000000000000000000001100000000000000000000000000100000000000111000000000001001110000000000000000001000000000000000000000000100111110001000000000000000000000000001000000000000011000000000000000000000000000000000000000000000000000000000
000000000000000000000000000000000000000000000000000000100010000000000000000000000000000000000000000000000000000011000000000000000000000000000001110000000000000000000111000000000000000000110100011010101010010000000000000000000010100000010000000000000000111000000000000000000000000000000000000000000000
000000000000000000000000000000000000000000000000000000011100011100000000000000000000000000000000000000000000000010100000000000100100000000000100000000000000000000000000000000000000000000110000000110101010010000000000000000000100100000010000000000000000000000000000000000000000000000000000000000000000
000000000000000000000000000000000000000000000000000000000000000000000000000000000000000000000000000000000000000010000000000000100010000000000010110000000000000000000000000000000000000001010001000001001010010000000000000000000011000000010000000000000000000000000000000000000000000000000000000000001000
000000000000000000000000000000000000000000010000000000000000000000000000000000001110000000000000000000000000000000000000000000100100000000000000100000000000000000000000000000100000000001110001000001001101001000000000000000000000000000000000000000000000000000000000000000000000000000000000000000010100
000000000000000000000000000000000000000000110000000000000000000000000000000000000000000000000000000000000000000000000000000000110000000000000010100000000000000000000000000001010000000001101000000000101001010000000000000000000000000111000111000000000000000000000000000000000000000000000000000000010100
000000000000000000000000000000000000000000110000000000000000000000000000000000000000000000000000110000000000000000000000000000000000000000000000000000000000000000000000000001010000000000000110110001001000110000000000000000000000000000000000000000000000000000000000000000000000000000000000000000001000
000000000000000000000000000000000000000000100000000000000000000000000000000000000000000000000000110000000000000000000000000000000000000000000111000000000000000000000000000000100000000000000001110001101110000000000000000000000000000000010000000000000000000000000000000000000000000000000000000000000000
000000000000000000000000000000000011000000000000000000000000000000000001000000000000000000000000000000000000000011000000000000011000000000000010000000000000000000000000000000000000000000000000111000100110000000000000000000000000000000010000000000000000000000000000000000000000000000000000000000000000
000000000000000000000000000000000011000000000000000000000000000000000010100000000000001110000000000000000000000110110000000000100100010000000000000000000000000000000000000000000000000000000000000000011000000000000000000000000000000000010000000000000000000000000000000000000000000000000000000000000000
000000000000000000000000000000000000000000000000000000000000000000000010100000000000000000000000000000000000000000101000000000100100010000000000000000000000000000000000000000000000000000000000000000000000000000000000000000000000000000000000000000000000000000000000000000000000000000000000000000000000
000000000000000000000001000000000000000000000000000000000000000000000001000000000000100000100000000000000000000001000000000000011000000001100000001100000000000000000000000000000001100000000000000000000000000000000000000000000000000000000000000000000000000000000000000000000000000000000000000001100000
000000000000000000000001000000000000000000000000000000010000000000000000000000000000100000100000000000000000000001001000000000000000000000000000001100000000010000000000000000000010100000000000000000000000000000000000000000000000000000000000000000000000000000000000000000010000000000000000000001100000
000000000000000000000001000000000000000000000000000000010000000110000000000000000000100000100000000000000000000100000000000000000000000000000000000000000000101000000000000000000011000000000000000000000000011000000000000000000000000000000000000000000000000000000000000000101000000000001110000000000000
000000000000000000000000000000000000000000000100000000010000000110000000000000000000000000000000000000000000000000010000000000000000000000000010000000000000101000000000000000000000000000000000000000000001100100000000000000000000000000000000000000000000000000110000000000101000000000000000000000000000
000000000000000000011100000000000000000000001010000000000000000000000000000000000000001110000000000110000000000100010001100000000000000000000101000000000000010000000000000000000000000000000000000000000010000100000000000000000000000000000000000000000000000001001000000000010000000000000000000000000000
000000000000000000000000000000000000000000000110000111000111000000000000000000000000000000000000000110000000000011100010001000000000000000000000000000000000000000000000000000000000000000000000000000000000001000000000000000000000000000000000000000000000000000110000000000000000000000000000000000000000
000000000000000000000000000000000000000000000000000000000000000000000000000000000000000000000000000000000000000001100110000000000000000000000000000000000000000000000000000000000000000000000000000000000010000000000000000000000000000000000000000000000000000000000000001100000001100000000000000000000000
000000000000000000000011000000000000011000000000000000010000000000000000000000000000000000000000000000001110000000000101000100000000000000000000000000000000000000000000000000000000000000000000000010000001110000000000000000000000000000000000000000000000000000000000010010000001100000000000000000000000
000000000000011100000011000000000000100100000000000000010000000000000000000000000000000000000000000000000000000000000000000100000000000000000000000000000000000000000000000000000000000000000000000101000000010000000000000000000000000000000000000000000000000000000000001100000000000000000000000000000000
000000000000000000000000000000010001001000000000000000010000000000000000000000000000000000000000000000000000000000000001101100000000000000000000000110000000000000000000000000000000000000000000000101000000011000000000000000000000000000000000000000000000000000000000000000000000000000000000000000000000
000000000000000000000000000000010000110000000000000000000000100000000000000000000000000000000000000000000000000000000110110000000000000000000000000110000000000000000000000000000000000000000000000011011000001100000000000000000000000000000000000000000000000001100000000000000000000000000000000000000000
000000000000000000000000000000010000000000000000000000000000100000000000000000111000000000000000000000000000000000111000100000000000000000000000000000000000000000000000000000000000000000000000000000111000101000000000000000000000000000000000000000000000000001100000000000110000000000000000000000000000
000000000000000000000000000000000000000000000000000000000000100000000000000000000000000000000000000000000000000001111001000000000000000000000000000000000000000000000000000000000000000000000000000000011000110000000000000000000000000000000000000000011000000000000010000000110000000000000000000000000000
000000000000000000000000000111000111000000000000000000000000000000000000000000000000000000000000000000000000011110010110000100000000000000000000000000000000000000000000000000000000000000000000000000000000000000000000000000000000000000000000011000010100000000000101000000000000000000000000000000000000
000000000000000000000000000000000000000000000000000000001110001110000000000000000000000000000000000000000000100010111000001011000000000000000000000000000000000000000000000000000000000000000000000000000000000000000000000000000000000000000000100100001000000000001010000000000000000000001100000000000000
000000111000000000000000000000010000000000000000000000000000000000000000000000000000000000000000000110000000100100000000001000110000000000000000000000000000000000000000000001000000110000000000000000000000000000000000000000000000000000000000101000000000000000001100000000000000000000001100000000000000
000000000000000000000000000000010000000000000000000000000000100000000000000000000000000000000000000110000000011001001000000100010000000000000000000000000000000000000000000010100000110000000000000000000000000000000000000000000000000000000000010000000000000000000000000000000000000000000000000000000000
000010000010000000000000000000010000000000000000000000000000100000000000000000000000000000000000000000000000000000101000000011100000000000000000000000000000000000000000000010100000000000000000000000000000000000000000000000000000000000000000000000000000000000000000000000000000011000000000000000000000
000010000010000000000110000000000000000000000000000000000000100000000000000000000000000000000000000000000000000000010000000000000000000000000000000000000000000000000000000001000000000000000000000000000000000000000000000000000000000000000000000000000000000000000000000000000000011000000000000000000000
000010000010000000000110000000000000000000000000000000000000000000000000000000000000000000000000000000000001010000000000000000000000000000000000000000000000000000000000000000000000000000000000000000000000000000000000000000000000000000000000000000000000000000000000000000000000000000000000000000000000
000000000000000000000000000000000000000000000000000000000000000000000000000010000000000000000000000000000001001000000000000000000000000000000000100000000000000000000000000000000000000000000000000000000000000000000000000000000000000000000000000000000000000000000000000000000000000000000000000000000000
000000111000000000000000000000000000000000000000000000000000000000000000000101000000000000000000000000000001010000000010000000000000000000000001000000000000000000000000000000000000000000000000000000000000000010000000000000000000000000000000000000000000000000000000000000000000000000000000001000000000
000000000000000000000000000000000000000000000000000000000000000000000000000101000000000000000000000000000000000000001110000000000000000000000000110000000000000000000000000000000000000000000000000000000000000111110000000000000000000000000000000000000000001100000000000000000000000000000000010100000000
001000000000000000000000000000000000000000000000000000000011000000000000000010000000000000000000000000000000000000001101000000000000000000000001010000000000000000000000110000000000000000000000000000000000000010110000000000000000000000000000000000000000001100000000000000000000000000000000010100000000
001000000000000000000000000000000000000000000000000000000011000000000000000000000000001000000000000000000000000001000110000000000000000000000000000000000000000000000000110000010000000000000000000000000000000101100100000000000000000000000000000000000000000000000000000000000001000000000000001000000000
001000000000000000000000000000000000000000000000000000000000000000000000000000000000001110000000000000000011000110110010000000000000000000000010100000000000000000000000000000010000000000000000000000000000001100110000000000000000000000000000000000000000000000000000000000000001000000000000000000000000
000000011000000000000000000000000110000000000000000000000000000000000000000001000000000001000110000000000111000100110000000000000000000000000001000000000000000000000000000000010000000000000000000000000000101000110000000000011000001110000000000000000000000000000000000000000001000000000000000000000000
000000100100000000000000000000000110000000000000000000000000000000000000000010100000011100001001000000001110000000100000000000000000000000000001000000000000000000000000000000000000000000000000000000000000100000000000011000011000000000011000000000000000000000000000000000000000000000000000000000000000
000000010100000000000000000000000000000000000000000000000000000000000000000100100000111101000101000000001010000000000000000000000000000000000000000000000000000000000000000000000000000000000000000000000000001000000000011000000000001010011100000000000000000000000000000000011100011100000000000010000000
000110001000000000000000000000000000000000000000000000000000000000000000000011000001010011000010111000000100000000000000000000000000000000000000000000000000000000000000010000000000000000000000000000000000010000000000000000000000001010011000000000000000000000000000000000000000000000000110000101000000
000110000000000000000000000000000000000000000000000000000000000000000000000000000000110011100000011000000000010001000000000000000110000000000000000000000000000000000000101000000000000000000000000000000000110000000000000000000100000001011111000000000000001000000000000000000001000000000110000101000000
000000000000000000000000000000000000000000000000000000000000000000000000000000000000010000100000000000000000100010000000000000000110000000000000000000000000000000000000101000000000000000000000000100000000110000000000000000001010001010000000000000000000010100000000000000000001000000000000000010000000
000000000000000000000000000000000000000000000000000000000000000000000000000000000000000000000000000000000000100010000000000000000000000000000000000000000000000000000000010000000000000000000000001010000001011100000000000000001010000000000000000000000000101000000000000000000001000000100000000000000000
000000000000000000000000000001110000000000000000000000000000000000000000000000000000000000000000000000000000001000000000000000000000000000000000000000000000000000000000000000000000000000000000001010000000010110000000000000000100000000000000000000000000110000000000000000000000000000100000000000000000
000000000000000000000000000000000000000000000000000000000000000000000000000001000000000000000000000000000000000000000000000000001000000000000000000000000000000000000000000000000000000000000000000100000000000001000000000000000000000000000000000000000000000000000000000000000000000000100000000000000000
000000000000000000000000000000000000000000000000000000000000000000000001100010000000000000000000000000000000000000000000000000010100000000000000000000000000000000000000000000000000000000000000000000000000000001000000000000000000000110000000000000000000000000000000000000000000000000000000000000000000
000000000000000000000000000000000000000000000000000000000000000000000010100010001000000000000000000000000000000000000000000000001000000000000000000000000000000000000000000000000000000000000000000000000000000010000110000000000000000000000000000000000000000000000000000011000000000000000000000000000000
000000000000000000000000000000000000000000000000000000000000000000000110100000000100000000000000000000000000000000000000000000000000000000000000000000000000000000000000000000000000000000000000000000000000000000001001000000000000000000000001101100000000000000011000000011100000000000000000000000000000
000000000000000000000011000000000000000000000000000000000000000000101011000000011000000000000000000000000000000000000000000000000000000000000000000000000000000000000000000000000000000000110000000000000000000000000110000000000000000000000010001100000000000000011000000010110000000000011000000000000000
000000000000000000000011000000011000000000000000000000000000000001001100000000000000000000000000100000000000000000000000000000001000000000000000000000000000000000000000000000000000000000110000000000000000110000000000000000000000000000011001000100000000000000111000011000000000000000011000000000000000
000000000000000000000000000000011000000000000000000000000000000010000000001000000000000000000000100000001110000000000000000000010100000000000000000000000000000000000000000000000000000000000000000000000000110000000000000000000000000000011000100000000000000000000000010100000000000000000000000000000000
000000000000000000011000000000000000000000000000000000000000000100010000101100000000000000000000100000000000000000000000000000010100000000000000000000000000000000000000000000000000000000000000000000000000000000000000000000000000000000000000000000000000000000000000011011000000000000000000000000000000
000000000000000000100100000000000000000000000000000000000000000010001000101000000000000000000000000000000000000000000000000000001000000000000000000000000000000000000000000000000000000000000000000000000000000000000111011000000000001010000110000000000000000000000000001111000000011000000000000000000000
000000000000000000011000000000000000000000000000000000000000000000000000000000000000000000001110000000000000000000000000000000000000000000001100000000000000000000000000000000000000000000000000000000000000000000000000101100000000001100001110000000000000000000000000000110000000100100000000000000000000
000000000000000000000000000000000000000000000000000000000000000000000000000000000000000000000000000000000000000000000000000000000000000000001100000000000000000000000000000000000000000000000000000000000000000000001111100100000000000000001110000000000000000000000000000000000000010100000000000000000000
000000000001100000000000000000000000000000000000000000000000000000000000000000000001100000000000100000000001110000000000000000000000000000000000000000000000000000000000000000000000000000000000000011100000000000000000000000000000000000000000000000000000000000000000000000000000001000001000000000000000
000000000001100000000000000000000000000000000000000000000000000000000000000000000001100000000000100000000000000000000000000000000000000000000000000000000000000000000000000000000000000000000000000000000000000000000000001100000000000101000000000000000000000000000000000000000000000000010100000000000000
000000000110000000000000000000000000000000000000000000000000000000000111000000000000000000000000100000000000000000000000000000000000000000000000001000000000000000000000000000000000000000000000000000000000000000000000100000010000000000000000000000000000000000000000000000000000000000100100000000000000
000000000110000000000000000000000000000000000000000000001110001100000101100000000000000000000000000000000000000000000000000000000000000000000000001000000000000000000000000000000000000000000000000000000000000000001101111011100000000000000000000000000000000000000000000000000000000000011000000000000000
000000000000000000000000000000000000000000000000000000000001001111000101000000000000000000000000000000000000110000000000000000000000000000000000001000000000001000000000000000000000000000000000000000000000000000000011001001000000000000000000010000000000000000000000000000000000000000000000000000000000
000000000000000000000000000000000000000000000000000000010001010000100010000000000000000000000000000000000000110000000000000000000000000000000000000000000000001000000000000000000000000000000000000000000000000000001000000000000000000000000001000100000000000000000000000000000000000000000000000000000000
000000000000000000000000000000000000000000000000111011010000001111100000000000000000000000000000000000000000000000000000000000000000000000011000000000000000001000000000000000000000000000000000000000000000000000000100100000000000000000011000000010000000000000000000000000000000000000000000000000000000
001100000000000000000000000000000000000000000001001000000000001001000000000000000000000000000000000000000000000000000000000000000000000000100100000000000000000000000000000000000000000000000000000000000000000000111000100000000000000000110110000000000000000000000000000000000000000000000000000000000000
001100000000000000000011100000000000000000000001000000110000100111000000000000000000000000000000000000000000000000000000000000000000000000011000000000000000000000010000000000000000000000000000000000000000000000000000000000000000000000000110100100000000000000000000000000000000000000000000000000000000
000000000000000000000000000000000001100000000001110000001011100010100000000000000000000000000000000000000000000000000000000000000000000000000000000000000000000000010000000000000000000000000000000000000000111000000000000000000000000000000110010000000000000000000110000000110000000000000000000000000110
000000000000000000000000000000000010010000000000000000000000000001001000000000000000000000000000000000000000000000000000000000000000000000000000000000000000000000010000000000000000000000001100000000000001001000000000000000000000000000000111000000000000000000001001000001001000000000000000000000000110
000000000000000000000000000000000001100000000000000000000000000000000000000000000000000000000000000000000000000000000000000000000000000000000000000000000000000000000000000000000000000000001100000000000010000000000000000000000000000000000110000000000000000000000110000000110000000000000000000000000000
000000000000000000000000000000000000000000000000000000000000000000001000000000000000000000000000000000000000000000000000000000000000000000000000000000000000000000000111000000000000000000000000000000000110110000000000000000000000011000001000000000000000000000000000000000000000000000000000000000000000
000000000000000000000001100000000001100000000000000000000000000000000011100000000000000000000000000000000000000000000010000000000000000000000000000000000000000000000000000000000000000000000000000000110010000000000000000000000000000100000000000000000010000000000000001000000000000000000000000000000000
000000000000000000000001100000000010010000000000000000000000000000000101010000000000000000000000000000000000000000000101000000000000000000000000000000000000000000000000000000000000000000001000000001000001100000000000110000000001011100000000000000000101000000000000010100000000000000000000000000000000
000000000000000000000000000000000001100000110000000000000000000000010000010000000000000000000000000000000000000000000110000000000000000000000000000000000000000000000000000000000000000000001100000000110000000000000000110000000011000000000000000000000110000000000000010100000000000000000000000000000000
110000000000001100000000000000000000000001001000000000000000000000100001011000000000000000000000000000000000000000000000001100000000000000000000111000000000000000000000000000000000000000010100000000000000000000000000000000000010000100000000000000000000000000000000001000000000000000000000000000000000
110000000000001100000000000000000000000000110000000000111000000000100000110000000000000000000000000000000000000000000000001101000000000000000000000000000000000000000000000000000000000000000000000000000000000000000000000000000010110010000000000000000000010000000000000000000000000000000000000000000000
000000000000000000000000000000000000000000000000000000000000000000100010000000000000000000000000000000000000000000000000010001000000000000000000000000000000000000000000000000000000000000000000000000000000000000000000000000000010000010000000000000000000111000000000000000000000000000000000000000000000
000000000000000000000000000000000000110000000000000000000000000100001000000000000000000000000000000000001000000000000000011111000000000000000001000000000000000000000000000000000000000000000000000000000001100000000000000000000010111110000000000000000000000100000000000000000000000000000000000000000000
000000000000000000010000000000000001001000000000000000000000000110000000000000000000000000000000001111101100000000000000011001000000000000000001000000000000000000000000000000000000000000000000000000000001100000000000000000000000100010110000000000000010100110000000000000000000000000000000000000000000
000000000000000000101000000000000000110000000000000000000000001011000000000000000000000000000000010111001100000000000000001101100000000000000001000000000000000000000000000000000000000000000000000000000000000000000000000000000000011100111000000000000100100011000000000000000000000000000000000000000000
000000000000000000101000000000000000000000000000000000000000000100000000000000000000000000000000001001111110000000000000000101100000001100000000000000000000000000000000000000000000000000000000000000000000000000000000000000000000001100110000000000000011100100000000000000000000000000000000000000000000
000000000000000000010000000000000000000000000000000000000000000000000000000000000001100011000000000000011100000000000000000011000000001011000000000000000000000000000000000000000000000000001000000000000000000000000000011000000000000000000000000000000000000000000000000000000000000000000000000000000000
000000000000000000000000000000000000000000000000000000000000000000000000000000000001100100100000000000001000000000000000000000000000000011000000000000000000000000000000000000001110000000001000000000000000000000000000011000000000000100000000000000000000000000000000000000000000000000000000000000000000
000000000000000000000000000000000000000000000000000000000000000000000000000000000000000011000000000000000000000000100000000000000000001011000000000000000000000000000000000000000000000000001000000100000000000000000000000000000000001010000000000000000000000000000000000000000000000000000000000000000000
000000011100000000000000000000000000000000000111000000000000000000000000000000000000000000000000000000000000000000011000000000000000001100011000000000000000000000000000000000000000000000000000001010000000000000000000000000000000000000000000000000011100000000000000000000000000000000000000000000000000
000000000000000000000000000000000000000000001000100000000000000000000000000000000000000000000000000000000110000000110000000000011000000000011000000000000000000000000000000000001100000000000000001010000000000000000000000000000000000010000000000000000000011100000000000000000000000000000000000000000000
000000000001000000000000000000000000000000001000110000000000000000000000000000000000000000000000000000001010000000000000000000011000000000000000000000000000000000000000000000001110000000000000000100000010000000000000000000000000001000000000000000000000100010000000000000000000000000000000000000000000
000000000001000100000000000000000000000000001011111100000000000000000000000000000000000000000000000000000010000000000000000000000000000000000000000000000000010000000000000000000001000000000000000000000010000000000000000000000000010010000000000000000001000001000000000000000000000000000001100000000000
000000000001000100000010000000000000000000000111000110000000000000000000000000000000001110000000000000000000000000000000000000000000000000000000000000000000010110000000000000000111100000000000000000000010000000000000000000000000010011000000000000000000001000100000000000000000000000000001100000000000
000000000000000100000010000000000000000000000100100011000000000000000000000000000000000000000000000000000000000000000000000000000000000000000000000000001100000001000000000100110000100000000000000000000000000000000000000000000000001000000000010000000000000000100000000000000000000000000000000000000000
000000000000000000000010000000000000000000000111000000000000000000000000000000000000000000000000000000000000000000000000000000000000000000000000000000010100000001000000000000111001110000000000000000000000000000000000000000000000000111000000010000000001000001000000000000000000000000000000000000110011
000001000000000000000000000000000000000000000000000000000000000000000000000000000000000000000000000000000000000000000000000000000000000000000000000000010000000111000000010000000011010000000000000000110000000000000000000000000000000001000000010000000000100000000000000000000000000000000000000000110011
000001000000000000000000000000000000000000000010111000000000000000000000000000000000000000000000000000000100000000000000000000000001111100000000000000010100000000000000000000100100000000000000000000110000000000000000000000000000000000000000000000000000011100000000000000000000000000000000000000000000
000001000000000000000000000000000000000000000011011000000001110000000000000000000000000000000000000000001010000000000000000000000011000010000000000000001100000000000000011010000000000110111000000000000000000000000000000000000000000000000000000000000000000000001100000000000000000000000000000000000000
000000000000000000000000000000000000000000000011101000000000000000000000000000000000000000000000000000000110000000000000000000000100000001000000000000000000000000000000000100011100000100000100000000000011100000000000000000000000000000000000000000000000000000001100000000000000000000000001000000000000
000000000000000000000000000000000000000000001011001000000000000000000000000000000000000000000000000000000000000000000000000000000011000010000000000000000000000000000000000000010000000100000100000000000011100000000000000001100000000000000000000000000000000000000000000000000000000000000001000000000000
000000000000000000000000000000000000000110010101000100000000000000000000000000000000000000000000000000000000000000000000000000000001111100000000000000000000001000000000000000000000100110111000000000000011100000000000000001100000000000000000000000000000000000000000110000000000000000000001000000000000
000000000000000001100000000000000000000000010110101000000000000000000000000000000000000000000000000000000000000110000000000000000000000000000000000000000000011000000000000000000000010010000000000000000110110000000000000000000000000000000000000000000000000000000000110000000000000000000000000000000000
000000000000000001100000000000000111010000001000000000000000000000000000000000000000000000000000000000000000000110000000000000000000100000000000000000000000010100000000000000000000000010010000000000000110110000000000000000000000000000000000000000000000000000000000000000000000000000001000000000000000
000000000000000000000000000000000101110000000000000000000000000000000000000001100000000000000000000000000000000000000000000000000001010000000000000000000000000110000000000000000000000010000000001100000110010000000000000000000000000000000000000000000000000000000000000000000000000000001000000000000000
000000000000000000000000000000000111101000000000000000000000000000000000000010010000000000000000000000000000000000000000000000000001010000000000000000000001011010000000000000000000000000011000000000000011001100000000000000000011000010000000000000000000000000000000000000001000000000001000000000000000
000000000000000000000000000000000000001000000000000000000000000000000000000010100000000000000000000000000000000000000000000000000000100000000000000000000010101000000000000000000000000011100000001001000010001100000000000000000000100101000000000000000000000000000000000000000100000000000000000001000000
000000000000000000000000000000000000000111000000000000000000000000000000000001000000000000000000000000000000000000000000000000000000000000000000000000000100001000000000000000000000000000000000000001000010001000000000000000000100000010000000000000000000000000000000000000010100000000000000000010100000
000000000000000000000000000000000000000000000111000000000000000000000000000000000000000000000000000000000000000000000000000000000000000000000000000000000010010000000000000000000000001000000000000000000001010000000000000000000011000000000000000000000000000000000000000000011000000000000000000010100000
000000000000000000000000000000000000000000001001000000000000000000000000000000000000000000000000000000000000000000000000000000000000000000000000000000000001100000000000000000000000001001000000000000000000100000000000000000100000000000000000000000000000000000000000000000010100000000000000000001000000
000000000000000000000000000000000000000000001000100000000000000000000000000000000000000000000000000000000000000000000000000000000000100000000000000000000000000000000000000000000000011011000010000000100000000000000000000000100000000000000000000000000000000000000000000000001010000000000000000000000000
000000000000000000000000000000000000000000001001000000000000000000000000000000000000000000000000000000000000000000000000110000000001010000000000000000000000000000000000000000000000001001000101000101110000000000000000000000100000000000000000000000000000000000000000000000010001000001100000000000000000
000000000000000000000000000000000000000000000101000000000000000000000000000000000000000000000000000000000000000000000000110000000001010000000000000000000000000000000000000000000100000101000101000111011100000000000000000000000000000000000000000000000000000000000000000000010000100001100000000000000000
000000100000000000000000000000000000000000000000000000000011000000000000000000000000000000000000000000000000000000000000000000000000100000000000000000000000000000000000000000001010000111000010000011000000000000000000000000000000000000000000000000001100000000000000000000000000000000000000000000000000
000001010000000000000000000000000000000000000000000000000011000000000000000000000000000000000000000000000000000000000000000000000000000000000000000000000000000000000000000000001010000000000000000000001100000001000000000000000001000000000000000000001000010100000000000110000000010000000000000000000000
000001010000000000000010000000000000000000000000000000000000000000000000000000000000000000000000000000000000000000000000000000011000000011000000000000000000000000000000001100000100000000000000000000011000000010100000000000000001000000000000000000010000000110000000001001000000001000000000000000000000
000000100000000000000010011100000000000000000000000000000000000000000001100000000000000000000000000000000000000000000000000000100100000100100000000000000000000000000000001010000000000000000000000000000000000110110000000000000001000000000000000000000010000100000001000001000110110000000000000000000000
000000000000000000000010000000000000000000000000000000000000000000000001100000000000000000000000000000000000000000000000000000011000000011000000000000000000000000000000000100000000000000000000000000000000001000110000000000000000000000000000000001100010011001000001000000100001110000000000000000011000
000000000000000000000000000000000000000000000000000000000000000000000000000000000000000000000000000000000000000000000000000000000000000000000000000000000000000000000000000000000000000000000000000000000000001100010000000000000000000000000000000100011000100010110000000010100000000000000000000000011000
000000110000000000000000000000000000000000000000000000000000000000000000000000000000000000000000000000000000000110000000000000000000100000000000000000000000000000000000000000000000000000000000000000000000000100000000000000000000000000000000000101010000000010110000000001000000000000000000000000000000
000000110000000000000000000000000000000000000000001100000000000000000000000000000000000000000000000000000000001001000000000000000001010000000000000000000000000000000000000000000000000000000000000000000000000000010000000000000000000000000000000000010100000001010000000000000000000000000000000000000000
000000000000000000000000000000000000000000000000001100000000000000000000000000000000000000000000000000000000000101000000000000000001010000000000000000000000000000000000000000000000001100000000000000000001000001010000000000001100000000000000000001000100011000001100110000000000000000000000000110000000
000000000000000000000000000000000000000000000000000000000000000000000000000000000000000000000000000000000000000010000000000000000000100000000000000100000000000000000000000000000000001100000000000000000011110000100000000000010010000000000000000001001000010100000111100000000000000000000000000110000000
000000000000000000000000000000000000000000000000000000000000000000000000000000000000000000000000000000010000000000000000000000000000000010000000000100000000000000000000000000000000000000000000000000000000001000000000000000001100000000000000000000111000011100000011000000000000110000000000000000000000
000000000000000000000000000000000000000000000000000000000000000000000000000000000000000000000000000000101000000000000000000000000000000101000000000100000000000000000000000000001100000000000000000000000011011000000000000000000000000000000000000000000000000000000000000000000000110000000000000000000000
000000000000000000000000000000000000000000000000000000000001110000000000000000000000000000000000000000100100000000000000000000011000000101000000000000000000000000000000000000001100000000011100000000000000000000000000000000000000000000000000000000000000000001100000000000000000000000000000000000000000
000000000000000000000000000000000000000000000000000000000000000000000000000000000000000000000000000000011000000000000000000000100100000010000000000000000000000000000000000000000000000000000000100000000000000000000000000000000000000011000010000000000000000011001000000000000000000000000000000000000000
000010000000000000000000000000000000000000000000000000000000000000000000000000000000000000000000000000000000000000000000000000100100000000000000000110000000000001100000000000000000000000000000110000000000000000000000000000000000000100101100000000000000000011000110000000000000000000000000000000000000
000101000000000000000000000000000000000000000000000000000000000000000000000000000000000000000000000000000000000000000000000000011000000000000000001001000000000001010000000000000000000000000001011000000000000000000000000000000000000101000110000000000000000011011100000000000000000000000000000000000000
000110000000000000000000000000000001000000000000000000000000000000000000000000000000000000000000000000000000000000000000000000000000000000000000000110000000000000100000000000110000000000000001010000000000000000000000000000000000000010000000000000000000000001100000000000000000000000000000000000000000
000000000000000000001100000000000010100000000000000000000000000000000000000000111000000000000000000000000000000000000000000000000000000000000000000000000000000000000000000000101000000000000001100000000000000000000000010000000000000000000000000000000000000000000000000000000000000000000000000110000000
000000000000000000010010000000000010010000000000000000000000000000000000000000100001000000000000000000000000000000000000000000000000000000000000000000000000000000000000000000010000000000000000000000000000000000000000101100000000000000000000000000000000000000000000000000000000000000000000000110000000
000000000000000000001100000000000001100000000000000000110000000000000000000000001100100000000000000000000000000000000000000000000000000000000000000000000000000000000000000000000000000000000000000000000000000000000000001000000000000000000000000000000011000000000000000000000000000000000000000000000000
000000000000000000000000000000000000000000000000000010100000000000000001010000100010110000000000000000000011000000000000000000000000000000000000000000000000000001100000000000000000000000000000000000000000000000000000011010000000000000000000000001000011000000000000000000000000000000000000000000000000
000000000000000000000000000000000000000000000000000010100000000000000000000000110010001000000000000000000100100000000000000000000000000000000000000000000000000001100000000000000000000000000000000000000000000000001100001101000000000000000000000010100000000000000000000000000000000000000010000000000000
000000000000000000000000000000000000000000000000000101000000001000000001010000100101100011000000000000000011000000000000000000000000000000000000000000000000000000000000000000000000000000000000000000000000000001110001000010000000000000000000000010100000000000000000000000000000000000000101000000000100
000000000000000000000000000000000000000000000000000101000000111000000000000000011000100110000000000000000000000000000000000000000000000000000001110000000000000000000000000000000000000000000000000000001000000010000001000000000000000000000000000001000000000000000000000000011100000000000101000000001010
000000000000000000000000000000000000000000000000000110000001111100000000000000000000000000000000000000000000000000000000000000000000000000000000000000000000000000000000000000000000000000000000000000010010000001000001011000000000000000000000000000000000000001100000000000000000000000000010000000001001
000000000000000000000000000000000000000000100000000000000001000000000000000000000000000000000000000000000000000000000000000000000000000000000000000000000000000000000000000000000000000000000000000000100000011000000101011000000000000000000000000000000000000001100000000001000001000000000000000000000110
000000000000000000000000000000000000000001010000000000000001011001000000000000000001100000000000000000000000000000000000000000000000000000000000000000000000000000000000000000000000000000000000000000100001110000110101000000000000000000000000000000000000000000000000000001000001000000000000000000000000
000000000000000000000000000000000000000001010000000000000010111111000000000001000001100000000000000000000011000000000000000000000000000000000000000000000000000000000000000000000000000000000000000000010000010000110111110000000000000000000000000000000000000000000000000001000001000000000000000000000000
000000000000000000000000000000000000000000100000000000000000110000100000000010010000000000000000000000000011000000000000000000000000000000000000000000000000000000000000000000000000000000000000000000010000100000000000010000000000001100000000000000000000000000000000000000000000000000000000000000000000
000000000000000000000000000000000000000000000000000000000000010111000000000011100000000000000000000000000000000000000000000000000000000000000000000000000000000000000000000000000000000000000000000000000000000000000000000000000000001100000000000000000110000000000000000000011100000000000000000000000000
000000010000000010000010000000000000000000000000000000010000011110000000000000000000000000000000000000000000000000000000000000000000000000010000000000000000000000000000000000000000000000000000000000000011100000000000000000000000000000000000000000000110000000000000000000000000000000000000100000000000
000000010000000010000010000000000000000000000000000000110000101100000000000000000000000000000000000000000000000000000000000000000000000000010000000000000000000000000000000000000000000000000000000000000000000000000000000000000000000000000000000000000000000000000000000000000000000000000000100000000000
000000010000000011000110000001110000000000000000000000010001100000000000000000000000000000000000000000000000000000000000000000000000000000010000000000000000000000000000000000000000000000000000000000000000000000000000000000000000000001110000000000000000000000000000000000000000000000000000100000000000
000000000000000000000000000000000000000000000000000000011001000000000000000000000000000000000000000000000000110000000000000000000000000000000000000000000000000000000000000000000000000000110000000000000000000000000000000000000000000000000000000000000000000000000000000000000000000000000000000000000000
000000000000111001101100111000000000000000000000000000001110000000000000000000000000000000000000000000000000110000000000000000000000000000000000000000000000000000000000000000000000000001001000000000000000000000000000000000000000000000000000000000000000000000001100000000000000000000000000000000000000
000110000000001010101010100000000000000000000000000000000100000000000001100000000000000000000000000000000000000000000000000000000000000000000000000000000000000000000000000000000000000001001000000000000000000000110000000000000000000000000000000000000000000000001100000000000000000000000000000000000000
000110000000000011000110000000000000000000000000000000000000000000000001100000000000000000000000000000000000000000000000000000000000000000000000000000000000000000000000000000000000000000110000000000000000000000110000000000000000000000000000000000000000000000000000000000000000000000000000000000000000
