300 300
000000000000001100000000000000000000000000000000000000000000000000000000000000000000000111000111000000000000000000000000000000000000000000010000000000000000000000000000000000000000001100000000011100000000000000000000000000000000000000000000000000000000000000000000000000000000000000000000000000000000
000000000000010010011100000000000000000000000000000000000000000000000000000000000000010000101000010000000000000000000000000000000000000000101000000000000000000000000000000000000000010100000000010100001100000000000000000011100000000000001100000000000000000000000000000000000000000000000111000000000000
000000000000001100000000000000000000000000000000000000000000000000000000000000000000010000101000010000000000000000000000000000000000000000101000000000000000000000000000000000000000010110000000100100000000000000000000000010010000000000010010000000000000000000000000000000000000000000000000000000000000
000000000000000000000000000000000000000000000000000000000000000000000110000110000000010000101000010000000000000000000000000000000000000000010000000000000000000000000000000000000000000110000001001000000000000000000000000010001000000000010100000000000000000000000000000000000000000000000000000000000000
000000000000000000000000000000000000000000000000000000000000000000001001000110000000000000000000000000000000000000000000000000000000000000000000010000010000011000000001110000000001000010000000110000000000000000000000000000101000000000001000000000000000000000000000000000000000000000000000000000000000
000000000000000000000000000000000000000000000000000000000000000000000110000000000000000111000111000000000000000000000000000000000000000000000000111000010000011000000000000000000001000010000000000000000001000000000000000000101000000000000000000000000000000000000000000000000000000000000000000000000000
000000000000000000000000000000000000000000000000000000000000000000000000000000000000000000000000000000000000000000000000000000000000000000000001010110010000000000000000000000000001000100000000000000000011100000000000000000101000000000000000000000000000000000000000000000000000000000000000000000000000
000000000000000000000000000000000000000000000000000000000000000000000000000000000000000000000000000000000000000000000000000000000000000000000001010001000000000000000000000000000001000000000000000000000000010000000000000001001000000000000000000000000000000000000000000000000000000000000000000000000000
000000000000000000000000000000000000000000000000000000000110000000000000000000000000000000000000000000000000000000000000000000000000000000000100111001000000000000000000000000000000000100000000000010000001100000000000011100001100000000000000000000000000000000000000000000000000000000000000000000011000
000000000000000000000000000000000000000000000000000000000101000000000000000000000000000000000000000000000000000000000000000000000000000000001000010000000000000000000000000000000000100010000000000000000000000000000000010111001000000000000000000000000000000000000000000000000000000000000000000000011000
110001100000000000000000000000000000000000000000000000000010000000000000000000000000000000000000000000000000000000000000000000000000000000000111001000000000000000000000000000000000100111000000000011000000000000000000010000010000000000000000000000000000000000000000000000000000000000000000000000000000
110001100000000000000000000000000000000000000000000000000000000000000000000000000000000000000000000000000000000000000000000000000000000000000001111000110000000000000000000000000000010001000000000001000000000000000000001001000000000000000000000000000000000000000000000000000000000000000000000000000000
000000000000000000000000000000000000000000000001000000000000000000000000000000000000000000000000000000000110000000000000000000000000000000000001001110000000000000000000000000000000000010000000000000000000000000000000001100000000000000000000000000000000000000000000000000000000000000000000000000001100
000000000000000000000000000000000000000000000001000000000000011000000000000000000000000000000000000000000110000000000000000000000000000000000000001010010000000000000000000000000000100010000000000000000000000000000000000000000000000000000000000000000000000000000000000000000000001100000000000000001100
000000000001100011000000000000000000000000000001000000000000011000000000000000000000000000000000000000000000000000000000000000000000000000000000111011100000000000000000000000000000100100000000000000000000000000001110000000000001000000000000000000000000000000000000000000000000001100000000011100000000
000000000001100011000000000000000000000000000000000000000000000000000000000000000000000000000000000000000000000000000000000000000000000100000000001110000000000000000010000000000001001000000000000000000000000000000000000000000001000000000000000000000000000000000000000000000000000000000000000000000000
000000000000000000000000000000000000000000110000000000000000000000000000000000000000000000000000000000000000000000000010000000000000001010000000000100000000000000000101000000000000110000010000000000000000000000000000100000000001000000000000000000000000000000000000000000000000000000000000000000000000
000000000000000000001100000000000000000000110000110000100000000000000000000000000000000000000000000100000000000000000010000000000000000110000000000000000000000000000110000000000000000000010000000000000000000000000000100000000000000000000000000000000000000000000000000000000000000000000000000000000000
000000000000000000010010000000000000000000000000110000100000000000000000000000000000000000000000000100000000000000000010000000000000000000000000000000000000000000000000000000000000000000010000000000000000000000000000100000011100011100000000000000000000000000000000000000000000001000000000000000000000
000000000000000000001100000000000000000000000000000000100000000000000000000000000010000000000000000100000000000000000000000000100000000000000000000000000000000000000000000000000000000000000000000000000000000000000000000000000000000000000000000000000000000000000000000000000000001000000000000000000000
000000000000000000000000000000000000000000000000000000000000000000000000000000001101100000000000000000000001110000000000000000100000000000000000000000000000000000000000000000000000000000000000000000000000000000001110000000000001000000000000000000000000000000000000000000000000001000000000000000000000
000000000000000000000000000000000000110000000000000000000000000000000000000000001000010000000000000000000000000000000000000000100000000000000000000000000110000000000000000110000000000000000000000000000000000000000000000000000001000000000000000000000000000000000000000000000000000000000000000000000000
000000000000000000000000000000000000110000000000010000000000000000000000000000011101110000000000000000000000000000000000000000000000000001100000000000000000000000000000000110000000000000000000000000000000000000000000000000000001000000000000000000000000000000000000000000000011100011100000000000000000
000000000000000000110000000000000000000000000000100000000000000110000000000000011100110000000000000000000000000000000000000000001110000001100000000000000000000000000000000000000000000000000000000000000000000000000000000000000000000000000000000000000000000000000000000000000000000000000000000000000000
001110000000000000110000000000000000000000000000111000000000000111100000000000010000000000000000000000000000000000000000000000000000000000000000000000000000000000000000000000000000000000000000000000000000000000000000000000000000000000000000000000000000000000000000000000000000001000000000000000000000
001110000000000000000000000000000000000000000000000000011110000001110000000001000000000000100000000000000000000000000000000000000000000000000000000000001000000000000000000000000000000000000001100000000000000000000000000000000000000000100000000000000000000000000000000000000000001000000000000000000000
010001000000000000000000000000000000000000000000000000000001100000010000000001000000000001110000000000000000000000000000000000000000000000000000000000010100000000000000000000000000000000000010010000000000000000000000000000000000000001010000000000000000000000000110000000000000001000000000000100000000
011001000000000000000000000000000000000000000000000000010001100000001000000000000000000001010000000000000000000000000000000000000000000000000000000000100010000000000000000000000000000000000001010000000000000000000000000000000000011001010000000000000000000000000110000000000000000000000000000100000000
010001000000000000000000000000000000000000000000000000011100000010010000000000000000000000000000000000000000000000000000000000000000000000000000000000100010000000000000000000000000000000000000100000000000000000000000000010000000011000100000000000000000000000000000000000000000000000000000000100000000
001010000000000000000000000000000000000000000000000000000000011010100000000000000000000000000000000000000000000000000000000000000000000000000000000000101100000000000000000000000000000000000000000000000000000000000000001101000000000000000000000000000000000000000000000000000000000000000000000000000000
000000000000000000000000000000000000000000000000000001000000100010000000000000000000000001100110000000000000000000000000000010000000000000000000000000010000000000000000000000000000000000000000000000000000000000000000001101000000000000000000000000000000000000000000000000000000000000000000000000000000
000000000000000000000000000000000000000000000000000010000000111011000000000000000000000001000100000000000000000000000000000101000000000000000000000000000100000000000000000000000000000000000000000000000000000000000000010010000000000000000000000000000000000000000111000000000000000000000000000000000000
000000000000000000000000000000000000000000000000000010000000100000000000000000000000000101100000000000000000000000000000000010000000000000000000000000000110000000000000000000000000000000000000000000000000000000000000001100000000000000000000000000000000000000000000000000000000000000000000000000000000
000000000000000000100000000000000000000000000000000001000000000100100000000000000000000110100000000000000000000000000000000000000000000000000000000000000010000000000000000000000000000000000000000000000000001000000000001100000000000000000000000000000000000000010000010000000000000000000000000000000000
000000000000000001010000000000000000000000000000000000001011100000110000000000000000000111000000000000000000000000000000000000000000000000000000000000010000000000000000000000000000000000000000000000000000010000000000000000001100111000000000000000000000000000010000010000001100000000000000000000000000
000000000000000001001000000000000000000000000000000000001000100110110000000000000000000000000100000000000000000000000000000000000000000000000000000000010000000000000000000000000000000000000000000000000000011100000000000000010010000000000000000000000000000000010000010000001100000000000000000000000000
000000000000000000110000000000000011000000000000000000001000010000000000000000000000000000001010000000000000000000100000000000000001000000000000000000010000000000000000000000000000000000000000000000000000000000000000000000010010000000000000000000000000000000000000000000000000000000000000000000000000
000000000000000000000000000000000010100000000000000000000000001111100000000000000000000000001010000000000000000001010000000000000010100000000000000000000000000000000000000000000000000000000000000000000000000000000000000000001100000000000000000000000000000000000111000000000000000000000000000000001100
000000000000000000000000000000000001000000000000000000000000000111000000000000000000000000000100000000011000000000100000000000000010100000000000000000000000000000000000000000000000000000000000000000000000000000000000000000000000000000000000000000000000000000000000000000000000000000000000000000001100
000000000000000000000000000000000000000000000000000000000000000000000000000000000000000000000000000000011000000000000000000000000001000000000000000000000000000000000000000000000000000000000000000000000000000000000110000000000000000000000000111000000000000000000000000000000000000000000000000000000000
000000000000000000000000000000000000000000000000000000110000000000000000000000000000000000000000000000000000000000000000000000000000000000000000000000000000000000000000000000000000000000000000000000000000000000000110000000000000000000000000000000000000000000000000000000000000000000000000000000000000
000000000000000000000000000110000000000000000000000000110000000000000000000000000000000000000000000000000000000000000000000000000000000000000000000000000000000000000110000000000000000000000000000001110000000000000000000000000000000000000000000000001100000000000000000000000000000000000000000000000000
000000000000000000000000001001000000000000000000000001110000000000000000000000000000000000000000000000000000000000000000000000000000000000000000000000000000000000000110000000000000000000000000000000000000000000000000000000000000000000000000000000001100000110000011000000000000000000000000000000000000
000000000000000000000000000101000000000000000001000000000010001000000000000000000000000000000000000000000000001000010000000000000000000000000000000000000000000000000000000000000000000000000000000000000000000000000000000000000000000000000000000000000000000110000011000000000000000000000000000000000000
000000000000000000000000000010000000000000000001000000000011010100000000000000000000000000000000000000000000001000010000000000000000000000000000000000000000000000000000000000011000001110000000000000000001110000000000000000000000000000000000000000000000000000000000000000000000000000000000000000000000
000000000000000000000000000000000000000001111111100000000000010100000000000000000000000000000000000000000000001000010000000000000000000000000000000000000000000000000000000000101000000000000000000000000010000000000001100000000000000000000000000000000000000000000000000000000000000000000010000000000000
000000000000000000000000000000000000000000100100000000000111101000000000000000000000000000000000000000000000000000000000000000000000000000000000000011001100000000000000000000010000001010000000000000000011000110000001100000000110000000000000000000000000000001000000000000000000000000001111000000000000
000000000000000000000000000000000000000110100010000000000010000000000000000000000000000000000000000000000000000000000111000000000000000000000000000101001100000000000000000000000000001010000000000000000000011010000001100000000110000000000000000000000000000010100000000000100001100000001100100000000000
000000000000000000000000000000000000000111010110000000000000000000000000000000000000000000000000000000000000000000000000000000000000000000000000000010000000000000000000000000000000000000110000000000000000000111000000000000000000000000000000000000000000000010100000000000100000010000011000010000000000
000000000000000000000000000000000000000100011000011000000110000000000000000000000000000000000000000000000000000000000000000000000000000000000000000000000000000000000000000000000000001110110000000000000000000011000000000000000000000000000000000000000000000001000000000000000001110000000010000000000000
000000000000000000000000000000000000000011110000000000000110000001000000000000000000000000000000000000000000001000000000000000000000000000001100000000000000000000000000000000000000000000101000000000000000000011000000000000000000000000000000000000000000000000000000000011100001110000011011000000000100
000000000000000000000000000000000000000000100000000000000000000001000000000000000000000000000000000000000000001000000000000011000000000000010010000000000000000000000000000000000000000101110000000000000000000000000000000000000000000000000000000000000000000000000000001000100010100000000000000000000100
000000000000000000000000000000000011000000000000000000000000000001000110000001000000000000000000000000000000001000000000000100100000000000001100000000000000000000000000000000000000000101110000000000000000000000000000000000000000000000000000000000000000000000000000001000000010100000000000000000000100
000000000000000000000000000000000000000110000000000000000000000000000101000110110000000000000000000000000000000000000000000010100000000000000000000000000000110000000000000000000000000100100000000000000000000000000000000000000000000000000000000000000110000000000000000000000001000000000100000000000000
000000000000000000000000000000000000001111001010000000000000011100000010001010110000000000000000000000000000000000000000000001000000011100000000000000000001001000000000000000000000000000000000000000000000111000000000000000000000000000000000000000000110000000000000000001000000000000001100011000000000
000000000000000000000000000000100000011000000001000000000000000000000000011100100000000000000000000000000000000000000000000000000000000000000000000000000000110000000000000000000010000000000000000000000000000000000000000000000000000000000000000000000000000000000000110101000000000000000011101000000000
000000000000000000000000000001010001100000000010000000000000000001000000010000000000000000000000000000000000000000000000000000000000000000000000000000000000000000000000000000000101000000000000000000000000000000000000000000000000000000000000000000000000000000000000110101100000000000011000100000000000
110000000000000000000000000000100000100000000100000000000001100001000000001110000000000000000000000000000000000000000000000000000000000000000000000000000000000000110000000000000101000000000000000000000000000000000000000000000000000000000000000000000000000000000000000010100000000000011000100000000000
110000000000000000000010000000000000001100010000000000000010010001000000000100000000000000000000000000000000000000000000000000000000000000000000000000000000000000110000000000000010000000000000000000000000000000000000000000000000000000000000000000000000000000000000000011100000000000000111000000000000
000000000000000000000101000000000000000000000000000000000010100000000000000000000000000000000000000000000000000000000000000000000000000000000000000000000000000000000000000000000010110000000001100000000000000000100000000000000000000000000001000000000000000000000000000011000000000000000000000000000000
000000001100000000000101000000000000000000000000000000000001000000000000000000000000000000000000000000000000000000000000000000000000000000000000000000000000000000000000000000000110011000000001100000000000000001010000000000000011000000000010100000000000000000000000000000000000000000000000000000000000
000000010010000000000010000000000100000000000000000000000000000000000000000000000000000000000000000000000000000000000000000000000000000000000000000000000000000000000000000000001000001000000000000000000000000001010000000000000100100000100010110000000000011100000000000000000000110000000000000000000000
000000001100000000000000000000001010000000000000000000000000000000000000000000000000000000000000000000000000000000000000000000000000000000000000000000000000000000000000000000000000100000000000000000000000000000100000000000000011000001001001010000000000000000000000000000000000000000000000000000000000
000000000000000000000000000000010011000000000000000000000000000000000000000000000000000000000000000000000000000000000000000000000000000000000000000000000000000000000000000000000000000001100000000000000000000000000000000000000000000010001000110000000000000000000000000000000000000000000000000000000000
000000000000000000000000000000010010000000000000000000000000000000000000000000000000000000000000000000000110000000000000000000000000000000000000000000000000000000000000000000001001000100100000000000000000000000000000000000000000000010101000000000000000000000000000000000000000000000000000000000000000
000000000000000000000000000000010100000000000000000000000000000000000000000000000000000000000000000000000110000000000000000000000000000100000000000000000000000000000000000000000110000111000000000000000000000000001100000000000010000001010100000000000000000000000000000000000000000000000000000000000000
000000000000000000000000000000001100000000000000000000000000000000000000000000000000000000000000000000000000000000000000000000000000001110000000000000000000000000000000110000000000000010000000000000000000000000001100000000000001100000011010000000000000000000000000000000000000000000000000000000000000
000000000000000000000000000000000100000000000000110000000001000000000000000000000000000000000000000000000000000000000100000000000000011001000000000000000000000000000000110000000000000000000000000000000000000000000000000000011000010000000000000000000000000000000000000000000000000000000000000000000000
000000000000000000000000000000000000011000000000101001100100100000000000000000000000000000000000000000000000000000001010000000000000110101000000000000000000000000000000000000000000000000000000000000000000000000000000000000100010000000000100000000000000000000000000000000000000000000000000000000000000
000000000000000000000000000000000001110000000000010001010100100000000000000000000000000000000000000000000000000000001001000000000001101101000000000000000000000000000000000000000000000000000000000000000000000000000000000000011000100000000000000000000000000000000000000000000000000000111000000000000000
000000000000000000000000000000000000100000000000010100110100100000000000000000000000000000000000000000000000000100000110000000000000110000000000000000000000000000000000000000000000000000000000000000000000000000000000000000011100011100000000000100000000000000000000000000000000000001000100000000000000
000000010000000000000000000000000100000100000000011110100101000000000000000000000000000000000000000110000000001010000000000000000000011110000000001000000000000000000000000000000000000000000000000000000000000000000000000000000000010010110010001110000000000000000000000000000000000010001100000000000000
000000111000000000000000000000000100000100000000110001011011000000000000000000000110000000000000000110000000001010000000000000000000000010000000010100000000000000000001000000000000000000000000000000000000000000000000000000000000000000000101110011000000000000000000000000000000000100000000011000000000
000001111100000000000000000000000100000100000001000000101011000000000000000001100110000000000000000000011100000100000000000000000000001000000000100100000000000110000001000000000000000000000000000000000000000000000000000000000000001001001000001100000000000000000100000000000000000100100000011000000000
000010100100000000000000000000000000000000000000111000110000000000000000000001100000000000000000000000000000000000000000000000000000001000000000011000000000001001000001000000000000000000000001000000000000000000000000000000000000000000000000001000000000000000001010000000000110000100000000000000000000
000010000110000000000000000000000001110000000000011000110000000000000000000000000000000000000000000000000000000000000000000000000100000000010000000000000000000110000000000000011001100000000010100000000000000000000000000000000000110100100110101000000000000000001010000000000110000010001100000000000000
000011100110000000000000000000000000000000000000000010010000000000000000000000000011000000000000000000000000000000000000000000001110000010001100000000000000000000000000000000011001100000000010100000000000000000000000000000000000110100100001110000000000000000000100000000000100000001000100000000000000
000011101000000000000000000000000000000000000000000001110001111000000000000000000011000000000000000000000000000000000000000000011011000000111110000000000000000000000000000000000000000000000001000000000000001000000000000000000000111000100000100000000000000000000000000000001000000000111000000000000000
000000111000000000000000000000000000000000000000000000100010001000000000000000000000000000000000000000000000000000000011000000111001100000110101000000000000000000000000000000000000000000000000000000000000010100000000000000000000001100000000000000000000000000000000011100001100000000000000000000000000
000000010000000000000000000000000000000110000000000000010100001000000000000000000000000000000000000000000000000000000011000000011001100000000101110000000000000000000000000000011000000000110000000000000000010100000000000000000000001011000000000000000000000000000110000000100110000000000000000001100000
001100010110000000000000000000000000000110000000000000111000010000000000000000000000000000000000000000000000000000000000000000000011100000001000000000000000000000000000000000011000000001001000000000000000001000000000000000000000000111000000000000000000000000000110000001001011000000000000000001100000
001100001110000000000000001000000001000000010000000010000000010000000000000000000000000000001100000000000000000000000000000000000011000000000100010000000000000000000000000000000000000000110000000000000000000000000000000000000000001010000000000000000000000000000000000010001010000000000000000000000000
000000000000000000000000001000000010100000101000000100011010100000000000000000000000000000001100000000000000000000000000000000000000000000000011100000000000000000000000000000000000000000000000000000000000000000000000000000000000001100000000000000000000000000000000000010000010000000000000000000000000
000000000000000000000000001000000010100000110000000000010000100000000000000000000000011000000000000000000000000000000000000000000000000000000000000000000000000000000000000000000000000000000000010000000000000000000000000000000000000100000000000000000000000000000000000011011000000000000000000000000000
000000001000000000000001000001000001000000000000001001000000000000000000000000000000011000000000000000000000000000000000000000000000000000000000000000001000000000000000000000000000000000000000101000000000000000000000000000000001100000000000000000000000000000000000000000001001000000000000000000000000
000000010100000000000010100010100000000000000000000000000001110000000000000000000000000000000000000000000000000000000000000000000000000000000000000000001000000000000000000000000000000000000000101000000000000000000000000000000011010100000000000000000000000000000000000000110101000000000000000000000000
000000010100000000000010100010100000000000000000001110000000000000000101100000011000000000000000000000000000000000000000000000000000000000000000110000001000000000000000000000000000000000000000010000000000000000000000000000000000010000000000000000000000000000000000000000100000000000000000000000000000
000000001000000000000001000001000000011100000000000100000000000000001001111001100100000000000000000000000000000000100000000000000000000000000001001000000000000000000000000000000000000000000000000000000000000000000000000000000000110010000000000000000000000000000000000000100010000000000000000000000000
000000000000000000000000000000000000000000000000000000000000000000010000101010000100000000000000000000000000000000100000000000000000000000000000110000000000000000000000000000000000000000000000010000000000000000000000000000000000001110000000000000000000000000000000000000001100000000000000000000000000
000000000000000000000000001100000000000001000000000000000000000001111110010000000000000010000000000000000000000000000000000000000000000000000000000000000000000000000000000000000000000000000000101000000000000000000000000000000000000100000000000000000000000000000000000000000000000000000000000000000000
000000000000000000000000001100000000000001000000000000000000000010100000000111000100000101000000000000000000000000000000000000000000000000010000000000000000000000000000000000000000000000000000101000000000000000000000000000000000000000000000000000000000000000000000000000000000000000000000000000000000
000000000000000110000000000000000011000001000000000000000000000010000001100000000100000101000000000000000000000000110000000000000000000000010000000000000000000000000000000000000000000000000000010000000000000000000000000000000000000000000000000000000000000000000000010000000000000000000000000000000000
000000000000010001100000000000000011000000000000000000000000000011100001100000000100000010000000000001100000111110010000000000000000000000010000000000000000000000000000000000001000000000000000000000000000000000000000000000000000000000000000000000000000110000000001001000000000000000000000000000001100
000000000000010000100000000000000000000000000000000000000000000000111111100000100010000000000000000001001000001110110000000000000000000000000000000000000000000000000000000000001000000000000000000000000000000000100000000000000000000000000000000000000000000100000001001000000000000000000000000000001100
000110000000010011000000000000000000000000000000000000000000000000011110000000000100000000000000000000101001110010100000000000000000000000000000000000000000100000000000000000001000000000000000000000000000000001100000000010001100000000011100000000000000011100000000100000000000000000000000000000000000
000110000011001000000000000000000000000000000000000000000000000000001111000001111000000000000000000000001000000000100000000000000000000000000000000000000001010000000000000000000000000000000000000000000000000010010000000100001100000000000000000000000000000100000000000000000000000000000000000000000000
000000000111001000000000000000000000000000000000000000000000001110000000101000000000000000001000000000000000000010100000000000000000000000000000000000000000100000000000000000000000000000000000000000000001010000000000000100000000000000000000000000000000000010000000000000000000000000000000000000000000
000000001100001000000100000000000000000000000000000000000000000000000000010100000000000000010100000110000000000000100000000000000000000000000000000000000000000000000000000000000000000000000000000000000001001110100000000000000000000000000000000000000011000100000000000000000000000000000000000000000000
000000001100000000001010000000000000000000000000000000000000000000000000001000000000000000010010000110000010001100010000000000000000000000000000000000000000000000000000000000000000000000000000000000000000101001000000000000000000000000000000000100000011001010000000000000000000000000000000000000000000
000000000100010000010010000000000000000000000000000000000000000000000000000000000000000000001110000000000111000001100000000000000000000000000000000000000000000000000000000000000000000000001100000000000000000000000000000000000000000000000000001010000010000010000000000000000000000000000000100000000000
000000000000110000001100000000000000000000000000000000000000000000000000000000000000000000000100000000001101011111000000000000000000000000000000000000000000000000000000000000000000000000010100000000000000000000000000000000000000000000000000001100000001100000000000000000000000000000110001100000000000
000000000001101000000000000000000000000000000000000000000000000000000000000000000000001100000000000000000000000100000000000000000000000000000000000000000000000000000000000000000000000000001010001010000000000000000000000000000000000000000000000000000001001000000000000000000000000000110001100000000000
000000000001100100000000000000000001100000000000000000000000000000110000000000000000001110011000000011100000000000000000000000000000000000000000000000000000000000000000000000000000000000000000010010000000000000000000000000000000000000000000000000000000000000000000000000000000000000000001000000000000
000000000000100100000000000000000001100000000000000000000000000001000110000000000000010011000100000101000000100000000011000000000000000000000000000000000000000000000000000000000000000000000000110000001010000000000000000000000000000000000000000000000110000000000000000000000000000000000000000000000000
000000000000011000000000000000000000000000000000000000000000000001000000000000001110011000001000000111000000100000110111000000001000000000000000000000000000000000000000000000000000000000000000111000001001000110000000000000010000000100000000000000000110000000000000000000000000000000000000000000000000
000000000000000000000000000000000000000000000000000000000000001101000000000000000000110100110000000110000000000000110110010000001000000000000000000000000000010000000000000000000000000000110000000000010001000110000000000000010000000110000000000000000000000000000000000000000000000000000000000000000000
000000000000000000000000000000000000000111000000000000000010110011000010000000001110010101000001110000000000000000000111000000001000000000000000000000000000101000000000000000000000000000111111000000010001000000000000000000010001000110000000000000000000000000000000000000000000000000000000000000000000
000000000000000000000000000000000000000000000000000000000100010010000001000000000110011000000001011000000000110000000110010000000000000000000000000000000001001000000000000000000000000000011000000000110010000000000000010000000000001000000000000000000000000000000000000000000000000000000000000000000000
000000000000000000000000000000000000010000000000000000000110011100001000100100000110011000000000110000000001001000000110110000000000000000000000000000000000110000000000000000000000000000000000100000001100000000000000010000000001110000000000000000000000000000000000000000000000000000000000000000000000
000000000000000000000000000000000000010000000000000000000000001000000000100100000000000000000000000000000011111000000110100000000000000000000000000000000000000000000000000000110000000000000010100000000000000000000000010000000001100000000000000000000000000000000000000000000000000000000000000000000000
000000000000000000000000000000000000010000000000000000000000000000000000000000000000000000000000000000000110010000000011000000000000000000000000000000000000000000000000000000101000000100000000000000000000001100000000000000000001100000000000000000000000000000000000000000000000000000000000000000000000
000000000000000000000000000000000000000000000000000000000010000000000111000000000000000000000000000000000011100000000000000000000000000000000011000000000000000000000000000000010000001100000000000000000000001100000000000000000001001000000000000000000000000000000000010000000000000000000000000000000000
000000000000000000000000000000000000000000000000000001111101000000000000000000000000000000000000000000000001000000000000000000000000000000000011000000000000000000000000000000000000001100110000000000000000000000000000000000000000111000100000000000000000000000000000101000000000000000000000000000000000
000000000000000000000000000000000000000000000000000001111101000000000000100000000000000000000000000000000000000000000000000000000000000000000000000000000000000000000000000000000000001100110000000000000000000000000000000000000000000001010000000000000000000000000000000000100000000000000000000000000000
000100000000000000000000000000000000000000000000000000110010000000000001000000111000000000000000000000000000000000000000000000000000000000000000000000000000000000000000000000000000000100110000000000000000000000000000000000000000000001010000000000000001100000000000000000010000000000000000000000000000
001010000000000000000000000000000000000000000000000011000000000000000001000001011000000000000000000000000000000000000001100000000000000000000000000000000000000000000000000000000000000011100000000000000000000000000000000000000000000000100000000000000001100000000000000000011000000000000000000000000000
001100000000000000000000000000000000000000000000000011000000000000000000100100010000000000000000000000000000000000000001100000000000000000000000000000000000000000000011000000000000000001000000000000000000000000000000000000000000000000000000000000000000000000000000000111110000000000000000000000000000
000000000000000000000000000000000000000011000000000000000000000000000000000100100000000000000000000000000000000000000000000000000000000000000000000000000000000000000100100000000000000000000000000000000000000000000000000000000000000000000000000000000000000000000000111000100000000000000000000000000000
000000000000000000000000000000000000000011000000000000000000000000000000000100100000000000000000000000000000001000000000000000000000000000000000000000000000000000000011000000000000000000000000000000000000000000000000000000000000000000000000000000000000000000000000101000000000000000000000000000000000
000000000000000000000000000000000000000000000000000000000000000000000000001011000000000000000000000000000000001000000000000000000000000000000000000000000000000000000000000000000000000000000000000000000000000000000000000000000000000000000000000000000000000000000000011001000000000000000000000000000000
000000000000000000000000000000000000000000000000000000000000000000000000000110000000000000000000000000000000001000000000000000000000000000000000000110000010000000000000000000000000000000000000000000000000000000000000000000000000000000000000000000000000000000000000000110000000000000000000000000000000
000000000000000000000000000000000000000000000000000000000000000000000000000100000000000000000000000000000000000000000000000110000000000000000000000110000101000000000000000000000000000000000000000000000000000000010000001100000000000000000000000000000000000000000000000000000000000000000000000000000000
000000000000000000000000000000000000000000000000000000000000000000000000000000000000000000001110000000000000000000000000000110000000000000000000000000000101000000000000000000000000000000000000000000000000000001101000110010000000000000000000000000000000000000000000000000100000000000000000000000000000
000000000000000000000000000000000000000000000000000000010000000000000000000000000000000000000000000001000000000000000000000000000000000000000000000000000010000000000000000000000000110000000000000000000000000001010101111100000000000000000000000000000000000000000000000001010000000000000000000100000000
000000000000000000000000000000000000000000000000000000111000000000000000000000000000000000100000100001000000000000000000000000000000000000000000000000000000000000000000000000000000110000000000000000000000000011000101100000000000000000000000000000000000000000000000000001010000000000000000001010000000
000000000000000000000000000000000000000000000000000000101100000000000000000000000000000000100000100001000000000000000000000000000000000000000000000001100000001100000000000000000000000001000000000000000000000011000110000000000000000000000000000000000000000000000000000000100000000000000000001010000000
000000000000000000000000000000000000000000000000000000011011000000000000000000000000000000100000100000000000000000000000000000000000000000000000000010010000010010000000000000000000000010100000000000000000000000001000000000000000000000000000000000000000000000000000000000000000000000000000000100000000
000000000000000000000000000000000000000000000000000000000011000000011000110000011000000000000000000000000000000000000000000000000000000000000000000001100000001100000000000000000000000011000000000000000000000000000100000000000000000011100000000000000000000000000000000000000000000000000000000000000000
000000000001100000000000000000000000000000000000000000010011001000100100100000011000000000001110000000000000110000000000000000000000000000000000000000000000000000000000000000000000000000000000000000000000000000011111000000000000000000000000000000000000000000000000000000000000000000000000000000000000
000000000001100000000000000000000000000000000000000000000100000100000000010000000000000000000000000000000000110000000000000000000000000010000000111000000010000000000000000000000000000000000000000000000000000000011001000000000000000000000000000000100000000000000000000000000000000000000000000000000000
000000000000000000000000111000000100000000000000000000000000001000000000101000000000000000000000000000000000000000000000000000000000000101000000000000000101000000000000000000000000000000000001100000000000000000010010000000000000000000000000000001010000000000000000000000000000000000000000000000000000
000000000000000000000000000000001010000000000000001000000000000000010001111000000000000000000000000000000000000000000000000000000000000110000000000000000101000000000000000000000000000000000010010000000000000110001110000000000000000000000000000001010000000000000000000000000000000000000000000000000000
000000000000000100000010000010000100000000000111110100000000000000010011110000000000000000000000000000000000000000000000000000000000000000000000000000000010000000000000000000000000000000000001100000000000000101000000000000000000000000000000000000100000000000000000000000000000000000000000000000000000
000000000000001010000010000010000000000011001001000000000011000000001000000000000000000000000000000000000000000000000000000000000000000000000000000000000000000000000000000000000000000000000000000000000000000011100100000000000000000000000000000000000000000000000000000000000000000000000000000000000000
000000000000010010000010000010000000000011001111100000100011000000000000000000011000000000000000000000000000000000000000000000000000000000000000000000000000000000000000000000000000000000000000000000000000010010100010100000000000000000000000000000000000000000000000000000000000000000000000000000000000
000000000000001100000000000000000000000000000000100000000000000000000000000000011000000000000000000000000000000000000000000000000000000000000000000000000000000000000000000000000000000000000000000000000000010110100100000000000000000000000000000000000000000000000000000000110000000000000000000000000000
000000000000000000000000111000000000000000000000010000010000000000000000000000000000000000000000000000001000000000000000000000000110000000110000000000000000000000000000000000000000000000000000000000000000010100110010000000000000000000000000000000000000000000000000000000110000000000000000000110000000
000000000000000000000000000000000000000000000000001111010000000000000000000000000000000000000000000000001000000000000000000000001001000000110000000000000000000000000000000000000000000000000000000000000000000001110001000000000000000000000000000000000000000000000000000000000000000000000000000110000000
000000000000000000000000000000000000000000000000000000000000000000000001110000001100001100000000000000001000000000000000000000000110000000000000001000000000000000000000000000000000000000000000000000000000000000110011000000000000000000000000000000000000000000000000000000000000000000000000000000000000
000000000000000000000000000000000000000000000000000000000000000000000001110000001100001100000000000000000000000000000000000000000000000000000000001000000000000000000000000000000000000000000000000000000000000000011011000000000000000000000000000000000000000000000000000000000000000000000000000000000000
000000000000000000000000000000000000000000000000000000000000001100000100010000000000000000000000000000000000000000000000000000000000000000000000001000000000000000000000000000000000000000000000000000000000000000001110000000000000000000000000000000000000000000000000000000000000000000001100000000000000
000000000000000000000000000000000000000010000000000000000000010100000000010000000000000000000000000000000000000000000000000000000000000000000000000000100000000000000000000011000000000000000000000000000000000000000100000000000000000001000000000000000000000000000000000000000000000000001100000000000000
000000000000000000000000000000000000000010000000000000000000011000000000001000000000000000000000000000000000000000000000000000000000000000000000000001010000000000000000000011100000000000000000000000000000000000000000000000000000000001000000000000000000000000000000000000000000000000000000000000000000
000000000000000000000000000000000000000010000000000000000000000000000100000000000000000000000000000000000000000000000000000000000000000000000000000001100000000000000000000100100000000000000000000000000000000000000000000000000000000001000000000000000000000000000000000000000000000000000000000000000000
000000000000000000100000000000000000000000000000000000000000000011000010110000010000000000000000000000000000000000000000000000110000000011110000000000000000000000000000000011010100000001000000000000000000000000000000000000000000000000000000000000000000000000000000000000000000000000000000000000000000
000000000000000001010000000000000000000000010000000000000000000110111111110000101000000000000000000000000000000000000000000000110000001101010000000000000000000000000000000000000011000010110000000000000000000000000000000000000000011100011100000000000000000000000000000000000000000000000000000000000000
000000000000000001001000000000000000000000101000000000000000001000110010010000100100000000000000000000000000000000000000000000000000001101001000000000000000000000000000000000000110000110110000000000000000000000000000000000000000000000000000000000000000000000000000000000000000000000000000000000000000
000000000000000000110000000000011000000000101000000000000000001011100010000001000110000000000000000000000000000000000000000000000000010000000000000000000000000000000000000000000000000001000000000000000000000000000000000000000000000001000000011000000000000000000000000000000000000000000000000000000000
000000000000000000000000000000100100000000010000000000000000000110000001110010110100000000000000000000000000000000000000000000000001110000000000000000110000000000000000000000000000000000000010000000000000000000000000000000000000000001000000011000000000000000000000000000000000000000000000000000000000
010000000000000000000000000000101000000000000000000000000000000000000001010010001000000000000000000010000000000000000000000000000001100000000000000000110000000000000000000000000000000000001110000000000000000000000000000000000000000001000000000000000000000000000000000000000000000000000000000000000000
101000000000000000110000000000010000000000000000000000000000000000000000100011110000000000000000000101000000000000000000000000000000000011101100000000000000000000000011000000000000000000001100000000000000000000000000000000000001000000000000000000000000000000000000000000000000000000000000000000000000
101000000000000000110000000000000000000000000000000000000000000000000001010000100000000000000000000101000000000000000000000000000000000011111000000000000000000000000011000000000000011100000000000000000000000000000000000000000001000000000000000000000000000000000000000000000000000000000000000000000000
010000000000000000000000000000000000000000000000000000000000000000000000100000000000000000000000000010000000000000000000000011000000000000010000000000000000000000000011000000000000001100001000000000000000000000000000000000000001000000010000000000000000111000000000000000000000000000000000000000000000
000000000000000000000000000000000000000000000000000000000000000000000000100000000000000000000000000000000000000000000000001001000000000000000000000000000000000000000000000000111000001000000100000000000000000000000000000000000000000000101000000000000000000000000000000000000000000000000000000000000000
000000000000000000000000000000000000000000000000000000000000000000000000000000000000000000000000000000000000000000000000010000010000000000000111000000000000000000000000000000000000000000001000000000000000000000000000000000000000011100101000000000000010000010000000000000000000000000000000000000000000
000000110000000000000000000000000000000000000000000000000000010000000000000000000000000000000000000000011000000000000000000000011100000000000000001000000000000000000000000000000000000110000000000000000000000000000000000000000000000000010000000000000010000010000000000000000000000000000000000000000000
000000110000000000000000000000000000000000000000000000000000001100000000000000000000001100000000000000011000000000000000100000001000000000000000001000000000000010001000000000000000001001000000000000000000000000000000000000000000000000000000011000000010000010000000000000000000000000000000000000000000
000000000000000000000000000000000001110000000000000000000000010000000000000000000000001100000000000000000000000000011000100000001000000000000000000000000000000100110000000000000000000101000000000000000000000000000000000000000001000000000000011000000000000000000000000000000000000000000000000000000000
000000000000000000000000000000000000000000000000000000000001000000000000000000000000000000000000000000000000000000011000100101010000000010100000000000000000000011110000000000000000000111000000000000000000000000000000000000000010100000010000000000000000111000000000000000000000000000000000000000000000
000000000000000000000000000000000000000000000000000000010111000000000000000000000000000000000000000000000000000000000000100000100000000100000010000000000000000001000000000000000000000000000000000000000000000100000000000000000100100000010000000000000000000000000000000000000000000000000000000000000000
000000000000000000000000000000000000000000000000000000000000100000000000000000000000000000000000000000000000000000000000011000000000000010000001101100000000000000000000000000000000000000000000000000000000001010000000000000000011000000010000000000000000000000000000000000000000000000000000000000001000
000000000000000000000000000000000000000000010000000001000011110000000000000000001110000000000000000000000000000000000000000000000000000010000001101100000000000000001000000000100000000000000000000110000000000100000000000000000000000000000000000000000000000000000000000000000000000000000000000000010100
000000000000000000000000000000000000000000110000000001001100000000000000000000000000000000000000000000000000000000000000000001000000000001000110001000000000000000010100000001010000000000001010000110000000000000000000000000000000000111000111000000000000000000000000000000000000000000000000000000010100
000000000000000000000000000000000000000000110000000001100000000000000000000000000000000000000000110000000000000000000000000011000011100000100000000000000000000000010100000001010000000000010011100000000000000000000000000000000000000000000000000000000000000000000000000000000000000000000000000000001000
000000000000000000000000000000000000000000100000000000000000000000000000000000000000000000000000110000000000000000000000000010100110110000000000000000000000000000001000000000100000000000010000010000000000000000000000000000000000000000010000000000000000000000000000000000000000000000000000000000000000
000000000000000000000000000000000011000000000000000000000000000000000001000000000000000000000000000000000000000000000000000010101010100000000000000000000000000000000000000000000000000000110000010000000000000000000000000000000000000000010000000000000000000000000000000000000000000000000000000000000000
000000000000000000000000000000000011000000000000000000000000000000000010100000000000001110000000000000000000000000000000000001001001000000000000000000000000000000000000000000000000000000001100000000000000000000000000000000000000000000010000000000000000000000000000000000000000000000000000000000000000
000000000000000000000000000000000000000000000000000000000000000000000010100000000000000000000000000000000000000000000000000000111010000000000000000000000000000000000000000000000000000000000010000000000000000000000000000000000000000000000000000000000000000000000000000000000000000000000000000000000000
000000000000000000000001000000000000000000000000000000000000000000000001000000000000100000100000000000000000000000000000000000000010000000000000001100000000000000000000000000000001100000000000000000000000000000000000000000000000000000000000000000000000000000000000000000000000000000000000000001100000
000000000000000000000001000000000000000000000000000000010000000000000000000000000000100000100000000000000000000000000000000000000110110000000000001100000000010000000000000000000010100000000100100000000000000000000000000000000000000000000000000000000000000000000000000000010000000000000000000001100000
000000000000000000000001000000000000000000000000000000010000000110000000000000000000100000100000000000000000000000000000000000000011100000000000000000000000101000000000000000000011000000000111000000000000000000000000000000000000000000000000000000000000000000000000000000101000000000001110000000000000
000000000000000000000000000000000000000000000100000000010000000110000000000000000000000000000000000000000000000000000000000000000101000000000000000000000000101000000000000000000000000000000000000000000000000000000000000000000000000000000000000000000000000000110000000000101000000000000000000000000000
000000000000000000011100000000000000000000001010000000000000000000000000000000000000001110000000000110000000000000000000000000000110000000000000000000000000010000000000000000000000000000000000000000001000000000000000000000000000000000000000000000000000000001001000000000010000000000000000000000000000
000000000000000000000000000000000000000000000110000111000111000000000000000000000000000000000000000110000000000000000000000000000000000000000000000000000000000000000000000000000000000000000000000000001000000000000000000000000000000000000000000000000000000000110000000000000000000000000000000000000000
000000000000000000000000000000000000000000000000000000000000000000000000000000000000000000000000000000000000000000000000000000000000000000000000000000000000000000000000000000000000000000000000000000001000000000000000000000000000000000000000000000000000000000000000001100000001100000000000000000000000
000000000000000000000011000000000000011000000000000000010000000000000000000000000000000000000000000000001101100000000000000000000000000000000000000000000000000000000000000000000000000000000000000011000000000000000000000000000000000000000000000000000000000000000000010010000001100000000000000000000000
000000000000011100000011000000000000100100000000000000010000000000000000000000000000000000000000000000000101110000000000000000000000000000000000000000000000000000000000000000000000000000000000000011000000000000000000000000000000000000000000000000000000000000000000001100000000000000000000000000000000
000000000000000000000000000000010001001000000000000000010000000000000000000000000000000000000000000000000000001000000000000000000000000000000000000110000000000000000000000000000000000000000000000000000000000000000000000000000000000000000000000000000000000000000000000000000000000000000000000000000000
000000000000000000000000000000010000110000000000000000000000100000000000000000000000000000000000000000000001010000000000000000000000000000000000000110000000000000000000000000000000000000000000000000000000000000000000000000000000000000000000000000000000000001100000000000000000000000000000000000000000
000000000000000000000000000000010000000000000000000000000000100000000000000000111000000000000000000000000000100000000000000000000000000000000000000000000000000000000000000000000000000000000000000000000000000000000000000000000000000000000000000000000000000001100000000000110000000000000000000000000000
000000000000000000000000000000000000000000000000000000000000100000000000000000000000000000000000000000000000000000000011000110000000000000000000000000000000000000000000000000000000000000000000000000000000000000000000000000000000000000000000000000011000000000000010000000110000000000000000000000000000
000000000000000000000000000111000111000000000000000000000000000000000000000000000000000000000000000000000000000000000000001011000000000000000000000000000000000000000000000000000000000000000000000011100000000000000000000000000000000000000000011000010100000000000101000000000000000000000000000000000000
000000000000000000000000000000000000000000000000000000001110001110000000000000000000000000000000000000000000000000100011001010000000000000000000000000000000000000000000000000000000000000000000000000000000000000000000000000000000000000000000100100001000000000001010000000000000000000001100000000000000
000000111000000000000000000000010000000000000000000000000000000000000000000000000000000000000000000110000000000000100000010010000000000000000000000000000000000000000000000001000000110000000000000000111100000000000000000000000000000000000000101000000000000000001100000000000000000000001100000000000000
000000000000000000000000000000010000000000000000000000000000100000000000000000000000000000000000000110000000000010000111000000000000000000000000000000000000000000000000000010100000110000000000000000110110000000000000000000000000000000000000010000000000000000000000000000000000000000000000000000000000
000010000010000000000000000000010000000000000000000000000000100000000000000000000000001000000000000000000000000000000111000000000000000000000000000000000000000000000000000010100000000000000000000001011000000000000000000000000000000000000000000000000000000000000000000000000000011000000000000000000000
000010000010000000000110000000000000000000000000000000000000100000000000000000000000001000000000000000000000001100001000100010100000000000000000000000000000000000000000000001000000000000000000000001100000000000000000000000000000000000000000000000000000000000000000000000000000011000000000000000000000
000010000010000000000110000000000000000000000000000000000000000000000000000000000000010000000000000000000000000001100101100010100000000000000000000000000000000000000000000000000000000000000000000001100000000000000000000000000000000000000000000000000000000000000000000000000000000000000000000000000000
000000000000000000000000000000000000000000000000000000000000000000000000000011000100000000000000000000000000000000100001110000000000000000000000011100000000000000000000000000000000000000000000000000000000000001000000000000000000000000000000000000000000000000000000000000000000000000000000000000000000
000000111000000000000000000000000000000000000000000000000000000000000000000101000100001111100000000000000000000010010100101010000000000000000000000000000000000000000000000000000000000000000000000000000000000000000000000000000000000000000000000000000000000000000000000000000000000000000000001000000000
000000000000000000000000000000000000000000000000000000000000000000000000000101000100001100110000000000001000000000100011011011000000000000000001000001000000000000000000000000000000000000000000000000000000000010000000000000000000000000000000000000000000001100000000000000000000000000000000010100000000
001000000000000000000000000000000000000000000000000000000011000000000000000000000000111111011000000000001000000100110110000100000000000000000001000001000000000000000000110000000000000000000000000000000000000101000000000000000000000000000000000000000000001100000000000000000000000000000000010100000000
001000000000000000000000000000000000000000000000000000000011000000000000000000000000001010010000000000000000000000001100000000000000000000000001000001000000000000000000110000010000000000000000000000000000001101000000010000000000001000000000000000000000000000000000000000000001000000000000001000000000
001000000000000000000000000000000000000000000000000000000000000000000000000000000011000000100000010000010000000010000100000000000000000000000000000000000000000000000000000000010000000000000000000000000000000101000000010000000000011100000000000000000000000000000000000000000001000000000000000000000000
000000011000000000000000000000000110000000000000000000000000000000000000000000000100000100100000010000101000000000000100000011100000000000000000011100000000000000000000000000010000000000000000000000000011000010000001100000011000010100000000000000000000000000000000000000000001000000000000000000000000
000000100100000000000000000000000110000000000000000000000000000000000000000000001010100010000000100000101000000000111000000011100000000000000000000000000000000000000000000000000000000000000000000001001100100100000001101000011000001111000000000000000000000000000000000000000000000000000000000000000000
000000010100000000000000000000000000000000000000000000000000000000000000000100000111001000000000000000000000000000000000000001000000000000000000000000000000000000000000000000000000000000000000000011000101000010000001100000000000000011001110000000000000000000000000000000011100011100000000000010000000
000110001000000000000000000000000000000000000000000000000000000000000000000011000010000000000100000000000000000000000000000000000000000000000000000000000000000000000000010000000000000000000000000001011101000010000000110000000000000011000000000000000000000000000000000000000000000000000110000101000000
000110000000000000000000000000000000000000000000000000000000000000000000000000000101000000011100000000000000000000000000000000000110000000000000000000000000000000000000101000000000000000000000000000111111101001000000000000000100000000100010000000000000001000000000000000000001000000000110000101000000
000000000000000000000000000000000000000000000000000000000000000000000000000000000110000000010000000000010000000000000000000000000110000000000000000000000000000000000000101000000000000000000000000000010000000000000000000000001010000000001001000000000000010100000000000000000001000000000000000010000000
000000000000000000000000000000000000000000000000000000000000000000000000000000000010000000010110100000000000000000000000000000000000000000000000000000000000000000000000010000000000000000000000000100000000000000001100000000001010000000001001000000000000101000000000000000000001000000100000000000000000
000000000000000000000000000001110000000000000000000000000000000000000000000000000000000000000011000000011100110000000000000000000000000000000000000000000000000000000000000000000000000000000000001010000000000000101100100000000100000000000101000000000000110000000000000000000000000000100000000000000000
000000000000000000000000000000000000000000000000000000000000000000000000000000000000000000000000000001101100100000000000000000001000000000000000000000000000000000000000000000000000000000000000000110000000000001111000000000000000000000000011000000000000000000000000000000000000000000100000000000000000
000000000000000000000000000000000000000000000000000000000000000000000000000001100000000000000000000000101100000000000000000000010100000000000000000000000000000000000000000000000000000000000000000000000000000001010100000000000000000000000000000000000000000000000000000000000000000000000000000000000000
000000000000000000000000000000000000000000000000000000000000000000000011100010110000000000000000000000010000000000000000000000001000000000000000000000000000000000000000000000000000000000000000000000000000000000000100100000000000000000000000000000000000000000000000000000000000000000000000000000000000
000000000000000000000000000000000000000000000000000000000000000000000001000001001000000000000000000000000000000000000000000000000000000000000000000000000000000000000000000000000000000000000000000000000000000000000000000000000000000000000000000000000000000000000000000000000000000000000000000000000000
000000000000000000000011000000000000000000000000000000000000000000001011000000001100000000000000000000000000000000000000000000000000000000000000000000000000000000000000000000000000000000110000000000000000000000000000000000000000000000000000000000000000000000000000000000000000000000011000000000000000
000000000000000000000011000000011000000000000000000000000000000001000010000000011000000000000000100000000000000000000000000000001000000000000000000000000000000000000000000000000000000000110000000000000000110000011111000000000000000000000010000000000000000000000000000000000000000000011000000000000000
000000000000000000000000000000011000000000000000000000000000000010000010000001110000000000000000100000001110000000000000000000010100000000000000000000000000000000000000000000000000000000000000000000000000110000011010100000000000000000000101000000000000000000000000000000000000000000000000000000000000
000000000000000000011000000000000000000000000000000000000000000001101100000001000000000000000000100000000000000000000000000000010100000000000000000000000000000000000000000000000000000000000000000000000000000000001000010000000000000000000101000000000000000000000000000000000000000000000000000000000000
000000000000000000100100000000000000000000000000000011100000000000000000000001000000000000000000000000000000000000000000000000001000000000000000000000000000000000000000000000000000000000000000000000000000000000000111001011000000000000000010000000000000000000000000000000000000011000000000000000000000
000000000000000000011000000000000000000000000000000100010000000000000000000000000000000000001110000000000000000000000000000000000000000000001100000000000000000000000000000000000000000000000000000000000000000000000001000111000000000000000000000000000000000000000000000000000000100100000000000000000000
000000000000000000000000000000000000000000000000001000001000000000000000000000000000000000000000000000000000000000000000000000000000000000001100000000000000000000000000000000000000000000000000000000000000000000000000111000000000000000000000000000000000000000000000000000000000010100000000000000000000
000000000001100000000000000000000000000000000000010001000100000000000000000000000001100000000000100000000001110000000000000000000000000000000000000000000000000000000000000000000000000000000000000011100000000000110000010000000000000000000000000000000000000000000000000000000000001000001000000000000000
000000000001100000000000000000000000000000000000010000000100000000000000000000000001100000000000100000000000000000000000000000000000000000000000000000000000000000000000000000000000000000000000000000000000000000100100000000000000000000000000000000000000000000000000000000000000000000010100000000000000
000000000110000000000000000000000000000000000000010100010100000000000000000000000000000000000000100000000000000000000000000000000000000000000000001000000000000000000000000000000000000000000000000000000000000000001100000000000000000000000000000000000000000000000000000000000000000000100100000000000000
000000000110000000000000000000000000000000000000001100011000000000000100000000000000000000000000000000000000000000000000000000000000000000000000001000000000000000000000000000000000000000000000000000000000000000000000000000000000000000000000000000000000000000000000000000000000000000011000000000000000
000000000000000000000000000000000000000000000000000000000000000000001010000000000000000000000000000000000000110000000000000000000000000000000000001000000000001000000000000000000000000000000000000000000000000000000000000011000000000000000000000000000000000000000000000000000000000000000000000000000000
000000000000000000000000000000000000000000000000000000000000000000001001000000000000000000000000000000000000110000000000000000000000000000000000000000000000001000000000000000000000000000000000000000000000000000000000000010110000000000000000000000000000000000000000000000000000000000000000000000000000
000000000000000000000000000000000000000000000000000110000000000000000110000000000000000000000000000000000000000000000000000000000000000000011000000000000000001000000000000000000000000000000000000000000000000000100000000000110000000000000000000000000000000000000000000000000000000000000000000000000000
001100000000000000000000000000000000000000000000001001000000011000000000000000000000000000000000000000000000000000000000000000000000000000100100000000000000000000000000000000000000000000000000000000000000000000110000000010110000000110000111000000000000000000000000000000000000000000000000000000000000
001100000000000000000011100000000000000000000000011011000000011000000000000000000000000000000000000000000000000000000000000000000000000000011000000000000000000000010000000000000000000000000100000000001000000000010000000011000000001001000111000000000000000000000000000000000000000000000000000000000000
000000000000000000000000000000000001100000000000000111000000000000001000000000000000000000000000000000000000000000000000000000000000000000000000000000000000000000010000000000000000000000001110000000010000000000111000000000000000000000000010000000000000000000000110000000110000000000000000000000000110
000000000000000000000000000000000010010000000001100000000000000000001000000000000000000000000000000000000000000000000000000000000000000000000000000000000000000000010000000000000000000000010101000000011000000000100010000000000000100010000010000000000000000000001001000001001000000000000000000000000110
000000000000000000000000000000000001100000000000110001000000000011101000000000000000000000000000000000000000000000000000000000000000000100000000000000000000000000000000000000000000000000010001000000001000000000011100000000000000000100000111000000000000000000000110000000110000000000000000000000000000
000000000000000000000000000000000000000000000000000010000000000000000000000000000000000000000000000000000000000000000000000000000000001010000000000000000000000000000111000000000000000001100000110000000000000000011100000000000000000000000111000000000000010000000000000000000000000000000000000000000000
000000000000000000000001100000000001100000000000000010000000001000000000000000000000000000000000000000000000000000000010000000000000000001000000000000000000000000000000000000000000000010000100001000000000000000000000000000000010001000000000000000000000010000000000001000000000000000000000000000000000
000000000000000000000001100000000010010000000000000000000000000000000000000000000000000000000000000000000000000000000101000000000000010101100000000000000000000000000000000000000000000111001010011100000000000000000000110000000010001000000000000000000000000000000000010100000000000000000000000000000000
000000000000000000000000000000000001100000110000000000000000001000000000000000000000000000000000000000000000000000000110000000000000101001100000000000000000000000000000000000000000000010000100001000000000000000000000110000000010010000000000000000000000000000000000010100000000000000000000000000000000
110000000000001100000000000000000000000001001000000000000000000000100000000000000000000000000000000000000000000000000000011000000000000001000000111000000000000000000000000000000000000001100000110000000000000000000000000000000110110000011000000000000000011000000000001000000000000000000000000000000000
110000000000001100000000000000000000000000110000000000000000000100100000000000000000000000000000000000000000000000000000011000000001101100000000000000000000000000000000000000000000000000010001000000000000000000000000000000110100100000011000000000000110000010000000000000000000000000000000000000000000
000000000000000000000000000000000000000000000000000000000000000100100000000000000000000000000000000000000000000000000000000000000000101010000000000000000000000000000000000000000000000000010101000000000000000000000000000001000001100000000000000000000111001010000000000000000000000000000000000000000000
000000000000000000000000000000000000110000000000000000000000000011000000000000000000000000000000000000000000000000000000000011000000000000000001000000000000000000000000000000000000000000001110000000000001100000000000000000100000100000000000000000001001100100000000000000000000000000000000000000000000
000000000000000000010000000000000001001000000000000000001100000000000000000000000000000000000000000000000000000000000000000011000000000000000001000000000000000000000000000000000000000000000100000000000001100000000000000000000001100000000000000000011011100000000000000000000000000000000000000000000000
000000000000000000101000000000000000110000000000000000001100000000000000000000000000000000000000000000000001100000000000000000000000000000000001000000000000000000000000000000001110000000000000000000000000000000000000000000000101000000000000000000110001100000000000000000000000000000000000000000000000
000000000000000000101000000000000000000000000000000000000000000000000000000000000000000000000000000000000000110000000000000000000000000000000000000000000000000000000000000000000000000000000000000000000000000000000000000000000110000000000100000001010000000000000000000000000000000000000000000000000000
000000000000000000010000000000000000000000000000000000000000000000000000000000000001100011000000000000000001000000000000000000000000000000000000000000000000000000000000000000100000100000001000000000000000000000000000011000000000000000000100000010010000000000000000000000000000000000000000000000000000
000000000000000000000000000000000000000000000000000000000000000000000000000000000001100100100000000000000000000000000000000000000000000000000000000000000000000000000000000000100000100000001000000000000000000000000000011000000000000000000000000001000100011100000000000000000000000000000000000000000000
000000000000000000000000000000000000000000000000000000000000000000000000000000000000000011000000000000000000000000000000000000000000000000110000000000000000000000000000000000100000100000001000000100000000000000000000000000000000000000000000000000111100010000000000000000000000000000000000000000000000
000000011100000000000000000000000000000000000000000000000000000000000000000000000000000000000000000000000000000000000000000000000000000000110000000011000000000000000000000000000000000000000000001010000000000000000000000000000000000000000000000000001000011100000000000000000000000000000000000000000000
000000000000000000000000000000000000000000000000000011100000000000000000000000000000000000000000000000000000000000000000000000000000001000000000000111000000000000000000000011001110000000001000001010000000000000000000000000000000000000000000000000000000000000110000000000000000000000000000000000000000
000000000001000000000000000000000000000000011000000011100000000000000000000000000000000000000000000000000000000000000000000000000000110000000000000010010000000000000000000000100000000000011100000100000010000000000000000000000000000000110000000000000000000001000000000000000000000000000000000000000000
000000000001000100000000000000000000000000011100001101000000000000000000000000000000000000000000000000000000000000000000000000000000000000000000000001000000100000000001000011000000000000111110000000000010000000000000000000000000000001011000000000000000000000110000000000000000000000000001100000000000
000000000001000100000010000000000000000000111010001110000000000000000000000000000000001110000000000000000000000000000000000000000000000000000000000000000011011000010001000000000000000001000001000000000010000000000000000000000000000001001000000000000000000000000000000000000000000000000001100000000000
000000000000000100000010000000000000000000000111001100000000000000000000000000000000000000000000000000000000000000000001010000000000000000000000000000000000011001110000000001000000000011000001100000000000000000000000000000000000001000110000010000000000000000000000000000000000000000000000000000000000
000000000000000000000010000000000000000000000011001001010100000000000000000000000000000000000000000000000000000000000000110000000000000000000000011000000010000011100000000011000000000110000000110000000001000000000000000000000000001000000000010000000000110000000000000000000000000000000000000000110011
000001000000000000000000000000000000000000000000001000000100000000000000000000000000000000000000000000000000000000000000100000000000100000000000011000000001000001100011100011000000000010100010100000000001000000000000000000000000001000000000010000000000110000000000000000000000000000000000000000110011
000001000000000000000000000000000000000000000000010000101000000000000000000000000000000000000000000000000100000000000000000000000001100011100000010000000000100110000010000000000000000001100011000000000001000000000000000000000000000000000000000000000000000000000000000000000000000000000000000000000000
000001000000000000000000000000000000000000000000010000010001110000000000000000000000000000000000000000001010000000000000000000000011000010010000000000000000001111011000000000000000000000000000000000000000000000000000000000000000000011100000000000000000000000001100000000000000000000000000000000000000
000000000000000000000000000000000000000000000000010000000000000000000000000000000000000000000000000000000110000000000000000000000010001001010000000000000111000001100000000000000000000000000000000000000000011100000000000000000000000000000000000000000000000000001100000000000000000000000001000000000000
000000000000000000000000000000000000000000000000010100000000000000000000000000000000000000000000000000000000000000000000000000001100000111100000000000001001000000100000000000000000000000000000000000000000000000000000000001100000000000000000000000000000000000000000000000000000000000000001000000000000
000000000000000000000000000000000110000000000000010100000000000000000000000000000000000000000000000000000000000000000000000000010010000110000000000000001110000000000000000000000000000000000000000000000000000000000000000001100000000000000000000000000000000000000000110000000000000000000001000000000000
000000000000000001100000000000001011000000000000001000000000000000000000000000000000000000000000000000000000000110000000000000001100000000000000000000000000000000000000000000000000000000000000000000000000000000000000000000000000000000000000000000000000000000000000110000000000000000000000000000000000
000000000000000001100000000000001011000000000000000000000000000000000000000000000000000000000000000000000000000110000000000000000100000000000000000000000000000000000000000000000000000000000000000000000000000000000000000000000000000000000000000000000000000000000000000000000000000000001000000000000000
000000000000000000000000000000000100111000000000000000000000000000000000000001100000000000000000000000000000000000000000000000000000000000000000000000100000000000000000000000000000000000001100000000000000000000000000000000000000000000000000000000000000000000000000000000000000000000001000000000000000
000000000000000000000000000000000101011000000001000000000000000000000000000010010000000000000000000000000000000000000000000000000000000000000000000010110000000010000000000000000000000000110000000000000000000000000000000000000011000010000000000000000000000000000000000000000000000000001000000000000000
000000000000000000000000000000000011100000000010100000000000000000000000000010100000000000000000000000000000000000000000000000000000000000000000000000100000000001000000000000000000000001000100000000000000100000000000000000000000100101000000000000000000000000000000000000000000000000000000000001000000
000000000000000000000000000000000000000000000010100000000000000000000000000001000000000000000000000000000000000000000000000000000000000000000000000101010000000000000000000000000000000011001010000000000000100000000000000000000100000010000000000000000000000000000000000000000000000000000000000010100000
000000000000000000000000000000000000000000000001000000000000000000000000000000000000000000000000000000000000000000000000000000000000000000000000000010110001100000000000000000000000000111000011000000000000100000000000000000000011000000000000000000000000000000000000000000000000000000000000000010100000
000000000000000000000000000000000000000000000000000000000000000000000000000000000000000000000000000000000000000000000000000000000000000000000000000001011100000010000000000000000000000011000110000000000101000000000000000000100000000000000000000000000000000000000000000000000000000000000000000001000000
000000000000000000000000000000000000000000011000000000000000000000000000000000000000000000000000000000000000000000000000000000000000100000000000000000110000000100000000000000000000000001111100000110000111000000000000000000100000000000000000000000000000000000000000000000000000000000000000000000000000
000000000000000000000000000000000000000000100100000000000000000000000000000000000000000000000000000000000000000000000000110000000001010000000000000000000001001000000000000000000000110000111000000001000010000000000000000000100000000000000000000000000000000000000000000000000010000001100000000000000000
000000000000000000000000000000000000000000011000000000000000000000000000000000000000000000000000000000000000000000000000110000000001010000000000000000000110000000000000000000000000110000010000000111000000000000000000000000000000000000000000000000000000000000000000000110000111000001100000000000000000
000000100000000000000000000000000000000000000000000000000011000000000000000000000000000000000000000000000000000000000000000000000000100000000000000000000000000000000000000000000000000000000000000000000000000000000000000000000000000000000000000000000000000000000000001010001111100000000000000000000000
000001010000000000000000000000000000000000000000000000000011000000000000000000000000000000000000000000000000000000000000000000000000000000000000000000000000000000000000000000000000000001100000000000000000000000000000000000000001000000000000000000000000000000000000000100010000010000000000000000000000
000001010000000000000010000000000000000000000000000000000000000000000000000000000000000000000000000000000000000000000000000000011000000011000000000000000000000000000000001100000000000001100000100000000000000000000000000000000001000000000000000000000000000000000000000000110010011000000000000000000000
000000100000000000000010011100000000000000000000000000000000000000000001100000000000000000000000000000000000000000000000000000100100000100100000000000000000000000000000001010000000000000000001000000000000000000000000000000000001000000000000000000000000000000000000000001110101011100000000000000000000
000000000000000000000010000000000000000000000000000000000000000000000001100000000000000000000000000000000000000000000000000000011000000011000000000000000000000000000000000100000000011000000110010000000000000000000000000000000000000000000000000000110000000000000000000000110010011000000000000000011000
000000000000000000000000000000000000000000000000000000000000000000000000000000000000000000000000000000000000000000000000000000000000000000000000000000000000000000000000000000000000011000000010001000000000000000000000000000000000000000000000000000110000000000000000000000010000010000000000000000011000
000000110000000000000000000000000000000000000000000000000000000000000000000000000000000000000000000000000000000110000000000000000000100000000000000000000000000000000000000000000000000000000010010000000000000000000000000000000000000000000000000000000000000000000000000000001111100000000000000000000000
000000110000000000000000000000000000000000000000001100000000000000000000000000000000000000000000000000000000001001000000000000000001010000000000000000000000000000000000000000000000000000000001110000000000000000000000000000000000000000000000000000000000000000000000000000000111000000000000000000000000
000000000000000000000000000000000000000000000000001100000000000000000000000000000000000000000000000000000000000101000000000000000001010000000000000000000000000000000000000000000000001100000000000000000000000000000000000000001100000101000000000000001000000000000000000000000010000000000000000110000000
000000000000000000000000000000000000000000000000000000000000000000000000000000000000000000000000000000000000000010000000000000000000100000000000000100000000000000000000000000000000001100000000000000000000000000000000000000010010001010100000000000011100000000000000000000000000000000000000000110000000
000000000000000000000000000000000000000000000000000000000000000000000000000000000000000000000000000000010000000000000000000000000000000010000000000100000000000000000000000000000000000000000000001000000000011000000000000000001110000000000000000000111110000000000000000000000000110000000000000000000000
000000000000000000000000000000000000000000000000000000000000000000000000000000000000000000000000000000101000000000000000000000000000000101000000000100000000000000000000000000001100000000000000010110000000011000000000000000001100100000001000000001100011000000000000000000000000110000000000000000000000
000000000000000000000000000000000000000000000000000000000001110000000000000000000000000000000000000000100100000000000000000000011000000101000000000000000000000000000000000000001100000000010000001100000000000000000000000000000111000000000100000011100011100000000000000000000000000000000000000000000000
000000000000000000000000000000000000000000000000000000000000000000000000000000001100000000000000000000011000000000000000000000100100000010000000000000000000000000000000000000000000000000110000001000001010000000000000000000000000100000001000000001100011000000000000000000000000000000000000000000000000
000010000000000000000000000000000000000000000000000000000000000000000000000000010010001000000000000000000000000000000000000000100100000000000000000110000000000001100000000000000000000000100100000000000010000000000000000000000001000000000100000000111110000000000000000000000000000000000000000000000000
000101000000000000000000000000000000000000000000000000000000000000000000000000001000010100000000000000000000000000000000000000011000000000000000001001000000000001010000000000000000000000011011000000100010000000000000000000000000100000001000000000011100000000000000000000000000000000000000000000000000
000110000000000000000000000000000001000000000000000000000000000000000000000000001000000110000000000000000000000000000000000000000000000000000000000110000000000000100000000000110000000000011000100000000100000000000000001100000000000000000000000000001000000000000000000000000000000000000000000000000000
000000000000000000001100000000000010100000000000000000000000000000000000010110000100000000000000000000000000000000000000000000000000000000000000000000000000000000000000000000101000000000010000010000011100000000000000001100000000001010100000000000000000000000000000000000000000000000000000000110000000
000000000000000000010010000000000010010000000000000000000000000000000001001110001000110000000000000000000000000000000000000000000000000000000000000000000000000000000000000000010000000000010101010000000000000000000000000000000000000101000000000000000000000000000000000000000000000000000000000110000000
000000000000000000001100000000000001100000000000000000000000000000000010000001011100100000000000000000000000000000000000000000000000000000000000000000000000000000000000000000000000000000010001000000000000000000000000000000000000000000000000000000000011000000000000000000000000000000000000000000000000
000000000000000000000000000000000000000000000000000000000000000000000010001111100001000011100000000000000011000000000000000000000000000000000000000000000000000001100000000000000000000000000000000000100000000000000000000000000000000000000000000001000011000000000000000000000000000000000000000000000000
000000000000000000000000000000000000000000000000000000000000000000000010000111110011000110110000000000000100100000000000000000000000000000000000000000000000000001100000000000000000000000000000000001010000000000000000000000000000000000000000000010100000000000000000000000000000000000000010000000000000
000000000000000000000000000000000000000000000000001110000000000000000001010000000000001001010000000000000011000000000000000000000000000000000000000000000000000000000000000000000000000000000000000001010000000110000000000000000000000000000000000010100000000000000000000000000000000000000101000000000100
000000000000000000000000000000000000000000000000001110000000000000000000100000000000000101001000000000000000000000000000000000000000000000000001110000000000000000000000000000000000000000000000000000100000000000000000000000000000000000000000000001000000000000000000000000011100000000000101000000001010
000000000000000000000000000000000000000000000000110100000000000000000000000000000000000101110000000000000000000000000000000000000000000000000000000000000000000000000000000000000000000000000000000000000000000000100000010000000000000000000000000000000000000001100000000000000000000000000010000000001001
000000000000000000000000000000000000000000100000111000000000000000000000000000000000000000000000000000000000000000000000000000000000000000000000000000000000000000000000000000000000000000000000011000000011000000010000101000000000000000000000000000000000000001100000000001000001000000000000000000000110
000000000000000000000000000000000000000001010000011000000000010000000000000000000000000000000000000000000000000000000000000000000000000000000000000000000000000000000000000000000000000000000000100100000100100000000000010000000000000000000000000000000000000000000000000001000001000000000000000000000000
000000000000000000000000000000000000000001010000001101000000011100000000000000101000000000000000000000000011000000000000000000000000000000000000000000000000000000000000000000000000000000000000011000000011000000111000000000000000000000000000000000000000000000000000000001000001000000000000000000000000
000000000000000000000000000000000000000000100000000010000001110110000000000000000100000000000000000000000011000000000000000000000000000000000000000000000000000000000000000000000000000000000000000000000000000000000000000000000000001100000000000000000000000000000000000000000000000000000000000000000000
000000000000000000000000000000000000000000000000000000000001110010000000001000000100000000000000000000000000000000000000000000000000000000000000000000000000000000000000000000000000000000000000000000100000000000000000000000000000001100000000000000000110000000000000000000011100000000000000000000000000
000000010000000000000000000000000000000000000000000000000001000100000000000000000010000000000000000000000000000000000000000000000000000000010000000000000000000000000000000000000000000000000000000001010000000000000000000000000000000000000000000000000110000000000000000000000000000000000000100000000000
000000010000000110000011000000000000000000000000000000000000111000000000011011111100000000000000000000000000000000000000000000000000000000010000000000000000000000000000000000000000000000000000000001010000000000000000000000000000000000000000000000000000000000000000000000000000000000000000100000000000
000000010000000011000110000001110000000000000000000000010000000000000001101100001000000000000000000000000000000000000000000000000000000000010000000000000000000000000000000000000000000000000000000000100000000000000000000000000000000001110000000000000000000000000000000000000000000000000000100000000000
000000000000010010101010010000000000000000000000000000111000000000000001101100000000000000000000000000000000110000000000000000000000000000000000000000000000000000000000000000000000000000110000000000000000000000000000000000000000000000000000000000000000000000000000000000000000000000000000000000000000
000000000000011101101101110000000000000000000000000001101100000000000001100100000000000000000000000000000000110000000000000000000000000000000000000000000000000000000000000000000000000001001000000000000000000000000000000000000000000000000000000000000000000000001100000000000000000000000000000000000000
000110000000001010101010100000000000000000000000000000111000000000000000010000110000000000000000000000000000000000000000000000000000000000000000000000000000000000000000000000000000000001001000000000000000000000110000000000000000000000000000000000000000000000001100000000000000000000000000000000000000
000110000000000111000111000000000000000000000000000000010000000000000000001111110000000000000000000000000000000000000000000000000000000000000000000000000000000000000000000000000000000000110000000000000000000000110000000000000000000000000000000000000000000000000000000000000000000000000000000000000000
