300 300
000000000000001100001000000000000000000000000000000000000000000000000000000000000000000111000111000000000000000000000000000000000000000000010000000000000000000000000000000000000000000000000000001110000000000000000000000011100000000000000000000000000000000000000000000000000000000000000010000000000000
000000000000010010001000000000000000000000000000000000000000000000000000000000000000001010101010100000000000000000000000000000000000000000101000000000000000000000000000000000000000000000000000011001000000000000000000000100110000000000001100000000000000000000000000000000000000000000000010000000000000
000000000000001100001000000000000000000000000000000000000000000000000000000000000000011101101101110000000000000000000000000000000000000000101000000100000000000000000000000000000000000000000000001010000000000000000000000000011000000000010010000000000000000000000000000000000000000000000010000000000000
000000000000000000000000000000000000000000000000000000000000000000000110000110000000010010101010010000000000000000000000000000000000000000010000000010000000000000000000100000000000000011000000101100000001000000000000000000011000000000010100000000000000000000000000000000000000000000000000000000000000
000000000000000000000000000000000000000000000000000000000000000000001001000110000000000011000110000000000000000000000000000000000000000000000000110000011000011000000000100000000001000100100000000000000011100000000000000111010000000000001000000000000000000000000000000000000000000000000000000000000000
000000000000000000000000000000000000000000000000000000000000000000000110000000000000000110000011000000000000000000000000000000000000000000000001000100111000011000000000100000000010100100100000000000000101010000000000000111000000000000000000000000000000000000000000000000000000000000000000000000000000
000000000000000000000000000000000000000000000000000000000000000000000000000000000000000000000000000000000000000000000000000000000000000000000100010000011000000000000000000000000010100101000000000000000101010000000000000011000000000000000000000000000000000000000000000000000000000000000000000000000000
000000000000000000000000000000000000000000000000000000000000000000000000000000000000000000000000000000000000000000000000000000000000000000001000010000000000000000000000000000000001000000000000000000000011100000000000000000000000000000000000000000000000000000000000000000000000000000000000000000000000
000000000000000000000000000000000000000000000000000000000110000000000000000000000000000000000000000000000000000000000000000000000000000000000000000000000000000000000000000000000000000000000000000000000001000000000000100001100000000000000000000000000000000000000000000000000000000000000000000000011000
000000000000000000000000000000000000000000000000000000000101000000000000000000000000000000000000000000000000000000000000000000000000000000001000010000000000000000000000000000000000000000000000000011000000000000000001111101000000000000000000000000000000000000000000000000000000000000000000000000011000
110001100000000000000000000000000000000000000000000000000010000000000000000000000000000000000000000000000000000000000000000000000000000000000100000000000000000000000000000000000000010100000000000100100000000000000000010001001100000000000000000000000000000000000000000000000000000000000000000000000000
110001100000000000000000000000000000000000000000000000000000000000000000000000000000000000000000000000000000000000000000000000000000000000000010100000000000000000000000000000000000100100000000000011000000000000000000011100010000000000000000000000000000000000000000000000000000000000000000000000000000
000000000000000000000000000000000000000000000000000000000000000000000000000000000000000000000000000000000110000000000000000000000000000000000001000000100000000000000000000000000001000010000000000000000000000000000000000000000000000000000000000000000000000000000000000000000000000000000000000000001100
000000000000000000000000000000000000000000000011100000000000011000000000000000000000000000000000000000000110000000000000000000000000000000000000000000100000000000000000000000000010000110000000000000000000000000000100000000000000000000000000000000000000000000000000000000000000001100000000001000001100
000000000001100011000000000000000000000000000000000000000000011000000000000000000000000000000000000000000000000000000000000000000000000000000000000000000000000000000000000000000010000010000000000000000000000000000100000000000000000000000000000000000000000000000000000000000000001100000000001000000000
000000000001100011000000000000000000000000000000000000000000000000000000000000000000000000000000000000000000000000000000000000000000000100000000000000000000000000000010000000000011000100000000000000000000000000000100000000000011100000000000000000000000000000000000000000000000000000000000001000000000
000000000000000000000000000000000000000000110000000000000000000000000000000000000000000000000000000000000000000000000000000000000000001010000000001110000000000000000101000000000000100100000000000000000000000000000000000000000000000000000000000000000000000000000000000000000000000000000000000000000000
000000000000000000001100000000000000000000110000110000000000000000000000000000000000000000000000000000000000000000000111000000000000000110000000000000000000000000000110000000000000010000111000000000000000000000000001110000001000001000000000000000000000000000000000000000000000000000000000000000000000
000000000000000000010010000000000000000000000000110001110000000000000000000000000000000000000000001110000000000000000000000000000000000000000000000000000000000000000000000000000000000000000000000000000000000000000000000000001000001000000000000000000000000000000000000000000000000000000000000000000000
000000000000000000001100000000000000000000000000000000000000000000000000000000000000100000000000000000000000100000000000000000000000000000000000000000000000000000000000000000000000000000000000000000000000000000000100000000001000001000000000000000000000000000000000000000000000011100000000000000000000
000000000000000000000000000000000000000000000000000000000000000000000000000000000000110000000000000000000000100000000000000001110000000000000000000000000000000000000000000000000000000000000000000000000000000000000100000000000000000000000000000000000000000000000000000000000000000000000000000000000000
000000000000000000000000000000000000110000000000000000000000000000000000000000000001110000000000000000000000100000000000000000000000000000000000000000000000000000000000000110000000000000000000000000000000000000000100000000000011100000000000000000000000000000000000000000000001000001000000000000000000
001110000000000000000000000000000000110000000000000000000000000000000000000000011010000000000000000000000000000000000000000000000100000001100000000000000000000000000000000110000000000000000000000000000000000000000000000000000000000000000000000000000000000000000000000000000001000001000000000000000000
001110000000000000110000000000000000000000000000000000000000000000000000000001001000100000100000000000000000000000000000000000000100000001100000000000001000000000000000000000000000000000000000000000000000000000000000000000000000000000000000000000000000000000000000000000000001000001000000000000000000
100000100000000000110000000000000000000000000001010000000000000000000000000001101010000001110000000000000000000000000000000000000100000000000000000000011000000000000000000000000000000000000000000000000000000000000000000000000000000000000000000000000000000000000000000000000000000000000000000000000000
111100100000000000000000000000000000000000000001100000111000000000000000000001000000000010001000000000000000000000000000000000000000000000000000000000111000000000000000000000000000000000000001100000000000000000000000000000000000000000100000000000000000000000000000000000000000011100000000000000000000
001010100000000000000000000000000000000000000000100000110111000000000000000000000000000011011000000000000000000000000000000000000000000000000000000001000000000000000000000000000000000000000010010000000000000000000000000000000000000001010000000000000000000000000110000000000000000000000000000000000000
010000000000000000000000000000000000000000000000000000011100000000000000000000000000000000000000000000000000000000000000000000000000000000000000000011000000000000000000000000000000000000000001010000000000000000000000001110000000011001010000000000000000000000000110000000000000000000000000001110000000
010000000000000000000000000000000000000000000000000000000011000110000000000000000000000000000000000000000000000000000000000000000000000000000000000111000000000000000000000000000000000000000000100000000000000000000000010001000000011000100000000000000000000000000000000000000000000000000000000000000000
000000000000000000000000000000000000000000000000000000000100000000000000000000000000000000000000000000000000000000000000000000000000000000000000000011000000000000000000000000000000000000000000000000000000000000000000100001000000000000000000000000000000000000000000000000000000000000000000000000000000
000000000000000000000000000000000000000000000000000000000000000011000000000000000000000000000110000000000000000000000000000010000000000000000000000000001110000000000000000000000000000000000000000000000000000000000001000101000000000000000000000000000000000000000010000000000000000000000000000000000000
000000000000000000000000000000000000000000000000000011000000110010000000000000000000000000000110000000000000000000000000000101000000000000000000000000001000000000000000000000000000000000000000000000000000000000000001000010000000000000000000000000000000000000000010000000000000000000000000000000000000
000000000000000000000000000000000000000000000000000011000001001100000000000000000000000000000000000000000000000000000000000010000000000000000000000000010010000000000000000000000000000000000000000000000000000000000000010101000100000000000000000000000000000000000010000000000000000000000000000000000000
000000000000000000100000000000000000000000000000000000000000000010000000000000000000001100000000000000000000000000000000000000000000000000000000000000011001000000000000000000000000000000000000000000000000000000000000001110001000100000000000000000000000000000000000000000000000000000000000000000000000
000000000000000001010000000000000000000000000000000000000011010010000000000000000000001000000000000000000000000000000000000000000000000000000000000000100110000000000000000000000000000000000000000000000000000000000000000000010001100000000000000000000000000000111000111000001100000000000000000000000000
000000000000000001001000000000000000000000000000000000000000000111001000000000000000000000000100000000000000000000000000000000000000000000000000000000101100000000000000000000000000000000000000000000000000101000000000000000010000000000000000000000000000000000000000000000001100000000000000000000000000
000000000000000000110000000000000011000000000000000000000000000100000000000000000000000111001010000000000000000000100000000000000001000000000000000000010000000000000000000000000000000000000000000000000000110000000000000000010100100000000000000000000000000000000010000000000000000000000000000000000000
000000000000000000000000000000000010100000000000000000000000000100001000000000000000000000001010000000000000000001010000000000000010100000000000000000000000000000000000000000000000000000000000000000000000010000000000000000000100100000000000000000000000000000000010000000000000000000000000000000001100
000000000000000000000000000000000001000000000000000000000000000100010000000000000000000000000100000000011000000000100000000000000010100000000000000000000000000000000000000000000000000000000000000000000000000000000000000000001100000000000000010000000000000000000010000000000000000000000000000000001100
000000000000000000000000000000000000000000000000000000000000000011000000000000000000000000000000000000011000000000000000000000000001000000000000000000000000000000000000000000000000000000000000000000000000000000000110000000000000000000000000010000000000000000000000000000000000000000000000000000000000
000000000000000000000000000000000000000000000000000000000000000000000000000000000000000000000000000000000000000000000000000000000000000000000000000000000000000000000000000000000000000000000000000000100000000000000110000000000000000000000000010000000000000000000000000000000000000000000000000000000000
000000000000000000000000000110000000000000000000000000000000000000000000000000000000000000000000000000000000000000000000000000000000000000000000000000000000000000000110000000000000000000000000000000100000000000000000000000000000000000000000000000001100000000000000000000000000000000000000000000000000
000000000000000000000000001001000000000000000000000001001000000000000000000000000000000000000000000000000000000000000000000000000000000000000000000000000000000000000110000000000000000100000000000000100000000000000000000000000000000000000000000000001100000110000011000000000000000000000000000000000000
000000000000000000000000000101000000000000000000000000101100011000000000000000000000000000000000000000000000000000000000000000000000000000000000000000000000000000000000000000000000000100000000000000000001000000000000000000000000000000000000000000000000000110000011000000000000000000000000000000000000
000000000000000000000000000010000000000011001000000000111000110100000000000000000000000000000000000000000000011100111000000000000000000000000000000000000000000000000000000000011000001010000000000000000110000000000000000000000000000000000000000000000000000000000000000000000000000000000000000000000000
000000000000000000000000000000000000000100010100000000000000000110000000000000000000000000000000000000000000000000000000000000000000000000000000000000000000000000000000000000101000000100000000000000000111000000000001100000000000000000000000000000000000000000000000000000000000000000000000000000000000
000000000000000000000000000000000000001000001100000000000000001100000000000000000000000000000000000000000000000000000010000000000000000000000000000011001100000000000000000000010000000100000000000000000110110010000010010000000110000000000000000000000000000001000000000000000000000000000000110000000000
000000000000000000000000000000000000010001100010000000000000000000000000000000000000000000000000000000000000000000000010000000000000000000000000000101001100000000000000000000000000001010000000000000000001111100000001100000000110000000000000000000000000000010100000000000000000000000001100110000000000
000000000000000000000000000000000000010100001011000000000000000000000000000000000000000000000000000000000000000000000010000000000000000000000000000010000000000000000000000000000000001010101000000000000000101100000000000000000000000000000000000000000000000010100000000000000000000000001100010000000000
000000000000000000000000000000000000001000001011000000000010000000000000000000000000000000000000000000000000000000000000000000000000000000000000000000000000000000000000000000000000001010100100000000000000000000000000000000000000000000000000000000000000000001000000000001111011100000001111110000000000
000000000000000000000000000000000000000000001010000000000010000000000000000000000000000000000000000000000000000000000000000000000000000000001100000000000000000000000000000000000000000100000100000000000000000000000000000000000000000000000000000000000000000000000000000001011011100000000011100000000000
000000000000000000000000000000000000000001101100000000000000000011100000000001000000000000000000000000000000011100000000000011000000000000010010000000000000000000000000000000000000000101111000000000000000000000000000000000000000000000000000000000000000000000000000000001110001000000000100100000001110
000000000000000000000000000000000000000001111100000000000000000000000111100011100000000000000000000000000000000000000000000100100000000000001100000000000000000000000000000000000000000100000000000000000000000000000000000000000000000000000000000000000000000000000000000000000110000000001010000000000000
000000000000000000000000000000000000000000000000000000000000001000000101100110000000000000000000000000000000000000000000000010100000001000000000000000000000110000000000000000000000000100000000000000000000010000000000000000000000000000000000000000000110000000000000001100000010000000001100000000000000
000000000000000000000000000000000000000100000111000000000000001000000010000000011000000000000000000000000000000000000000000001000000001000000000000000000001001000000000000000000010000000000000000000000000010000000000000000000000000000000000000000000110000000000000010000000000000000010100011000000000
000000000000000000000000000000100000000100000101000000000000001000000000000110011000000000000000000000000000000000000000000000000000001000000000000000000000110000000000000000000111000000000000000000000000010000000000000000000000000000000000000000000000000000000000000000100000000000010000011000000000
000000000000000000000000000001010000000100000111000000000000000000000000000010100000000000000000000000000000000000000000000000000000000000000000000000000000000000000000000000001111000000000000000000000000000000000000000000000000000000000000000000000000000000000000011000000000000000101000000000000000
110000000000000000000000000000100000111000000000000000000001100011100000001101000000000000000000000000000000000000000000000000000000000000000000000000000000000000110000000000011000010000000000000000000000000000000000000000000000000000000000000000000000000000000000000000110000000000010000000000000000
110000000000000000000010000000000000110000000000000000000010010000000000010011000000000000000000000000000000000000000000000000000000000000000000000000000000000000110000000000000000001000000000000000000000000000000000000000000000000000000010010000000000000000000000000000000000000000000000000000000000
000000000000000000000101000000000000000000000000000000000010100000000000001110000000000000000000000000000000000000000000000000000000000000000000000000000000000000000000000000000000011000000001100000000000000000100000000000000000000000000010010000000000000000000000000000000000000000000000000000000000
000000001100000000000101000000000000000000000000000000000001000000000000000100000000000000000000000000000000000000000000000000000000000000000000000000000000000000000000000000000000011100000001100000000000000001010000000000000011000000000101000100000000001000000000000000000000000000000000000000000000
000000010010000000000010000000001010000000000000000000000000000000000000000000000000000000000000000000000000000000000000000000000000000000000000000000000000000000000000000000000000101000000000000000000000000001010000000000000100100000000100010100000000001000000000000000000000000000000000000000000000
000000001100000000000000000000010101000000000000000000000000000000000000000000000000000000000000000000000000000000000000000000000000000000000000000000000000000000000000000000000000011000000000000000000000000000100000000000000011000000000011000100000000001000000000000000000000000000000000000000000000
000000000000000000000000000001111110000000000000000000000000000000000000000000000000000000000000000000000000000000000000000000000000001110000000000000000000000000000000000000000000000011100000000000000000000000000000000000000000000001000011110000000000000000000000000000000000000000000000000000000000
000000000000000000000000000011000100000000000000000000000000000000000000000000000000000000000000000000000110000000000000000000000000001001000000000000000000000000000000000000000110000111010000000000000000000000000000000000000000000010111011000000000000000000000000000000000000000000000000000000000000
000000000000000000000000000001000000000000000000000000000000000000000000000000000000000000000000000000000110000000000000000000000000010011000000000000000000000000000000000000000110001000110000000000000000000000001100000000000000000001000100000000000000000000000000000000000000000000000000000000000000
000000000000000000000000000000100000000000000000010000100000000000000000000000000000000000000000000000000000000000000000000000000000001111000000000000000000000000000000110000000000001011100000000000000000000000001100000000000010110000100100000000000000000000000000000000000000000000010000000000000000
000000000000000000000000000000001110000000000000111000101000000000000000000000000000000000000000000000000000000000000100000000000001101000000000000000000000000000000000110000000000000111000000000000000000000000000000000000000011110000000000000000000000000000000000000000000000000000111000000000000000
000000000000000000000000000000000110010100000001001100000100000000000000000000000000000000000000000000000000000000001010000000000100011101000000000000000000000000000000000000000000000010000000000000000000000000000000000000000000001000000000000100000000000000000000000000000000000001100100000000000000
000000000000000000000000000000000110000000000001110100000000000000000000000000000000000000000000000000000000000000001001000000000100101110000000000000000000000000000000000000000000000000000000000000000000000000000000000000011111000000000000000110000000000000000000000000000000000000000110000000000000
000000011000000000000000000000000011000010000001101110100100000000000000000000000000000000000000000000000000000100000110000000000100101100000000000000000000000000000000000000000000000000000000000000000000000000000000000000100010000000110000000011000000000000000000000000000000000010001010000000000000
000000010000000000000000000000001010000000000001100001101100000000000000000000000000000000000000000110000000001010000000000000000011000100000000001000000000000000000000000000000000000000000000000000000000000000000000000000011101111000000000000011100000000000000000000000000000000000001100000000000000
000010000000000000000000000000001000101110000001101000001100000000000000000000000110000000000000000110001000001010000000000000000000000010000000010100000000000000000000000000000000000000000000000000000000000000000000000000000001000000000000000011000000000000000000000000000000001000011000011000000000
000000100000000000000000000000000111111100000001001011000100000000000000000001100110000000000000000000001000000100000000000000001110000000000000100100000000000110000011100000000000000000000000000000000000000000000000000000000000011000000000000000000000000000000100000000000000111000110000011000000000
000110000000000000000000000000000001010000000001001000000000000000000000000001100000000000000000000000001000000000000000000000010000000000000000011000000000001001000000000000000000000000000001000000000000000000000000000000000000001000101011010000000000000000001010000000001000001000011000000000000000
001000000000000000000000000000000000100000000001101100000000000000000000000000000000000000000000000000000000000000000000000000010001000001110000000000000000000110000000000000011001100000000010100000000000000000000000000000000000110000010011100000000000000000001010000000010100000000001100000000000000
000111101100000000000000000000000000100000000000011000000000000000000000000000000011000000000000000000000000000000000000000001101101000010010000000000000000000000000000000000011001100000000010100000000000000000000000000000000000000000000010000000000000000000000100000000110110000010001010000000000000
000111100100000000000000000000000000000000000000000011100000000000000000000000000011000000000000000000000000000000000000000001100111000010000011100000000000000000000000000000000000000000000001000000000000001000000000000000000000000001000010100000000000000000000000000000000000000000000110000000000000
000000000100000000000000000000000000000000000000000011100000000000000000000000000000000000000000000000000000000000000011000001010110000001000101010000000000000000000000000000000000000000000000000000000000010100000000000000000000000011000010100000000000000000000000011100000011000001100100000000000000
000000100110000000000000000000000000000110000000000001010000000000000000000000000000000000000000000000000000000000000011000001000000000000100011110000000000000000000000000000011000000000110000000000000000010100000000000000000000000001000000000000000000000000000110001000000111100000111000000001100000
001100000011000000000000000000000000000110000000000001010011100000000000000000000000000000000000000000000000000000000000000000101100000000010000010000000000000000000000000000011000000001001000000000000000001000000000000000000000000000000000000000000000000000000110011011111000100000010000000001100000
001100010011000000000000000000000001000000010000000001100011100000000000000000000000000000001100000000000000000000000000000000011100000000000111100000000000000000000000000000000000000000110000000000000000000000000000000000000000110000000000000000000000000000000000010010110000000000000000000000000000
000000001100000000000000011100000010100000101000000000100000000000000000000000000000000000001100000000000000000000000000000000000000000000001100100000000000000000000000000000000000000000000000000000000000000000000000000000000001100000000000000000000000000000000000010000000000000000000000000000000000
000000000000000000000000000000000010100000110000000000101000000000000000000000000000011000000000000000000000000000000000000000000000000000000101000000000000000000000000000000000000000000000000010000000000000000000000000000000011001000000000000000000000000000000000000001000000000000000000000000000000
000000001000000000000001000001000001000000000000000000010001110000000010000000000000011000000000000000000000000000000000000000000000000000000011000000000000000000000000000000000000000000000000101000000000000000000000000000000011111000000000000000000000000000000000001101010001000000000000000000000000
000000010100000000000010100010100000000000000000000000000000010000000101000000000000000000000000000000000000000000000000000000000000000000000000110000011100000000000000000000000000000000000000101000000000000000000000000000000000000000000000000000000000000000000000000000000000100000000000000000000000
000000010100000000000010100010100000001000000000011011000001010000000000100000000000000000000000000000000000000000000000000000000000000000000001110000000000000000000000000000000000000000000000010000000000000000000000000000000000000010000000000000000000000000000000000001010001000000000000000000000000
000000001000000000000001000001000000001000000000010001000000000000100001000000110000000000000000000000000000000000000000000000000000000000000001001000000000000000000000000000000000000000000000000000000000000000000000000000000000011110000000000000000000000000000000000000100000000000000000000000000000
000000000000000000000000000000000000001000000000001110000000000010000010100000000000000000000000000000000000000000000000000000000000000000000000110000000000000000000000000000000000000000000000010000000000000000000000000000000000011101000000000000000000000000000000000000010100000000000000000000000000
000000000000000000000000001100000000000000000000000100000000000100001100110000000000000010000000000000000000011000000000000000000000000000000000000000000000000000000000000000000000000000000000101000000000000000000000000000000000100010000000000000000000000000000000000000001000000000000000000000000000
000000000000000001000000001100000000000011100000000000000000001000100001100001000110000101000000000000000000010010000000000000000000000000000000000000000000000000000000000000000000000000000000101000000000000000000000000000000000001110000000000000000000000000000000000000000000000000000000000000000000
000000000000000001110000000000000011000000000000000000000000001000000001101011000110000101000000000000000001100001000000000000000000000000111000000000000000000000000000000000000000000000000000010000000000000000000000000000000000001100000000000000000000000000000000000000000000000000000000000000000000
000000000000000000000000000000000011000000000000000000000000001111110000001110000000000010000000000000000001111000100000000000000000000000000000000000000000000000000000000000000000000000000000000000000000000000000000000000000000000000000000000000000000000000000000111000000000000000000000000000001100
000000000000000000110000000000000000000000000000000000000000000000100000100100000000000000000000000000011011111110100000000000000000000000000000000000000000000000000000000000011100000000000000000000000000000000000000000000000000000000001000000000000000000000000001110000000000000000000000000000001100
000110000001010000100000000000000000000000000000000000000000000000000000011000000000000000000000000000100011010000000000000000000000000000000000000000000000100000000000000000000000000000000000000000000000000000000000000000001100000000001000000000000000010100000000000000000000000000000000000000000000
000110000011011100000000000000000000000000000000000000000000000100000010001101110000000000000000000000000000001100000000000000000000000000000000000000000001010000000000000000000000000000000000000000000000000000000000000000001100000000001000000000000000011100000000000000000000000000000000000000000000
000000000000000000000000000000000000000000000000000000000000000100000110001100000000000000011100000000000010000000000000000000000000000000000000000000000000100000000000000000000000000000000000000000000000000000000000000000000000000000000000000000000000011101000000000000000000000000000000000000000000
000000001110000000000100000000000000000000000000000000000000000100000011111000000000000000100010000110000000000000010000000000000000000000000000000000000000000000000000000000000000000000000000000000000000000000000000000000000000000000000000000000000000000001000000000000000000000000000000000000000000
000000001110000000001010000000000000000000000000000000000000000000000001110000000000000000000001000001001000001001100000000000000000000000000000000000000000000000000000000000000000000000000000000000000000000000000000000000000000000000000000000100000000000000000000000000000000000000000000000000000000
000000001100000000010010000000000000000000000000000000000000000000000000000000000000000001100100100111000001101001010000000000000000000000000000000000000000000000000000000000000000000000001100000000000000000000000000000000000000000000000000001010001100000000000000000000000000000000000001100000000000
000000000110000000001100000000000000000000000000000000000000000000000000000000000000000011100111000001100011111100010000000000000000000000000000000000000000000000000000000000000000000000010010000000000000000000000000000000000000000000000000001100000000000000000000000000000000000000110000010000000000
000000000001010000000000000000000000000000000000000000000000000000000000000000000000001001110111000011100111000100100000000000000000000000000000000000000000000000000000000000000000000000001111110110000000000000000000000000000000000000000000000000000000000000000000000000000000000000110010000000000000
000000000010011000000000000000000001100000000000000000000000000000000000000000000000000000001100000111000000000100100000000000000000000000000000000000000000000000000000000000000000000000000011010001000000000000000000000000000000000000000000000000000000000000000000000000000000000000000001100000000000
000000000000001000000000000000000001100000000000000000000000000000000000000000000000010010000100011000000000000000000000000000000000000000000000000000000000000000000000000000000000000000000000101010000000000100000000000000000000000000000000000000000000000000000000000000000000000000000000000000000000
000000000000001100000000000000000000000000000000000000000000000100000000000000000010000001101000011000000000000000110001110000000000000000000000000000000000000000000000000000000000000000000000001100000000100010000000000000000000000000000000000000000000000000000000000000000000000000000000000000000000
000000000000101000000000000000000000000010000000000000000001001010000000000000000100100100010001001000000000000000000001001000011100000000000000000000000000010000000000000000000000000000000000000000000000000010000000000000111000000110000000000000000000000000000000000000000000000000000000000000000000
000000000000010000000000000000000000000010000000000000000010111001000000000000000000110000000001001000000000000000000010011000000000000000000000000000000000101000000000000000000000000000000000000000000000010100000000000000000000001110000000000000000000000000000000000000000000000000000000000000000000
000000000000000000000000000000000000000010000000000000000100111001000001100000000000000100000011010000000000000000000111111000000000000000000000000000000001001000000000000000000000000000000111000000000000100000000000000000000000000100000000000000000000000000000000000000000000000000000000000000000000
000000000000000000000000000000000000000000000000000000000011001010000000010000000000000100000001010000000000000000000000000000000000000000000000000000000000110000000000000000000000000000000011100000000001000000000000111000000000000000000000000000000000000000000000000000000000000000000000000000000000
000000000000000000000000000000000000111000000000000000000000100010000011100000000010000100000000110000001000001100001000010000000000000000000000000000000000000000000000000000110000000010000001000000000000000000000000000000000001110000000000000000000000000000000000000000000000000000000000000000000000
000000000000000000000000000000000000000000000000000000000000011000000000000000000001100000000000010000001100000000000111010000000000000000000000000000000000000000000000000000101000000100100000000000000000001100000000000000000011110000000000000000000000000000000000000000000000000000000000000000000000
000000000000000000000000000000000000000000000000000000000000000000001100000000000000000000000000000000000111100000000000000000000000000000000011000000000000000000000000000000010000010000100000000000000000001100000000000000000110111100000000000000000000000000000000000000000000000000000000000000000000
000000000000000000000000000000000000000000000000000000011000000000000000000000000000000000000000000000000100010000000000000000000000000000000011000000000000000000000000000000000000010000001000000000000000000000000000000000000010100001100000000000000000000000000000000000000000000000000000000000000000
000000000000000000000000000000000000000000000000000000000000000000000011100000000000000000000000000000000100100000000000000000000000000000000000000000000000000000000000000000000000000010001000000000000000000000000000000000000001100001010000000000000000000000000000000000011000000000000000000000000000
000100000000000000000000000000000000000000000000000010011100000000000000010001110000000000000000000000000011100000000000000000000000000000000000000000000000000000000000000000000000000000000000000000000000000000000000000000000000111101010000000000000001100000000000000000100110000000000000000000000000
001010000000000000000000000000000000000000000000000101000000000000000001100011100100000000000000000000000000000000000001100000000000000000000000000000000000000000000000000000000000000000001000000000000000000000000000000000000000000000100000000000000001100000000000011000110010000000000000000000000000
001100000000000000000000000000000000000000000000000101000000000000000000000111100100000000000000000000000000000000000001100000000000000000000000000000000000000000000011000000000000000000000000000000000000000000000000000000000000000000000000000000000000000000000000101000100010000000000000000000000000
000000000000000000000000000000000000000011000000000010000000000000000000001000010100000000000000000000000000000000000000000000000000000000000000000000000000000000000100100000000000000110110000000000000000000000000000000000000000000000000000000000000000000000000001101011110100000000000000000000000000
000000000000000000000000000000000000000011000000000000000000000000000000010011101000000000000000000000000000000000000000000000000000000000000000000000000000000000000011000000000000000001000000000000000000000000000000000000000000000000000000000000000000000000000000011011011000000000000000000000000000
000000000000000000000000000000000000000000000000000000000000000000000000110011100000000000000000000000000000011100000000000000000000000000000000000000000000000000000000000000000000000000000000000000000000000000000000000000000000000000000000000000000000000000000000000011000000000000000000000000000000
000000000000000000000000000000000000000000000000000000000000000000000000011101000000000000000000000000000000000000000000000000000000000000000000000110000010000000000000000000000000000000000000000000000000000000000000001000000000000000000000000000000000000000000000011010000000000000000000000000000000
000000000000000000000000000000000000000000000000000000111000000000000000001000000000000000000100000000000000000000000000000110000000000000000000000110000101000000000000000000000000000000000000000000000000000000001000010110000000000000000000000000000000000000000000011100000000000000000000000000000000
000000000000000000000000000000000000000000000000000000000100000000000000000000000000000000000100000000000000000000000000000110000000000000000000000000000101000000000000000000000000000000000000000000000000000000001000111111000000000000000000000000000000000000000000001000100000000000000000000000000000
000000000000000000000000000000000000000000000000000001000100000000000000000000000000000000000100000000000000000000000000000000000000000000000000000000000010000000000000000000000000110000000000000000000000000000000000010010000000000000000000000000000000000000000000000001010000000000000000000100000000
000000000000000000000000000000000000000000000000000010001000000000000000000000000000000000000000000011100000000000000000000000000000000000000000000000000000000000000000000000000000110000000000000000000000000000000000001100000000000000000000000000000000000000000000000001010000000000000000001010000000
000000000000000000000000000000000000000000000000000000000000000000000000000000000000000001110001110000000000000000000000000000000000000000000000000001100000001100000000000000000000000001000000000000000000000000000000000000000000000000000000000000000000000000000000000000100000000000000000001010000000
000000000000000000000000000000000000000000000000000001010000100000000000000000000000000000000000000000000000000000000000000000000000000000000000000010010000010010000000000000000000000010100000000000000000000000000000000000000000000001000000000000000000000000000000000000000000000000000000000100000000
000000000000000000000000000000000000000000000000000000110001110000010100000000011000000000000100000000000000000000000000000000000000000000000000000001100000001100000000000000000000000011000000000000000000000000000000000000000000000001000000000000000000000000000000000000000000000000000000000000000000
000000000001100000000000000000000000000000000000000000000000010000010100000000011000000000000100000000000000110000000000000000000000000000000000010000000000000000000000000000000000000000000000000000000000000000000001000000000000000001000000000000000000000000000000000000000000000000000000000000000000
000000000001100000000000010000000000000000000000000000000000000000001000000000000000000000000100000000000000110000000000000000000000000010000000010000000010000000000000000000000000000000000000000000000000000000000001100000000000000000000000000000100000000000000000000000000000000000000000000000000000
000000000000000000000000010000000100000000000001000000000000000000000000000000000000000000000000000000000000000000000000000000000000000101000000010000000101000000000000000000000000000000000001100000000000000110011011100000000000000000000000000001010000000000000000000000000000000000000000000000000000
000000000000000000000000010000001010000000001110100000000000000000000000000000000000000000000000000000000000000000000000000000000000000110000000000000000101000000000000000000000000000000000010010000000000001000100110000000000000000000000000000001010000000000000000000000000000000000000000000000000000
000000000000000100000000000000000100000001001110100000000000000000000000000000000000000000000000000000000000000000000000000000000000000000000000000000000010000000000000000000000000000000000001100000000000000101000000000000000000000000000000000000100000000000000000000000000000000000000000000000000000
000000000000001010000111000111000000000010000100000000000011000000000000000000000000000000000000000000000000000000000000000000000000000000000000000000000000000000000000000000000000000000000000000000000000000010110011000000000000000000000000000000000000000000000000000000000000000000000000000000000000
000000000000010010000000000000000000000010010000110000000011000000000000000000011000000000000000000000000000000000000000000000000000000000000000000000000000000000000000000000000000000000000000000000000000000000001111000000000000000000000000000000000000000000000000000000000000000000000000000000000000
000000000000001100000000010000000000000001110001010000000000000000000000000000011000000000000000000000000000000000000000000000000000000000000000000000000000000000000000000000000000000000000000000000000000011100011000000000000000000000000000000000000000000000000000000000110000000000000000000000000000
000000000000000000000000010000000000000000000000111000000000000000000000000000000000000000000000000000000000000000000000000000000110000000110000000000000000000000000000000000000000000000000000000000000000010000100000000000000000000000000000000000000000000000000000000000110000000000000000000110000000
000000000000000000000000010000000000000000000000000011000000000000000001110000000000000000000000000000011100000000000000000000001001000000110000000000000000000000000000000000000000000000000000000000000000001110000000000000000000000000000000000000000000000000000000000000000000000000000000000110000000
000000000000000000000000000000000000000000000000000100000000000000000010001000001100001100000000000000000000000000000000000000000110000000000000000000000000000000000000000000000000000000000000000000000000000001000000000000000000000000000000000000000000000000000000000000000000000000000000000000000000
000000000000000000000000000000000000000000000000000000000000000000000010000100001100001100000000000000000000000000000000000000000000000000000000011100000000000000000000000000000000000000000000000000000000000000001100000000000000000000000000000000000000000000000000000000000000000000000000000000000000
000000000000000000000000000000000000000000000000000000000000001110000010000100000000000000000000000000000000000000000000000000000000000000000000000000000000000000000000000000000000000000000000000000000000000000110110000000000000000000000000000000000000000000000000000000000000000000001100000000000000
000000000000000000000000000000000000000000000000000000000000110110000001000100000000000000000000000000000000000000000000000000000000000000000000000000100000000000000000000001000000000000000000000000000000000000010010000000000000000000000000000000000000000000000000000000000000000000001100000000000000
000000000000000000000000000000000000000111000000000000000000111000000000111000000000000000000000000000000000000000000000000000000000000000110000000001010000000000000000000010100000000001000000000000000000000000001110000000000000000011100000000000000000000000000000000000000000000000000000000000000000
000000000000000000000000000000000000000000000000000000000000000000000000000000000000000000000000000000000000000000000000000000000000000001010000000001100000000000000000000001010000000001000000000000000000000000001100000000000000000000000000000000000000000000000000000000000000000000000000000000000000
000000000000000000100000000000000000000000000000000000000000001000000000010010000000000000000000000000000000000000000000000000110000001101001000000000000000000000000000000100000000000011100000000000000000000000000000000000000000001000001000000000000000000000000000000000000000000000000000000000000000
000000000000000001010000000000000000000000010000000000000000010100000000110001000000000000000000000000000000000000000000000000110000010000001000000000000000000000000000000010100011000000000000000000000000000000000000000000000000001000001000000000000000000000000000000000000000000000000000000000000000
000000000000000001001000000000000000000000101000000000000000100000000000000000100000000000000000000000000000000000000000000000000000111111101000000000000000000000000000000001000101100000111000000000000000000000000000000000000000001000001000000000000000000000000000000000000000000000000000000000000000
000000000000000000110000000000011000000000101000000000000000010010000000000110000011000000000000000000000000000000000000000000000001101000110000000000000000000000000000000000000101100000010010000000000000000000000000000000000000000000000000011000000000000000000000000000000000000000000000000000000000
000000000000000000000000000000100100000000010000000000000000001011000000100000000011000000000000000000000000000000000000000000000000110000000000000000110000000000000000000000000010000001100110000000000000000000000000000000000000000011100000011000000000000000000000000000000000000000000000000000000000
010000000000000000000000000000101000000000000000000000000000000110000001001000100000000000000000000010000000000000000000000000000000010000000000000000110000000000000000000000000000000001101101000000000000000000000000000000000000000000000000000000000000000000000000000000000000000000000000000000000000
101000000000000000110000000000010000000000000000000000000000000000000000000011000000000000000000000101000000000000000000000000000000000011001100000000000000000000000011000000000000000000011110000000000000000000000000000000000000000000000000000000000000000000000000000000000000000000000000000000000000
101000000000000000110000000000000000000000000000000000000000000000000000000000011000000000000000000101000000000000000000000000000000000010110010000000000000000000000100100000000000000100001110000000000000000000000000000000000011100000000000000000000000010000000000000000000000000000000000000000000000
010000000000000000000000000000000000000000000000000000000000000000000001000011010000000000000000000010000000000000000000000001010000000001100110000000000000000000000011000000010000000010001100000000000000000000000000000000000000000000010000000000000000010000000000000000000000000000000000000000000000
000000000000000000000000000000000000000000000000000000000000000000000001010100000000000000000000000000000000000000000000000011010000000000000000000000000000000000000000000000010000000111000000000000000000000000000000000000000000001000101000000000000000010000000000000000000000000000000000000000000000
000000000000000000000000000000000000000000000000000000000000000000000000100000000000000000000000000000000000000000000000000001000000000000000110000000000000000000000000000000010000000001000000000000000000000000000000000000000000001000101000000000000000000000000000000000000000000000000000000000000000
000000110000000000000000000000000000000000000000000000000000111100000000000000000000000000000000000000011000000000000000000000000000000000000110000000000000000000000000000000000000001000000000000000000000000000000000000000000000001000010000000000000111000111000000000000000000000000000000000000000000
000000110000000000000000000000000000100000000000000000000001000010000000000000000000001100000000000000011000000000000000110000000000000000000000000000000000000000000000000000000000010000010000000000000000000000000000000000000000000000000000011000000000000000000000000000000000000000000000000000000000
000000000000000000000000000000000000100000000000000000000001000000000000000000000000001100000000000000000000000000011000110000111000000000000000000000000000000011100000000000000000010000010000000000000000000000000000000000000001000000000000011000000000010000000000000000000000000000000000000000000000
000000000000000000000000000000000000100000000000000000000000110010000000000000000000000000000000000000000000000000011000010000001000000000000000000000000000000000000000000000000000010000010000000000000000000000000000000000000010100000000000000000000000010000000000000000000000000000000000000000000000
000000000000000000000000000000000000000000000000000000000010000110000000000000000000000000000000000000000000000000000000000000110000000000000000110000000000000011100000000000000000001000100000000000000000000100000000000000000100100000111000000000000000010000000000000000000000000000000000000000000000
000000000000000000000000000000000000000000000000000000100010001100000000000000000100000000000000000000000000000000000000000000000000000000000001001000000000000000000000000000000000000111000000000000000000001010000000000000000011000000000000000000000000000000000000000000000000000000000000000000001000
000000000000000000000000000000000000000000110000000001010000000000000000000000000100000000000000000000000000000000000000000000100000000011000001001100000000000000001000000000100000000000000000000110000000000100000000000000000000000010000010000000000000000000000000000000000000000000000000000000010100
000000000000000000000000000000000000000000001000000010000110000000000000000000000100000000000000000000000000000000000000000000100000010111000010001100000000000000010100000001010000000000000000000110000000000000000000000000000000000010000010000000000000000000000000000000000000000000000000000000010100
000000000000000000000000000000000000000001000000000010011111000000000000000000000000000000000000110000000000000000000000001100000100001100000001110000000000000000010100000001010000000000000000000000000000000000000000000000000000000010000010000000000000000000000000000000000000000000000000000000001000
000000000000000000000000000000000000000000110000000001100010000000000000000000000000000000000000110000000000000000000000001011001010101000000000000000000000000000001000000000100000000000010000000000000000000000000000000000000000000000000000000000000000000000000000000000000000000000000000000000000000
000000000000000000000000000000000011000000000000000000000000000000000001000000000000000100000000000000000000000000000000001000001000010000000000000000000000000000000000000000000000000000100000000000000000000000000000000000000000000000111000000000000000000000000000000000000000000000000000000000000000
000000000000000000000000000000000011000000000000000000000000000000000010100000000000000100000000000000000000000000000000000111001001000000000000000000000000000000000000000000000000000000100011000000000000000000000000000000000000000000000000000000000000000000000000000000000000000000000000000000000000
000000000000000000000000000000000000000000000000000000000000000000000010100000000000000100000000000000000000000000000000000000011001100000000000000000000000000000000000000000000000000000000011100000000000000000000000000000000000000000000000000000000000000000000000000000000000000000000000000000000000
000000000000000000000000000000000000000000000000000000000000000000000001000000000000000000000000000000000000000000000000000000001011110000000000001100000000000000000000000000000001100000000011000000000000000000000000000000000000000000000000000000000000000000000000000000000000000000000000000001100000
000000000000000000000011100000000000000000000000000000000000000000000000000000000001110001110000000000000000000000000000000000001000111000000000001100000000010000000000000000000010100000000000000000000000000000000000000000000000000000000000000000000000000000000000000000010000000000000100000001100000
000000000000000000000000000000000000000000000000000000111000000110000000000000000000000000000000000000000000000000000000000000001100000000000000000000000000101000000000000000000011000000001100010000000000000000000000000000000000000000000000000000000000000000000000000000101000000000000100000000000000
000000000000000000001000000000000000000000000100000000000000000110000000000000000000000100000000000000000000000000000000000000001000000000000000000000000000101000000000000000000000000000001000100000000000000000000000000000000000000000000000000000000000000000110000000000101000000000000100000000000000
000000000000000000001000000000000000000000001010000010000010000000000000000000000000000100000000000110000000000000000000000000000100000000000000000000000000010000000000000000000000000000000111000000000000000000000000000000000000000000000000000000000000000001001000000000010000000000000000000000000000
000000000000000000001000000000000000000000000110000010000010000000000000000000000000000100000000000110000000000000000000000000000000000000000000000000000000000000000000000000000000000000000000000000011100000000000000000000000000000000000000000000000000000000110000000000000000000000000000000000000000
000000000000000000000000000000000000000000000000000010000010000000000000000000000000000000000000000000000000000000000000000000000000000000000000000000000000000000000000000000000000000000000000000000000000000000000000000000000000000000000000000000000000000000000000001100000001100000000000000000000000
000000000000001000000011000000000000011000000000000000000000000000000000000000000000000000000000000000001101001000000000000000000000000000000000000000000000000000000000000000000000000000000000000011000000000000000000000000000000000000000000000000000000000000000000010010000001100000000000000000000000
000000000000001000000011000000000000100100000000000000111000000000000000000000000000000000000000000000001011000100000000000000000000000000000000000000000000000000000000000000000000000000000000000011000000000000000000000000000000000000000000000000000000000000000000001100000000000000000000000000000000
000000000000001000000000000000000001001000000000000000000000000000000000000000000000000000000000000000001100000100000000000000000000000000000000000110000000000000000000000000000000000000000000000000000000000000000000000000000000000000000000000000000000000000000000000000000000000000000000000000000000
000000000000000000000000000000111000110000000000000000000000000000000000000000010000000000000000000000000110001100000000000110000000000000000000000110000000000000000000000000000000000000000000000000000000000000000000000000000000000000000000000000000000000001100000000000000000000000000000000000000000
000000000000000000000000000000000000000000000000000000000001110000000000000000010000000000000000000000000000010000000000001001100000000000000000000000000000000000000000000000000000000000000000000000000000000000000000000000000000000000000000000000000000000001100000000000110000000000000000000000000000
000000000000000000000000000010000010000000000000000000000000000000000000000000010000000000000000000000000000000000000000010001100000000000000000000000000000000000000000000000000000000000000000000000000000000000000000000000000000000000000000000000011000000000000010000000110000000000000000000000000000
000000000000000000000000000010000010000000000000000000000100000100000000000000000000000000000000000000000000000000000000001001100000000000000000000000000000000000000000000000000000000000000000000000000000000000000000000000000000000000000000011000010100000000000101000000000000000000000000000000000000
000000010000000000000000000010000010000000000000000000000100000100000000000000000000000000000000000000000000000000000000000110000000000000000000000000000000000000000000000000000000000000000000000000001111000000000000000000000000000000000000100100001000000000001010000000000000000000001100000000000000
000000010000000000000000000000000000000000000000000000000100000100000000000000000000000000000000000110000000000000000000000000000000000000000000000000000000000000000000000001000000110000000000000011011001000000000000000000000000000000000000101000000000000000001100000000000000000000001100000000000000
000000010000000000000000000000111000000000000000000000000000000000000000000000000000000000000000000110000000000000000000000000000000000000000000000000000000000000000000000010100000110000000000000100000011000000000000000000000000000000000000010000000000000000000000000000000000000000000000000000000000
000000000000000000000000000000000000000000000000000000000001110000000000000000000000000000000000000000000000000000000000000000000000000000000000000000000000000000000000000010100000000000000000000100001100000000000000000000000000000000000000000000000000000000000000000000000000011000000000000000000000
000111000111000000000110000000000000000000000000000000000000000000000000000000000000000000000000000000000000000000001100000000000000000000000000000000000000000000000000000001000000000000000000000110111000000000000000000000000000000000000000000000000000000000000000000000000000011000000000000000000000
000000000000000000000110000000000000000000000000000000000000000000000000000001100000001100000000000000000000000000010011000000000000000000000000001000000000000000000000000000000000000000000000000001000000000000000000000000000000000000000000000000000000000000000000000000000000000000000000000000000000
000000010000000000000000000000000000000000000000000000000000000000000000000001110000001100000000000000000000000000001000100000000000000000000000001000000000000000000000000000000000000000000000000000000000000000000000000000000000000000000000000000000000000000000000000000000000000000000000000000000000
000000010000000000000000000000000000000000000000000000000000000000000000000000110110000000000000000000000000000000000111000000000000000000000000001000000000000000000000000000000000000000000000000000000000000011000000000000000000000000000000000000000000000000000000000000000000000000000000001000000000
000000010000000000000000000000000000000000000000000000000000000000000000000000001000001000000100000000000000000000000000000010000000000000000000000000000000000000000000000000000000000000000000000000000000001011000000000000000000000000000000000000000000001100000000000000000000000000000000010100000000
000000000000000000000000000000000000000000000000000000000011000000000000000000000010001010000110000000000000000000000000000001100000000000000011100011100000000000000000110000000000000000000000000000000000001000100000000000000000010000000000000000000000001100000000000000000000000000000000010100000000
011100000000000000000000000000000000000000000000000000000011000000000000000000000010001010110000000000000000000001100000000001000000000000000000000000000000000000000000110000000000000000000000000000000000000011000000000000000000110000000000000000000000000000000000000000000000000000000000001000000000
000000000000000000000000000000000000000000000000000000000000000000000000000000000100000101110000000000000000000001000010000010100000000000000000001000000000000000000000000000111000000000000000000001000010100100000000000000000001110000000000000000000000000000000000000000000011100000000000000000000000
000000011000000000000000000000000110000000000000000000000000000000000000000000000010000001110000000000000000000011011001000010110000000000000000001000000000000000000000000000000000000000000000000010010000010101000000000000011000110000000000000000000000000000000000000000000000000000000000000000000000
000000100100000000000000000000000110000000000000000000000000000000000000000000000000000000000000000000000000000001000010000110110000000000000000001000000000000000000000000000000000000000000000000100000100000101000000100000011000010000000000000000000000000000000000000000001000001000000000000000000000
000000010100000000000000000000000000000000000000000000000000000000000000000000000000000000011000000000000000000000111100000011100000000000000000000000000000000000000000000000000000000000000000000100000000001011000001010000000000000000100000000000000000000000000000000000001000001000000000000010000000
000110001000000000000000000000000000000000000000000000000000000000000000000000000000000000010010000000000000000000111000000001000000000000000000000000000000000000000000010000000000000000000000000110000110000001000001010000000000000001010001000000000000000000000000000000001000001000000110000101000000
000110000000000000000000000000000000000000000000000000000000000000000000000000000000000000100011000000000000000000000000000000000110000000000000000000000000000000000000101000000000000000000000000001100001111010000000100000000100000001011011100000000000001000000000000000000000000000000110000101000000
000000000000000000000000000000000000000000000000000000000000000000000000000000000000000000011011000000000000000000000000000000000110000000000000000000000000000000000000101000000000000000000000000000000011100000000000000000001010000000111110110000000000010100000000000000000011100000000000000010000000
000000000000000000000000000000100000000000000000000000000000000000000000000000000010000000010010000000111000000000000000000000000000000000000000000000000000000000000000010000000000000000000000000100000010000000001100000000001010000000000000000000000000101000000000000000000000000000000000000000000000
000000000000000000000000000000100000000000000000000000000000000000000000000000100100000000001100000000000000110000000000000000000000000000000000000000000000000000000000000000000000000000000000001010000000000011100000000000000100000000000000000000000000110000000000000000000000000001110000000000000000
000000000000000000000000000000100000000000000000000000000000000000000011100001000000000000001000000000110000010000000000000000001000000000000000000000000000000000000000000000000000000000000000000110000000000011010000000000000000000000000000000000000000000000000000000000000000000000000000000000000000
000000000000000000000000000000000000000000000000000000000000000000000100010011101000000000000000000001100000000000000000000000010100000000000000000000000000000000000000000000000000000000000000000000000000000001010100000000000000000000000000000000000000000000000000000000000000000000000000000000000000
000000000000000000000000000000000000000000000000000000000000000000000000010011000110000000000000000000001000000000000000000000001000000000000000000000000000000000000000000000000000000000000000000000000000000000001110000000000000000000000000000000000000000000000000000000000000000000000000000000000000
000000000000000000000000000000000000000000000000000000000000000000001000100000001110000000000000000000110000000000000000000000000000000000000000000000000000000000000000000000000000000000000000000000000000000000011110000000000000000000000000000000000000000000000000000000000000000000000000000000000000
000000000000000000000011000000000000000000000000000000000000000000000110000000000001000000000000000000000000000000000000000000000000000000000000000000000000000000000000000000000000000000110000000000000000000000011100000000000000000000000000000000000000000000000000000000000000000000011000000000000000
000000000000000000000011000000011000000000000000000001000000000000000000000000001110000000000000000000000100000000000000000000001000000000000000000000000000000000000000000000000000000000110000000000000000110000011000000000000000000000000010000000000000000000000000000000000000000000011000000000000000
000000000000000000000000000000011000000000000000000001000000000000000000000011000110000000000001110000000100000000000000000000010100000000000000000000000000000000000000000000000000000000000000000000000000110000011000000000000000000000000101000000000000000000000000000000000000000000000000000000000000
000000000000000000011000000000000000000000000000000011100000000000000000000010100000000000000000000000000100000000000000000000010100000000000000000000000000000000000000000000000000000000000000000000000000000000001100000000000000000000000101000000000000000000000000000000000000000000000000000000000000
000000000000000000100100000000000000000000000000000000000000000000000000000001100000000000000100000000000000000000000000000000001000000000000000000000000000000000000000000000000000000000000000000000000000000000010010000000000000000000000010000000000000000000000000000000000000011000000000000000000000
000000000000000000011000000000000000000000000000001000001000000000000000000000000000000000000100000000000000000000000000000000000000000000001100000000000000000000000000000000000000000000000000000000000000000000001010000000000000000000000000000000000000000000000000000000000000100100000000000000000000
000000000000000000000000000000000000000000000000100000000010000000000000000000000000000000000100000000000000100000000000000000000000000000001100000000000000000000000000000000000000000000000000000001000000000000011100000000000000000000000000000000000000000000000000000000000000010100000000000000000000
000000000001100000000000000000000000000000000001100001000011000000000000000000000001100000000000000000000000100000000000000000000000000000000000000000000000000000000000000000000000000000000000000001000000000000110000000000000000000000000000000000000000000000000000000000000000001000001000000000000000
000000000000100000000000000000000000000000000011000011100001100000000000000000000001100000000001110000000000100000000000000000000000000000000000000000000000000000000000000000000000000000000000000001000000000000100100000000000000000000000000000000000000000000000000000000000000000000010100000000000000
000000000100000000000000000000000000000000000001001110111001000000000000000000000000000000000000000000000000000000000000000000000000000000000000000000000000000000000000000000000000000000000000000000000000000000001100000011100000000000000000000000000000000000000000000000000000000000100100000000000000
000000000110000000000000000000000000000000000000100110010110000000000100000000000000000000000000000000000000000000000000000000000000000000000000011100000000000000000000000000000000000000000000000000000000000000000000000100010000000000000000000000000000000000000000000000000000000000011000000000000000
000000000000000000000000000000000000000000000000010110001100000000001010000000000000000000000000000000000000110000000000000000000000000000000000000000000000000000000000000000000000000000000000000000000000000000000000000110001000000000000000000000000000000000000000000000000000000000000000000000000000
000000000000000000000000000000000000000000000000001000000000000000001001000000000000000000000000000000000000110000000000000000000000000000000000000000000000011100000000000000000000000000000000000000000000000000000000000000000100000000000000000000000000000000000000000000000000000000000000000000000000
000000000000000000000000000000000000000000000000011001000000000000000110000000000000000000000000000000000000000000000000000000000000000000011000000000000000000000000000000000000000000000000000000000000000000000100000000000100100000000000000000000000000000000000000000000000000000000000000000000000000
001100000000000000000001000000000000000000000000000011000000011000000000000000000000000000000000000000000000000000000000000000000000000000100100000000000000000000000000000000000000000000000000000000000000000001010000000000000100000110000000000000000000000000000000000000000000000000000000000000000000
001100000000000000000001000000000000000000000000000000000000011000000000000000000000000000000000000000000000000000000000000000000000000000011000000000000000000000000000000000000000000000000100000000000000000011000000000110001000000110000000000000000000000000000000000000000000000000000000000000000000
000000000000000000000001000000000001100000000000000000000000000000000000000000000000000000000000000000000000000000000000000000000000000000000000000000000000000000111000000000000000000000001010000000000000000000000000000100010000000000000000000000000000000000000110000000110000000000000000000000000110
000000000000000000000000000000000010010000000000100001000000000011000000000000000000000000000000000000000000000000000000000000000000000000000000000000000000000000000000000000000000000000001010000000000000000010000000000011100000000000000000000000000000000000001001000001001000000000000000000000000110
000000000000000000000000000000000001100000000000100001000000000010000000000000000000000000000000000000000000000000000000000000000000000000000000000000000000000000000010000000000000000000000100000000000000000010010000000000000000000000000000000000000000000000000110000000110000000000000000000000000000
000000000000000000000000000000000000000000000000100000000000000011100000000000000000000000000000000000000000000000000000000000000000000000000000000000000000000000000010000000000000000000000000000000000000000001000100000000000010000000000000000000000000000000000000000000000000000000000000000000000000
000000000000000000000001100000000001100000000000000000000000000000000000000000000000000000000000000000000000000000000010000000000000000011000000000000000000000000000010000000000000000011000000011000000000000000100100000000000001100000000000000000000000000000000000001000000000000000000000000000000000
000000000000000000000001100000000010010000000000000000000000000000000000000000000000000000000000000000000000000000000101000000000000000100100000000000000000000000000000000000000000000100100000100100000000000000011100110000000011100000000000000000000000000000000000010100000000000000000000000000000000
000000000000000000000000000000000001100000110000000000000000000000100000000000000000000000000000000000000000000000000110000000000000000100100000010000000000000000000000000000000000000011000000011000000000000000000000110000000010100000000000000000000000000000000000010100000000000000000000000000000000
110000000000001100000000000000000000000001001000000000000000000011011000000000000000000000000000000000000000000000000000011000000000000011000000010000000000000000000000000000000000000000000000000000000000000000000000000000111100110000011000000000000000000000000000001000000000000000000000000000000000
110000000000001100000000000000000000000000110000000000000000000011011000000000000000000000000000000000000000000000000000011000000000000000000000010000000000000000000000000000000000000000000100000000000000000000000000000001101100110000011000000000001001100000000000000000000000000000000000000000000000
000000000000000000000000000000000000000000000000000000000000000001110000000000000000000000000000000000000000000000000000000000000000000000000000000000000000000000000000000000000000000000001010000000000000000000000000000001000101101000000000000000011100100000000000000000000000000000000000000000000000
000000000000000000000000000000000000110000000000000000000000000000000000000000000000000000000000000000000000000000000000000011000000000000000000000000000000000000000000000000000000000000001010000000000001100000000000000000110000011100000000000000010000100000000000000000000000000000000000000000000000
000000000000000000010000000000000001001000000000000000001100000000000000000000000000000000000000000000000000111000000000000011000000000000000011100000000000000000000000000000000100000000000100000000000001100000000000000000010100011000000000000000000111000000000000000000000000000000000000000000000000
000000000000000000101000000000000000110000000000000000001100000000000000000000000000000000000000000000000000001000000000000000000000000000000000000000000000000000000000000000000100000000000000000000000000000000000000000000001110000000000000000000000000011000000000000000000000000000000000000000000000
000000000000000000101000000000000000000000000000000000000000000000000000000000000000000000000000000000000000010000000000000000000000000000000000000000000000000000000000000000000100000000000000000000000000000000000000000000001101100000000000000000000000011000000000000000000000000000000000000000000000
000000000000000000010000000000000000000000000000000000000000000000000000000000000001100011000000000000000000000000000000000000000000000000000000000000000000000000000000000000000000000000001000000000000000000000000000011000000101000000000000000110000000100100000000000000000000000000000000000000000000
000000000000000000000000000000000000000000000000000000000000000000000000000000000001100100100000000000000000000000000000000000000000000000000000000000000000000000000000000000000001110000010100000000000000000000000000011000000010000000000000000110000001101000000000000000000000000000000000000000000000
000000001000000000000000000000000000000000000000000000000000000000000000000000000000000011000000000000000000000000000000000000000000000000110000000010000000000000000000000000000000000000010100000100000000000000000000000000000000000000000000000001100010100000000000000000000000000000000000000000000000
000000001000000000000000000000000000000000000000000000000000000000000000000000000000000000000000000000000000000000000000000000000000000000110000000101000000000000000000000000011100000000001000001010000000000000000000000000000000000000111000000001000000101000000000000000000000000000000000000000000000
000000001000000000000000000000000000000000000000000011100000000000000000000000000000000000000000000000000000000000000000000000000000000000000000000101000000100000000000000011010100000000000000001010000000000000000000000000000000000001001000000000100010011000000000000000000000000000000000000000000000
000000000000000000000000000000000000000000000000010000000000000000000000000000000000000000000000000000000000000000000000000000000000000000000000000010000001110000000000000011000100000000000000000100000000000000000000000000000000000000000110000000001000000000000000000000000000000000000000000000000000
000000000011100000000000000000000000000000000000010000000000000000000000000000000000000100000000000000000000000000000000000000000000000000000000000000000011000000000000000001001000000000000000000000000111000000000000000000000000000010000010000000000000000000000000000000000000000000000001100000000000
000000000000001110000000000000000000000000000000101000000000000000000000000000000000000100000000000000000000000000000000000000000000000000000000000000000010000000000000000000101000001110000000111000000000000000000000000000000000000001000010000000000000000000000000000000000000000000000001100000000000
000000000000000000000111000000000000000000110000010000000000000000000000000000000000000100000000000000000000000000000000000000000000000001000000000000000111000000000000000000010000010100011100010100000000000000000000000000000000000000100100000000000000000000000000000000000000000000000000000000000000
000000000000000000000000000000000000000000011000010000011000000000000000000000000000000000000000000000000000000000000000001000000000110111100000000000001101110000000001000000000000010000000000000100000000000000000000000000000000011100010000111000000000110000000000000000000000000000000000000000110011
000000000000000000000000000000000000000000001000000000100100000000000000000000000000000000000000000000000000000000000000101000000011110110010000000000001110111000000010100000000000011011000001101100000011100000000000000000000000000000000000000000000000110000000000000000000000000000000000000000110011
000011100000000000000000000000000000000000000000000000011000100000000000000000000000000000000000000000000100000000000000011000000100001000011000000000000110110010011001000000000000000100010100010000000000000000000000000000000000000001000000000000000000000000000000000000000000000000000000000000000000
000000000000000000000000000000000000000000000000000000000000100000000000000000000000000000000000000000001010000000000000000000001001111000101000000000001100010100000000000000000000000111000001110000000000001000000000000000000000000001000000000000000000000000001100000000000000000000000000000000000000
000000000000000000000000000000000010000000000000000000000000100000000000000000000000000000000000000000000110000000000000000000001111111000010000000000001100011100000000000000000000000000000000000000000000001000000000000000000000000001000000000000000000000000001100000000000000000000000000000000000000
000000000000000000000000000000000111000000000000000000000000000000000000000000000000000000000000000000000000000000000000000000001010000000000000000000000000000000000000000000000000000000000000000000000000001000000000000001100000000000000000000000000000000000000000000000000000000000000011100000000000
000000000000000000000000000000010000100000000000000000000000000000000000000000000000000000000000000000000000000000000000000000011100000000000000000000000000000000000000000000000000000000000000000000000000000000000000000001100000000000000000000000000000000000000000110000000000000000000000000000000000
000000000000000001100000000000000001000000000000000000000000000000000000000000000000000000000000000000000000000110000000000000001110000000000000000000000010000000000000000000000000000000010000000000000000000000000000000000000000000000000000000000000000000000000000110000000000000000000000000000000000
000000000000000001100000000000010001011000000000000000000000000000000000000000000000000000000000000000000000000110000000000000000000000000000000000000000100000000000000000000000000000000110000000000000000000000000000000000000000000000000000000000000000000000000000000000000000000000000000000000000000
000000000000000000000000000000001000001000000000000000000000000000000000000001100000000000000000000000000000000000000000000000000000000000000000000001110100000000000000000000000000000001110000000000000000000000000000000000000000000000000000000000000000000000000000000000000000000000011100000000000000
000000000000000000000000000000000000001000000001000000000000000000000000000010010000000000000000000000000000000000000000000000000000000000000000000100011000000000000000000000000000000111000000000000000000000000000000000000000001000010000000000000000000000000000000000000000000000000000000000000000000
000000000000000000000000000000000000000000000010100000000000000000000000000010100000000000000000000000000000000000000000000000000000000000000000001000001000000000000000000000000000000110001111000000000000000000000000000000000011000101000000000000000000000000000000000000000000000000000000000001000000
000000000000000000000000000000000000000000000010100000000000000000000000000001000000000000000000000000000000000000000000000000000000000000000000001100010000000000000000000000000000000000011000110000000000000000000000000000000011000010000000000000000000000000000000000000000000000000000000000010100000
000000000000000000000000000000000000000000000001000000000000000000000000000000000000000000000000000000000000000000000000000000000000000000000000000001000000000000000000000000000000010110011010010000000000000000000000000000000010000000000000000000000000000000000000000000000000000000000000000010100000
000000000000000000000000000000000000000000000000000000000000000000000000000000000000000000000000000000000000000000000000000000000000000000000000000000010000000000000000000000000000000001001010110000000100000000000000000000000000000000000000000000000000000000000000000000000000000000000000000001000000
000000000000000000000000000000000000000000011000000000000000000000000000000000000000000000000000000000000000000000000000000000000000100000000000000000110000000000000000000000000000100000011011000000011000000000000000000001110000000000000000000000000000000000000000000000000000000000000000000000000000
000000000000000000000000000000000000000000100100000000000000000000000000000000000000000000000000000000000000000000000000110000000001010000000000000000100000000000000000000000000000000000100000000000111000000000000000000000000000000000000000000000000000000000000000000110000101000001100000000000000000
000000000000000000000000000000000000000000011000000000000000000000000000000000000000000000000000000000000000000000000000110000000001010000000000000000000000000000000000000000000000100100011100000001111000000000000000000000000000000000000000000000000000000000000000000001011010100001100000000000000000
000000100000000000000000000000000000000000000000000000000011000000000000000000000000000000000000000000000000000000000000000000000000100000000000000000000000000000000000000000000000000000001000000000000000000000000000000000000000000000000000000000000000000000000000000110010000000000000000000000000000
000001010000000000000000000000000000000000000000000000000011000000000000000000000000000000000000000000000000000000000000000000000000000000000000000000000000000000000000000000000000000000000000000000000000000000000000000000000000000000000000000000000000000000000000000000000000001000000000000000000000
000001010000000000000000001000000000000000000000000000000000000000000000000000000000000000000000000000000000000000000000000000011000000011000000000000000000000000000000001100000000000000000000000000000000000000000000000000000011100000000000000000000000000000000000000000000000000100000000000000000000
000000100000000000000111001000000000000000000000000000000000000000000001100000000000000000000000000000000000000000000000000000100100000100100000000000000000000000000000001010000000000000000001110000000000000000000000000000000000000000000000000000000000000000000000000001000000001000000000000000000000
000000000000000000000000001000000000000000000000000000000000000000000001100000000000000000000000000000000000000000000000000000011000000011000000000000000000000000000000000100000000011000000001110000000000000000000000000000000000000000000000000000010000000000000000000001000000000100000000000000011000
000000000000000000000000000000000000000000000000000000000000000000000000000000000000000000000000000000000000000000000000000000000000000000000000000000000000000000000000000000000000011000000000000000000000000000000000000000000000000000000000000000010000000000000000000000100000001000000000000000011000
000000110000000000000000000000000000000000000000000000000000000000000000000000000000000000000000000000000000000110000000000000000000100000000000000000000000000000000000000000000000000000000000000000000000000000000000000000000000000000000000000000000100000000000000000000000000000000000000000000000000
000000110000000000000000000000000000000000000000001100000000000000000000000000000000000000000000000000000000001001000000000000000001010000000000000000000000000000000000000000000000000000000011000000000000000000000000000000001110000010000000000000101100000000000000000000001000100000000000000000000000
000000000000000000000000000000000000000000000000001100000000000000000000000000000000000000000000000000000000000101000000000000000001010000000000000000000000000000000000000000000000001100000010000000000000000000000000000000001010000101000000000001101010000000000000000000000100000000000000000110000000
000000000000000000000000000000000000000000000000000000000000000000000000000000000000000000000000000000000000000010000000000000000000100000000000000000000000000000000000000000000000001100000001000000000000000000000000000000001001000101000000000000110110000000000000000000000000000000000000000110000000
000000000000000000000000000000000000000000000000000000000000000000000000000000000000000000000000000000010000000000000000000000000000000010000000001110000000000000000000000000000000000000000000101110000000011000000000000000001111000010000000000011000001100000000000000000000000000000000000000000000000
000000000000000000000000000000000000000000000000000000000000100000000000000000000000000000000000000000101000000000000000000000000000000101000000000000000000000000000000000000001100000000000000111110000000011000000000000000001000100000000000001001001001001000000000000000000000000000000000000000000000
000000000000000000000000000000000000000000000000000000000000100000000000000000000000000000000000000000100100000000000000000000011000000101000000000000000000000000000000000000001100000000011000010010000000000000000000000000010010100000001100001010010100101000000000000000000000000000000000000000000000
000000000000000000000000000000000000000000000000000000000000100000000000000000000000000000000000000000011000000000000000000000100100000010000000000000000000000000000000000000000000000000001001001100000000000000000000000000001000100000010010001001001001001000000000000000000000000000000000000000000000
000010000000000000000000000000000000000000000000000000000000000000000000000000000000000000000000000000000000000000000000000000100100000000000000000110000000000001100000000000000000000101000001000000000000000000000000000000000000000000001100000011000001100000000000000000000000000000000000000000000000
000101000000000000000000000000000000000000000000000000000000000000000000000000000110001100000000000000000000000000000000000000011000000000000000001001000000000001010000000000000000000100101101000000000000000000000000000000000000000000000000000000110110000000000000000000000000000000000000000000000000
000110000000000000000000000000000001000000000000000000000000000000000000000000001110001010000000000000000000000000000000000000000000000000000000000110000000000000100000000000110000000100100000000000000000000000000000001100000000000010000000000000101010000000000000000000000000000000000000000000000000
000000000000000000001100000000000010100000000000000000000000000000000000000000000000010001000000000000000000000000000000000000000000000000000000000000000000000000000000000000101000000011001000000000001100000000000000001100000000000101000000000000000000000000000000000000000000000000000000000110000000
000000000000000000010010000000000010010000000000000000000000000000000000000000001000000111000000000000000000000000000000000000000000000000000000000000000000000000000000000000010000000000110000000000001100000000000000000000000000000101000000000000010001000000000000000000000000000000000000000110000000
000000000000000000001100000000000001100000000000000000000000000000000000000000001000000001100000000000000000000000000000000000000000000000000000000000000000000000000000000000000000000000010000000000000000000000000000000000000000000010000000000000000000000000000000000000000000000000000000000000000000
000000000000000000000000000000000000000000000000000000000000000000001110000000001100000000101000000000000011000000000000000000000000000000000000000000000000000001100000000000000000000000000000000000100000000000000000000000000000000000000000000001000011000000000000000000000000000000000000000000000000
000000000000000000000000000000000000000000000000000000000000000000001111100011000111100000000000000000000100100000000000000000000000000000000000000000000000000001100000000000000000000000000000000001010000000000000000000000000000000000000000000010100000000000000000000000000000000000000010000000000000
000000000000000000000000000000000000000000000000001110000000000000000010100010000001000011011100000000000011000000000000000000000000000000000000100000000000000000000000000000000000000000000000000001010000000000000000000000000000000000000000000010100000000000000000000000001000000000000101000000000100
000000000000000000000000000000000000000000000000000000000000000000000001100000000001011000000100000000000000000000000000000000000000000000000000100000000000000000000000000000000000000000000000000000100000000000000000000000000000000000000000000001000000000000000000000000001000000000000101000000001010
000000000000000000000000000000000000000000000000000000000000000000000000000000000000001001010100000000000000000000000000000000000000000000000000100000000000000000000000000000000000000000000000000000000000000000000000010000000000000000000000000000000000000001100000000000001000000000000010000000001001
000000000000000000000000000000000000000000100000001100000000000000000000000000000000000100001000000000000000000000000000000000000000000000000000000000000000000000000000000000000000000000000000011000000011000000010000101000000000000000000000000000000000000001100000000000000000000000000000000000000110
000000000000000000000000000000000000000001010000010110000000000011000000000000000000000011110000000000000000000000000000000000000000000000000000000000000000000000000000000000000000000000000000100100000100100000010000010000000000000000000000000000000000000000000000000011100011100000000000000000000000
000000000000000000000000000000000000000001010000010001000001000100100000000000000010000000000000000000000011000000000000000000000000000000000000000000000000000000000000000000000000000000000000011000000011000000101000000000000000000000000000000000000000000000000000000000000000000000000000000000000000
000000000000000000000000000000000000000000100000001110000010100100100000000000001010000000000000000000000011000000000000000000000000000000000000000000000000000000000000000000000000000000000000000000000000000000010000000000000000001100000000000000000000000000000000000000001000000000000000000000000000
000000000000000000000000000000000000000000000000000100000000100101100000000000000000000000000000000000000000000000000000000000000000000000000000000000000000000000000000000000000000000000000000000000100000000000010000000000000000001100000000000000000110000000000000000000001000000000000000000000000000
000000000000000010000010000000000000000000000000000000001110100000000000000000000000000000000000000000000000000000000000000000000000000000000000000000000000000000000000000000000000000000000000000001010000000000000000000000000000000000000000000000000110000000000000000000001000000000000000000000000000
000000111000000010000010000000100000000000000000000000110000000010000000010100000000000000000000000000000000000000000000000000000000000000111000000000000000000000000000000000000000000000000000000001010000000000000000000000000000000000100000000000000000000000000000000000000000000000000001110000000000
000000000000000011000110000000100000000000000000000000000011000000000011000010000000000000000000000000000000000000000000000000000000000000000000000000000000000000000000000000000000000000000000000000100000000000000000000000000000000000100000000000000000000000000000000000000000000000000000000000000000
000000000000000000000000000000100000000000000000000010000000011000000100000011000000000000000000000000000000110000000000000000000000000000000000000000000000000000000000000000000000000000110000000000000000000000000000000000000000000000100000000000000000000000000000000000000000000000000000000000000000
000000000000111001101100111000000000000000000000000011101101100000000100001000000000000000000000000000000000110000000000000000000000000000000000000000000000000000000000000000000000000001001000000000000000000000000000000000000000000000000000000000000000000000001100000000000000000000000000000000000000
000110000000001010101010100000000000000000000000000001000100000000000010000101100000000000000000000000000000000000000000000000000000000000000000000000000000000000000000000000000000000001001000000000000000000000110000000000000000000000000000000000000000000000001100000000000000000000000000000000000000
000110000000000011000110000000000000000000000000000000101000000000000000111110000000000000000000000000000000000000000000000000000000000000000000000000000000000000000000000000000000000000110000000000000000000000110000000000000000000000000000000000000000000000000000000000000000000000000000000000000000
