300 300
000000000000001100000000000000000000000000000000000000000000000000000000000000000000000111000111000000000000000000000000000000000000000000010000000000000000000000000000000000000000000010000000111111000000000000000000000001000000000000000000000000000000000000000000000000000000000000000000000000000000
000000000000010010011100000000000000000000000000000000000000000000000000000000000000001010101010100000000000000000000000000000000000000000101000000000010000000000000000000000000000000101100001000100100000000000000000000001000000000000001100000000000000000000000000000000000000000000000111000000000000
000000000000001100000000000000000000000000000000000000000000000000000000000000000000011101101101110000000000000000000000000000000000000000101000000000010000000000000000000000000000001100010001100001100000000000000000000001000000000000010010000000000000000000000000000000000000000000000000000000000000
000000000000000000000000000000000000000000000000000000000000000000000110000110000000010010101010010000000000000000000000000000000000000000010000000000010000000000000000000000000000000000000001100000000000000000000000000000000000000000010100000000000000000000000000000000000000000000000000000000000000
000000000000000000000000000000000000000000000000000000000000000000001001000110000000000011000110000000000000000000000000000000000000000000000000000000000000011000000001110000000000000010001100000000000000000000000000000000000000000000001000000000000000000000000000000000000000000000000000000000000000
000000000000000000000000000000000000000000000000000000000000000000000110000000000000000110000011000000000000000000000000000000000000000000000000000111000111011000000000000000000011000010001100000000000000000000000000000000000000000000000000000000000000000000000000000000000000000000000000000000000000
000000000000000000000000000000000000000000000000000000000000000000000000000000000000000000000000000000000000000000000000000000000000000000000000000000000000000000000000000000000011000010001100000000000000000000000000100000000000000000000000000000000000000000000000000000000000000000000000000000000000
000000000000000000000000000000000000000000000000000000000000000000000000000000000000000000000000000000000000000000000000000000000000000000000000000000010000000000000000000000000000000010110000000000000000000000000001001000000000000000000000000000000000000000000000000000000000000000000000000000000000
000000000000000000000000000000000000000000000000000000000110000000000000000000000000000000000000000000000000000000000000000000000000000000000000000000010000000000000000000000000000000011100000000000000000000000000001100000000000000000000000000000000000000000000000000000000000000000000000000000011000
000000000000000000000000000000000000000000000000000000000101000000000000000000000000000000000000000000000000000000000000000000000000000000000000000000010000000000000000000000000000000000000000000011000000000000000000000000000000000000000000000000000000000000000000000000000000000000000000000000011000
110001100000000000000000000000000000000000000000000000000010000000000000000000000000000000000000000000000000000000000000000000000000000000000000000000000000000000000000000000000000000000000000000100100000000000000000000000000000000000000000000000000000000000000000000000000000000000000000000000000000
110001100000000000000000000000000000000000000000000000000000000000000000000000000000000000000000000000000000000000000000000000000000000000000000000000000000000000000000000000000000001100000000000011000000000000000000011000000000000000000000000000000000000000000000000000000000000000000000000000000000
000000000000000000000000000000000000000000000001000000000000000000000000000000000000000000000000000000000110000000000000000000000000000000000000000000000000000000000000000000000000100100000000000000000000000000000000011000000000000000000000000000000000000000000000000000000000000000000000000000001100
000000000000000000000000000000000000000000000001000000000000011000000000000000000000000000000000000000000110000000000000000000000000000000000000000000000000000000000000000000000000111001000000000000000000000000000000000000000000000000000000000000000000000000000000000000000000001100000000000000001100
000000000001100011000000000000000000000000000001000000000000011000000000000000000000000000000000000000000000000000000000000000000000000000000000000000000000000000000000000000000000011000000000000000000000000000001110000000000001000000000000000000000000000000000000000000000000001100000000011100000000
000000000001100011000000000000000000000000000000000000000000000000000000000000000000000000000000000000000000000000000000000000000000000100000000000100000000000000000010000000000000011111000000000000000000000000000000000000000001000000000000000000000000000000000000000000000000000000000000000000000000
000000000000000000000000000000000000000000110000000000000000000000000000000000000000000000000000000000000000000000000010000000000000001010000000000100000000000000000101000000000000110000010000000000000000000000000000100000000001000000000000000000000000000000000000000000000000000000000000000000000000
000000000000000000001100000000000000000000110000110000100000000000000000000000000000000000000000000100000000000000000010000000000000000110000000000100000000000000000110000000000001110000010000000000000000000000000000100000000000000000000000000000000000000000000000000000000000000000000000000000000000
000100000000000000010010000000000000000000000000110000100000000000000000000000000000000000000000000100000000000000000010000000000000000000000000000000000000000000000000000000000000000000010000000000000000000000000000100000011100011100000000000000000000000000000000000000000000001000000000000000000000
001110000000000000001100000000000000000000000000000000100000000000000000000000000000000000100000000100000000000000000000000000100000000000000000000000000000000000000000000000000000000000000000000000000000000000000000000000000000000000000000000000000000000000000000000000000000001000000000000000000000
010010000000000000000000000000000000000000000000000000000000000000000000000000000000000001110000000000000001110000000000000000100000000000000000000000000000000000000000000000000000000000000000000000000000000000001110000000000001000000000000000000000000000000000000000000000000001000000000000000000000
101100000000000000000000000000000000110000000000000000000000000000000000000000000000000010101000000000000000000000000000000000100000000000000000000000000000000000000000000110000000000000000000000000000000000000000000000000000001000000000000000000000000000000000000000000000000000000000000000000000000
101000000000000000000000000000000000110000000000000000000000000000000000000011000011000010101000000000000000000000000000000000000000000001100000000000111000000000000000000110000000000000000000000000000000000000000000000000000001000000000000000000000000000000000000000000000011100011100000000000000000
110000000000000000110000000000000000000000000000000000000000000000000000000101101100001101110110000000000000000000000000000000001110000001100000000000111000000000000000000000000000000000000000000000000000000000000000000000000000000000000000000000000000000000000000000000000000000000000000000000000000
000110000000000000110000000000000000000000000000000000000011000000000000000101010101000110101101000000000000000000000000000000000000000000000000000000000100000000000000000000000000000000000000000000000000000000000000000000000000000000000000000000000000000000000000000000000000001000000000000000000000
100010000000000000000000000000000000000000000000000000000100100000000000000011000011000100000101100000000000000000000000000000000000000000000000000010111110000000000000000000000000000000000001100000000000000000000000000000000000000000100000000000000000000000000000000000000000001000000000000000000000
100100000000000000000000000000000000000000000100000000000111000000000000000011011100011010001011000000000000000000000000000000000000000000000000000001000010000000000000000000000000000000000010010000000000000000000000000001100000000001010000000000000000000000000110000000000000001000000000000100000000
000000000000000000000000000000000000000000000101000000000011000000000000000000000000001110001110000000000000000000000000000000000000000000000000000001001111000000000000000000000000000000000001010000000000000000000001100001010000011001010000000000000000000000000110000000000000000000000000000100000000
000000000000000000000000000000000000000000000110000000000000000000000000000000000000000000000000000000000000000000000000000000000000000000000000000000100001000000000000000000000000000000000000100000000000000000000001100000100000011000100000000000000000000000000000000000000000000000000000000100000000
000000000000000000000000000000000000000000000000000000000000000000000000000000000000000000000000000000000000000000000000000000000000000000000000000000000101000000000000000000000000000000000000000000000000000000000010010000000000000000000000000000000000000000000000000000000000000000000000000000000000
000000000000000000000000000000000000000000000000000000000000000000000000000000000000000000000110000000000000000000000000000010000000000000000000000000000100000000000000000000000000000000000000000000000000000000000011111100100000000000000000000000000000000000000000000000000000000000000000000000000000
000000000000000000000000000000000000000000000000000011000001000000000000000000000000000000000110000000000000000000000000000101000000000000000000000000000000000000000000000000000000000000000000000000000000000000000000000011110000000000000000000000000000000000000111000000000000000000000000000000000000
000000000000000000000000000000000000000000000000000011000010100000000000000000000000000000000000000000000000000000000000000010000000000000000000000000100000000000000000000000000000000000000000000000000000000000000001000100100000110000000000000000000000000000000000000000000000000000000000000000000000
000000000000000000100000000000000000000000000000000000000100000000000000000000000000000000000000000000000000000000000000000000000000000000000000000010100000000000000000000000000000000000000000000000000000000000000001111001000001110000000000000000000000000000010000010000000000000000000000000000000000
000000000000000001010000000000000000000000000000000000000011000000000000000000000000000110000000000000000000000000000000000000000000000000000000000110110100000000000000000000000000000000000000000000000000000000000000000010111001001000000000000000000000000000010000010000001100000000000000000000000000
000000000000000001001000000000000000000000000000000000000000000000000000000000000000001001000100000000000000000000000000000000000000000000000000000000001010000000000000000000000000000000000000000000000000000000000000000010001101011000000000000000000000000000010000010000001100000000000000000000000000
000000000000000000110000000000000011000000000000000000000000000000000000000000000000000101001010000000000000000000100000000000000001000000000000000000100010000000000000000000000000000000000000000000000000000000000000000011000101001000000000000000000000000000000000000000000000000000000000000000000000
000000000000000000000000000000000010100000000000000000000000000000000000000000000000000010001010000000000000000001010000000000000010100000000000000000011100000000000000000000000000000000000000000000000010000000000000000000000000110000000000000000000000000000000111000000000000000000000000000000001100
000000000000000000000000000000000001000000000000000000000000000000000000000000000000000000000100000000011000000000100000000000000010100000000000000000001100000000000000000000000000000000000000000000000010100000000000000000000000000000000000000000000000000000000000000000000000000000000000000000001100
000000000000000000000000000000000000000000000000000000000000000000000000000000000000000000000000000000011000000000000000000000000001000000000000000000000000000000000000000000000000000100000000000000000011000000000110000000000000000000000000111000000000000000000000000000000000000000000000000000000000
000000000000000000000000000000000000000000000000000000011100000000000000000000000000000000000000000000000000000000000000000000000000000000000000000000000000000000000000000000000000001110000000000000000000000000000110000000000000000000000000000000000000000000000000000000000000000000000000000000000000
000000000000000000000000000110000000000000000000000000011000000000000000000000000000000000000000000000000000000000000000000000000000000000000000000000000000000000000110000000000000000010000000000001110000000000000000000000000000000000000000000000001100000000000000000000000000000000000000000000000000
000000000000000000000000001001000000000000000000000000011000000000000000000000000000000000000000000000000000000000000000000000000000000000000000000000000000000000000110000000000000011001000000000000010100000000000000000000000000000000000000000000001100000110000011000000000000000000000000000000000000
000000000000000000000000000101000000000000000000000000000000000000000000000000000000000000000000000000000000001000010000000000000000000000000000000000000000000000000000000000000000001110000000000000011010000000000000000000000000000000000000000000000000000110000011000000000000000000000000000000000000
000000000000000000000000000010000000000000000000000000000000000001110000000000000000000000000000000000000000001000010000000000000000000000000000000000000000000000000000000000011000101110000000000000011010000000000000000000000000000000000000000000000000000000000000000000000000000000000000000000000000
000000000000000000000000000000000000000000100000000001010000101100000000000000000000000000000000000000000000001000010000000000000000000000000000000000000000000000000000000000101001000100000000000000000100000000000001100000000000000000000000000000000000000000000000000000000000000000000000000000000000
000000000000000000000000000000000000000000100000000001010100000110010000000000000000000000000000000000000000000000000000000000000000000000000000000011001100000000000000000000010000100100000000000000000000000000000010010000000110000000000000000000000000000001000000000000000000000000000000000000000000
000000000000000000000000000000000000000000101110000000101011000011100000000001000000000000000000000000000000000000000111000000000000000000000000000101001100000000000000000000000000000010000000000000000001000000000001100000000110000000000000000000000000000010100000000000000001000000000000011000000000
000000000000000000000000000000000000000000001001000000000000110000000000000011100000000000000000000000000000000000000000000000000000000000000000000010000000000000000000000000000000001110000000000000000000110000000000000000000000000000000000000000000000000010100000000000000001110000000000011000000000
000000000000000000000000000000000000000000001000100000000000000000000000000111010000000000000000000000000000000000000000000000000000000000000000000000000000000000000000000000000000000010011000000000000001100000000000000000000000000000000000000000000000000001000000000000000001001000010000000000000000
000000000000000000000000000000000000000000011000000000000000000001000011001100011000000000000000000000000000001000000000000000000000000000001100000000000000000000000000000000000000001110000100000000000000000000000000000000000000000000000000000000000000000000000000000000000000000000110000000000000100
000000000000000000000000000000000000000110011010000000000000000001000001101100101000000000000000000000000000001000000000000011000000000000010010000000000000000000000000000000000000000001000100000000000000000000000000000000000000000000000000000000000000000000000000000000000011010000010000000000000100
000000000000000000000000000000000000001001001100110000000000000001000100010100100000000000000000000000000000001000000000000100100000000000001100000000000000000000000000000000000000000110011100000000000000000000000000000000000000000000000000000000000000000000000000000000000000010000000000000000000100
000000000000000000000000000000000000010000001000110000000000000000000100000100000000000000000000000000000000000000000000000010100000000000000000000000000000110000000000000000000000000100000000000000000000000000000000000000000000000000000000000000000110000000000000001010000000000000000000000000000000
000000000000000000000000000000000000110100000000000000000000011100000000000010100000000000000000000000000000000000000000000001000000011100000000000000000001001000000000000000001010000000000000000000000000111000000000000000000000000000000000000000000110000000000000010001100011100000000000000000000000
000000000000000000000000000000100001111100010000000000000000000000000011000000000000000000000000000000000000000000000000000000000000000000000000000000000000110000000000000000110000000000000000000000000000000000000000000000000000000000000000000000000000000000000000010010000000000111011000000000000000
000000000000000000000000000001010001100001100001000000000000000001000000010000000000000000000000000000000000000000000000000000000000000000000000000000000000000000000000000000000000100000000000000000000000000000000000000000000000000000000000000000000000000000000000001000000000000011111000000000000000
110000000000000000000000000000100000000001000110000000000001100001000000000010000000000000000000000000000000000000000000000000000000000000000000000000000000000000110000000000100000000000000000000000000000000000000000000000000000000000000000000000000000000000000000000000000000000000100000000000000000
110000000000000000000010000000000000011100001100100000000010010001000000001100110000000000000000000000000000000000000000000000000000000000000000000000000000000000110000000000001110100000000000000000000000000000000000000000000000000000000000000000000000000000000000000000000000000000000000000000000000
000000000000000000000101000000000000011100000100100000000010100000000000000000001000000000000000000000000000000000000000000000000000000000000000000000000000000000000000000000000001000000000001100000000000000000100000000000000000000000001000000000000000000000000000000000000000000000000000000000000000
000000001100000000000101000000010100000000000111000000000001000000000000000001010000000000000000000000000000000000000000000000000000000100000000000000000000000000000000000000000000000000000001100000000000000001010000000000000011000000101100000000000000000000000000000000000000000000000000000000000000
000000010010000000000010000010000001100000000000000000000000000000000000000000000000000000000000000000000000000000000000000000000000001010000000000000000000000000000000000000000000000000000000000000000000000001010000000000000100100001100110000000000000011100000000000000000000000000000000000000000000
000000001100000000000000001000000000000000000000111000000000000000000000000011000000000000000000000000000000000000000000000000000000001011000000000000000000000000000000000000000000001000000000000000000000000000100000000000000011000001100011000000000000000000000000000000000000000000000000000000000000
000000000000000000000000001000001000010000000000101000000000000000000000001011000000000000000000000000000000000000000000000000000000000111000000000000000000000000000000000000000000001000000000000000000000000000000000000000000000000011100001000000000000000000000000000000000000000000000000000000000000
000000000000000000000000001001111000100000000001001000000000000000000000000100000000000000000000000000000110000000000000000000000000000000000000000000000000000000000000000000000110000000000000000000000000000000000000000000000000000001100000000000000000000000000000000000000000000000000000000000000000
000000000000000000000000000000001001000000000001100000000000000000000000000000000000000000000000000000000110000000000000000000000000000000000000000000000000000000000000000000000100000001111000000000000000000000001100000000000000000000110000000000000000000000000000000000000000000011100000000000000000
000000000000000000000000000000001001000000000000000000000000000000000000000000000000000000000000000000000000000000000000000000000001000000000000000000000000000000000000110000000000000001100100000000000000000000001100000000000000000000010000000000000000000000000000000000000000000010010000000000000000
000000000000000000000000000000000000000000000000000000000000000000000000000000000000000000000000000000000000000000000100000000000010110000000000000000000000000000000000110000000000011101000100000000000000000000000000000000001100000000000000000000000000000000000000000000000000000000010000000000000000
000000000000000000000000000000000000000000000000000000000000000000000000000000000000000000000000000000000000000000001010000000000010110000000000000000000000000000000000000000000000000000101000000000000000000000000000000001011100000000000000000000000000000000000000000000000000000100000000000000000000
000000000000000000000000000000000000000000000000000001010110000000000000000000000000000000000000000000000000000000001001000000000000000100000000000000000000000000000000000000000000000000100000000000000000000000000000000001000000111100000000000000000000000000000000000000000000000100011111000000000000
000000011000000000000000000000000001000000000000000001010101000000000000000000000000000000000000000000000000000100000110000000000011110100000000011000000000000000000000000000000000000000000000000000000000000000000000000010100001000010000000000000000000000000000000000000000000001000010111000000000000
000000011000000000000000000000000011000010000000000001101001000000000000000000000000000000000000000110000000001010000000000000000100001100000000101100000000000000000000000000000000000000000000000000000000000000000000000001011011011110000000000000000000000000000000000000011000001011010001000000000000
000110000000000000000000000000000011100010000010000000000101000000000000000000000110000000000000000110000000001010000000000000000100100001110001100100000000000000000001000000000000000000000000000000000000000000000000000001110000111100000000000000000000000000000000000000111000001100001100011000000000
000110000000000000000000000000000000001010000010000000000110000000000000000001100110000000000000000000011100000100000000000000000010100001010010000000000000000110000001000000000000000000000000000000000000000000000000000000011000000100000000000000000000000000000100000000111110010110000000011000000000
000000000000000000000000000000000000011000001100000100000000000000000000000001100000000000000000000000000000000000000000000000000000000001110010100000000000001001000001000000000000000000000001000000000000000000000000000000000000001000000000000000000000000000001010000001011010101100001100000000000000
000000000000000000000000000000000000100000000000001000000000000000000000000000000000000000000000000000000000000000000000000001000000000000000011011100000000000110000000000000011001100000000010100000000000000000000000000000000000000100000000000000000000000000001010000001010011111011010001000000000000
000000000000000000000000000000000000000000000000011000010000000000000000000000000011000000000000000000000000000000000000000011100010000000000000000100000000000000000000000000011001100000000010100000000000000000000000000000000000000000000000000000000000000000000100000010001000000100010111000000000000
000001000000000000000000000000000000000000000000000000101000000000000000000000000011000000000000000000000000000000000000000101010001000000001000010000000000000000000000000000000000000000000001000000000000001000000000000000000000000000000100000000000000000000000000000011011000001100011111000000000000
000111100000000000000000000000000000000000000000100010111000000000000000000000000000000000000000000000000000000000000011001101000001000000010111101100000000000000000000000000000000000000000000000000000000010100000000000000000000000000001100000000000000000000000000000001001000111100000000000000000000
001101000000000000000000000000000000000110000000100010010000000000000000000000000000000000000000000000000000000000000011000101100000000000000000101100000000000000000000000000011000000000110000000000000000010100000000000000000000000011000100000000000000000000000000000001110000110000010000000001100000
000101000001000000000000000000000000000110000000000000010000001000000000000000000000000000000000000000000000000000000000000011001000000000100010110000000000000000000000000000011000000001001000000000000000001000000000000000000000000011100000000000000000000000000000000001100000000010010000000001100000
000011010001000000000000001000000001000000010000001000100000010100000000000000000000000000001100000000000000000000000000000000000101000000111010000000000000000000000000000000000000000000110000000000000000000000000000000000000000010011100000000000000000000000000000000000000000000011100000000000000000
000000001100100000000000001000000010100000101000000111000000100100000000000000000000000000001100000000000000000000000000000000001001000000000010000000000000000000000000000000000000000000000000000000000000000000000000000000000000101000000000000000000000000000000000010000010000000000000000000000000000
000000000110100000000000001000000010100000110000000000000001100100000000000000000000011000000000000000000000000000000000000000000000000000000010100000000000000000000000000000000000000000000000010000000000000000000000000000000001000100000000000000000000000000000000101000000000000000000000000000000000
000000000011000000000001000001000001000000000000000000000010011000000011000000000000011000000000000000000000000000000000000000000000000000000100100000001000000000000000000000000000000000000000101000000000000000000000000000000000101000000000000000000000000000000000011000000000000000000000000000000000
000000000000000000000010100010100000000000000001110001100010001000000011100000000000000000000000000000000000000000000000000000000000000000000010010000001000000000000000000000000000000000000000101000000000000000000000000000000000010000000000000000000000000000000000000000000000000000000000000000000000
000000000000000000000010100010100000000000000011010001010100001000000110000000000000000000000000000000000000000000000000000000000000000000000000011000001000000000000000000000000000000000000000010000000000000000000000000000000000000000000000000000000000000000000000000000000000000000000000000000000000
000000000000000000000001000001000000011100000110100000101111101100000110001000000000000000000000000000000000011100000000000000000000000000000011000100000000000000000000000000000000000000000000000000000000000000000000000000000000000000000000000000000000000000000000000000010000000000000000000000000000
000000000000000000000000000000000000000000000010110101101000000010001011010100000000000000000000000000000000110010000000000000000000000000000011011000000000000000000000000000000000000000000000010000000000000000000000000000000000000000000000000000000000000000000000000000101000000000000000000000000000
000000000000000000000000001100000000000001000001101110110000110101111111010100000000000010000000000000000000110000000000000000000000000000000000000000000000000000000000000000000000000000000000101000000000000000000000000000000000000000000000000000000000000000000000000000011000000000000000000000000000
000000000000000000011000001100000000000001000000010101000001010001010110010100000000000101000000000000000000100110000000000000000000000000010000000000000000000000000000000000000000000000000000101000000000000000000000000000000000011100000000000000000000000000000000000000000000000000000000000000000000
000000000000000000010000000000000011000001000000010101000001000101111100000000000000000101000000000000000000111000101000000000000000000000010000000000000000000000000000000000000000000000000000010000000000000000000000000000000000100010000000000000000000000000000000010000000000000000000000000000000000
000000000000000000000000000000000011000000000000001110000001010110001000011100001100000010000000000000000000111000101000000000000000000000010000000000000000000000000000000000001000000000000000000000000000000000000000000000000000100010000000000000000000000000000001001000000000000000000000000000001100
000000000000000000000000000000000000000000000000000100000000111000000000000000001000000000000000000000000110000000010000000000000000000000000000000000000000000000000000000000001000000000000000000000000000000000000000000000000000011100000000000000000000000000000001001000000000000000000000000000001100
000110000000000111000000000000000000000000000000000000000000000000010000000000001000000000000000000000001001000000000000000000000000000000000000000000000000100000000000000000001000000000000000000000000000000000000000000000001100000000011100000000000000000000000000100000000000000000000000000000000000
000110000000000000101000000000000000000000000000000000000000000000111000000000000000000000001110000000000101000000000000000000000000000000000000000000000001010000000000000000000000000000000000000000000000000000000000000000001100000000000000000000000000110000000000000000000000000000000000000000000000
000000000110000100110100000000000000000000000000000000000000001111000110000100000000000011110110000000000010000010000000000000000000000000000000000000000000100000000000000000000000000000000000000000000000000000000000000000000000000000000000000000000000110000000000000000000000000000000000000000000000
000000000101001011000010000000000000000000000000000000000000000000110000000000000000000100000010000000000000000100000000000000000000000000000000000000000000000000000000000000000000000000000000000000000000000000000000000000000000000000000000000000000000000000000000000000000000000000000000000000000000
000000000010001100011010000000000000000000000000000000000000000000011010000000000000001000100100011100000000000010000000000000000000000000000000000000000000000000000000000000000000000000000000000000000000000000000000000000000000000000000000000100000000000000000000000000000000000000000000000000000000
000000000000000000010010000000000000000000000000000000000000000000000100000000000000000101100000001100000010000000110000000000000000000000000000000000000000000000000000000000000000000000000000000000000000000000000000000000000000000000000000001010000000000000000000000000000000000000000000100000000000
000000000000000000001100000000000000000000000000000000000000000000000000000000000000000110000000111000000100000000110000000000000000000000000000000000000000000000000000000000000000000000000000010000000000000000000000000000000000000000000000001100000000000000000000000000000000000000110001100000000000
000000000000000000000000000000000000000000000000000000000000000000000000000000000000000000000000110001100100100000111001100000000000000000000000000000000000000000000000000000000000000000000001111110000000000000000000000000000000000000000000000000000000000000000000000000000000000000110001100000000000
000000000011100000000000000000000001100000000000000000000000000000000000000000000000000010100000011001010011100000000010010000000000000000000000000000000000000000000000000000000000000000000110100001000000000000000000000000000000000000000000000000000000000000000000000000000000000000000001000000000000
000000000001100000000000000000000001100000000000000000000000000000000000000000000000000011100000011001010000000000000001100000000000000000000000000000000000000000000000000000000000000000000110100001000000000000000000000000000000000000000000000000000000000000000000000000000000000000000000000000000000
000000000000110000000000000000000000000000000000000000000000000000000000000000000001011001100000000000110000000000000000000000001000000000000000000000000000000000000000000000000000000000000110100010000000000110000000000000010000011100000000000000000000000000000000000000000000000000000000000000000000
000000000000011110000000000000000000000000000000000000000010010000000000000000000001000001000000110000000000000000000000000000001000000000000000000000000000010000000000000000000000000000000001101000000000000110000000000000010000000000000000000000000000000000000000000000000000000000000000000000000000
000000000000001110000000000000000000000111000000000000000000001000000000000000000001010011000011010000000000000000000000000000001000000000000000000000000000101000000000000000000000000000000000010000000000000000000000000000010000000000000000000000000000000000000000000000000000000000000000000000000000
000000000000000000000000000000000000000000000000000000000110010000000000000000000000100000000010010000000000000000000000000000000000000000000000000000000001001000000000000000000000000000000000000000000000000000000000010000000011000001100000000000000000000000000000000000000000000000000000000000000000
000000000000000000000000000000000000010000000000000000000100000000000000000000000000010001000101100000000000000000011000000000000000000000000000000000000000110000000000000000000000000000000000111000000000000000000000010000000001000001000000000000000000000000000000000000000000000000000000000000000000
000000000000000000000000000000000000010000000000000000000000000000000000000000000000010010000001100000011000000000000001000000000000000000000000000000000000000000000000000000110000000000000001001000000000000000000000010000101000000010000000000000000000000000000000000000000000000000000000000000000000
000000000000000000000000000000000000010000000000000000000000011000000001100000000000000000000010100001100001110000000010100000000000000000000000000000000000000000000000000000101000000000000110000000000000001100000000000001001000100000010000000000000000000000000000000000000000000000000000000000000000
000000000000000000000000000000000000000000000000000000000000011000000000000000000000000000000000100001100001110000000001100000000000000000000011000000000000000000000000000000010000000000000000010000000000001100000000000001001001101010101000000000000000000000000000000000000000000000000000000000000000
000000000000000000000000000000000000000000000000000000000000000000000000000000000000000000000000000000001000000000000001000000000000000000000011000000000000000000000000000000000000000000000100100000000000000000000000000001110001100111000100000000000000000000000000000001000000000000000000000000000000
000000000000000000000000000000000000000000000000000000000000000000000000000001100000000000000000000000101111100000000000000000000000000000000000000000000000000000000000000000000000000000000011100000000000000000000000000000000000000101010100000000000000000000000000111111100000000000000000000000000000
000100000000000000000000000000000000000000000000000011100000000000000000000000010000000000000000000000110010110000000000000000000000000000000000000000000000000000000000000000000000000000000000000000000000000000000000000000000000000010001100000000000001100000000001111101011000000000000000000000000000
001010000000000000000000000000000000000000000000000101000000000000000000000110100010000000000000000000001000001000000001100000000000000000000000000000000000000000000000000000000000000000000000000000000000000000000000000000000000001010000000000000000001100000000001100110111000000000000000000000000000
001100000000000000000000000000000000000000000000000101101000000000000000111001000011000000000000000000001001110000000001100000000000000000000000000000000000000000000011000000000000000001100000000000000000000000000000000000000000001000000000000000000000000000000000000010101100000000000000000000000000
000000000000000000000000000000000000000011000000000010000000000000000001111111000101000000000000000000000011100000000000000000000000000000000000000000000000000000000100100000000000000010010000000000000000000000000000000000000000000000000000000000000000000000000000000000011100000000000000000000000000
000000000000000000000000000000000000000011000000000000000000000000000001000000000011000000000000000000000000001000000000000000000000000000000000000000000000000000000011000000000000000010100000000000000000000000000000000000000000000000000000000000000000000000000000000000011000000000000000000000000000
000000000000000000000000000000000000000000000000000000000000000000000010100000000110000000000000000000000000001000000000000000000000000000000000000000000000000000000000000000000000000001000000000000000000000000000000000000000000000000000000000000000000000000000000000000000010000000000000000000000000
000000000000000000000000000000000000000000000000000000001100000000000000111010101100000000000000000000000000001000000000000000000000000000000000000110000010000000000000000000000000000000000000000000000000000000000000000000000000000000000000000000000000000000000000000000011110000000000000000000000000
000000000000000000000000000000000000000000000000000000010010000000000000001101011000000000000000000000000000000000000000000110000000000000000000000110000101000000000000000000000000000000000000000000000000000000000000000000000000000000000000000000000000000000000000001000000000000000000000000000000000
000000000000000000000000000000000000000000000000000000100010000000000000001101011000000000001110000000000000000000000000000110000000000000000000000000000101000000000000000000000000000000000000000000000000000000000000000000000000000000000000000000000000000000000000011100000000000000000000000000000000
000000000000000000000000000000000000000000000000000000100000000000000000000000100000000000000000000001000000000000000000000000000000000000000000000000000010000000000000000000000000110000000000000000000000000000000000000000000000000000000000000000000000000000000000110100000000000000000000000100000000
000000000000000000000000000000000000000000000000000000100010111000000000000000000000000000100000100001000000000000000000000000000000000000000000000000000000000000000000000000000000110000000000000000000000000000000000000000000000000000000000000000000000000000000000011100000000000000000000001010000000
000000000000000000000000000000000000000000000000000000000100010100000000000000000000000000100000100001000000000000000000000000000000000000000000000001100000001100000000000000000000000001000000000000000000000000000000000000000000000000000000000000000000000000000000000000000000000000000000001010000000
000000000000000000000000000000000000000000000000000000000111100000000000000000000000000000100000100000000000000000000000000000000000000000000000000010010000010010000000000000000000000010100000000000000000000000000000000000000000000000000000000000000000000000000000000000000000000000000000000100000000
000000000000000000000000000000000000000000000000000000000010000010000000000000011000000000000000000000000000000000000000000000000000000000000000000001100000001100000000000000000000000011000000000000000000000000000000000000000000000011100000000000000000000000000000000000000000000000000000000000000000
000000000001100000000000000000000000000000000000000000000010000100000000000000011000000000001110000000000000110000000000000000000000000000000000000000000000000000000000000000000000000000000000000000000000000000000000000000000000000000000000000000000000000000000000000000000000000000000000000000000000
000000000001100000000000000000000000000000000000000000000000010000000000000000000000000000000000000000000000110000000000000000000000000010000000111000000010000000000000000000000000000000000000000000000000000000000000000000000000000000000000000000100000000000000000000000000000000000000000000000000000
000000000000000000000000111000000100000000000100000000000000000000000000000000000000000000000000000000000000000000000000000000000000000101000000000000000101000000000000000000000000000000000001100000000000000000000000000000000000000000000000000001010000000000000000000000000000000000000000000000000000
000000000000000000000000000000001010000000011000100000000000000000000000000000000000000000000000000000000000000000000000000000000000000110000000000000000101000000000000000000000000000000000010010000000000000000000010100000000000000000000000000001010000000000000000000000000000000000000000000000000000
000000000000000100000010000010000100000000000110010000000000000000000000000000000000000000000000000000000000000000000000000000000000000000000000000000000010000000000000000000000000000000000001100000000000010100000110100000000000000000000000000000100000000000000000000000000000000000000000000000000000
000000000000001010000010000010000000000100000000010000000011000000000000000000000000000000000000000000000000000000000000000000000000000000000000000000000000000000000000000000000000000000000000000000000000000100011111000000000000000000000000000000000000000000000000000000000000000000000000000000000000
000000000000010010000010000010000000001100000000010000000011000000000000000000011000000000000000000000000000000000000000000000000000000000000000000000000000000000000000000000000000000000000000000000000001000000011000000000000000000000000000000000000000000000000000000000000000000000000000000000000000
000000000000001100000000000000000000010000000101100000000000000000000000110000011000000000000000000000000000000000000000000000000000000000000000000000000000000000000000000000000000000000000000000000000001000000000000000000000000000000000000000000000000000000000000000000110000000000000000000000000000
000000000000000000000000111000000000001110000011000000000000000000000001101100000000000000000000000000001000000000000000000000000110000000110000000000000000000000000000000000000000000000000000000000000000111000000110000000000000000000000000000000000000000000000000000000110000000000000000000110000000
000000000000000000000000000000000000000101111000000000000000000000000000001100000000000000000000000000001000000000000000000000001001000000110000000000000000000000000000000000000000000000000000000000000000010010000010000000000000000000000000000000000000000000000000000000000000000000000000000110000000
000000000000000000000000000000000000000011011000000000000000000000000000000100000000001100000000000000001000000000000000000000000110000000000000001000000000000000000000000000000000000000000000000000000000011100011010000000000000000000000000000000000000000000000000000000000000000000000000000000000000
000000000000000000000000000000000000000001011000000000000000000000000000000000001000001100000000000000000000000000000000000000000000000000000000001000000000000000000000000011100000000000000000000000000000011100011000000000000000000000000000000000000000000000000000000000000000000000000000000000000000
000000000000000000000000000000000000000000100000000000000000000000000000011100001000000000000000000000000000000000000000000000000000000000000000001000000000000000000000000010010000000000000000000000000000000001101100000000000000000000000000000000000000000000000000000000000000000000001100000000000000
000000000000000000000000000000000000000010000000000000000000000000000000001100000000000000000000000000000000000000000000000000000000000000110000000000100000000000000000000100001000000000000000000000000000000001100110000000000000000001000000000000000000000000000000000000000000000000001100000000000000
000000000000000000000000000000000000000010000000000000000000000000000000001100000000000000000000000000000000000000000000000000000000000000110000000001010000000000000000000001010000000000000000000000000000000001100010000000000000000001000000000000000000000000000000000000000000000000000000000000000000
000000000000000000000000000000000000000010000000000000000000001100000000000000000000000000000000000000000000000000000000000000000000000111010000000001100000000000000000001011100000000000000000000000000000000000100100000000000000000001000000000000000000000000000000000000000000000000000000000000000000
000000000000000000100000000000000000000000000000000000000000001110000000000000000000000000000000000000000000000000000000000000110000001000010000000000000000000000000000000110000000000000000000000000000000000000011000000000000000000000000000000000000000000000000000000000000000000000000000000000000000
000000000000000001010000000000000000000000010000000000000000001110100000000000000000000000000000000000000000000000000000000000111001100101010000000000000000000000000000000000001100000000000000000000000000000000000000000000000000011100011100000000000000000000000000000000000000000000000000000000000000
000000000000000001001000000000000000000000101000000000000000000100000000010000000000000000000000000000000000000000000000000000001100001100000000000000000000000000000000000000001100000000000000000000000000000000000000000000000000000000000000000000000000000000000000000000000000000000000000000000000000
000000000000000000110000000000011000000000101000000000000000011010000000100100000011000000000000000000000000000000000000000000001101000101000000000000000000000000000000000000001100000011000000000000000000000000000000000000000000000001000000011000000000000000000000000000000000000000000000000000000000
000000000000000000000000000000100100000000010000000000000001110110000000010100000011000000000000000000000000000000000000000000000100010001000000000000110000000000000000000000000000000101000000000000000000000000000000000000000000000001000000011000000000000000000000000000000000000000000000000000000000
010000000000000000000000000000101000000000000000000000000000110000000000001000000000000000000000000010000000000000000000000000000011010100000000000000110000000000000000000000000100110100000000000000000000000000000000000000000000000001000000000000000000000000000000000000000000000000000000000000000000
101000000000000000110000000000010000000000000000000000000000010000000000000000000000000000000000000101000000000000000000000000000001110010000110000000000000000000000011000000000011100111000000000000000000000000000000000000000001000000000000000000000000000000000000000000000000000000000000000000000000
101000000000000000110000000000000000000000000000000000000000001111100000000011001100000000000000000101000000000000000000000111000000111100000010000000000000000000000100100000000001000000000000000000000000000000000000000000000001000000000000000000000000000000000000000000000000000000000000000000000000
010000000000000000000000000000000000000000000000000000000000000111000000000010000000000000000000000010000000000000000000001000100000000000001110000000000000000000000011000000000000000000000000000000000000000000000000000000000001000000010000000000000000111000000000000000000000000000000000000000000000
000000000000000000000000000000000000000000000000000000000000000010000000000011000000000000000000000000000000000000000000000000000000000000110110000000000000000000000000000000111000000000000000000000000000000000000000000000000000000000101000000000000000000000000000000000000000000000000000000000000000
000000000000000000000000000000000000000000000000000000000000000000000000000000000000000000000000000000000000000000000000001100010000000000100110000000000000000000000000000000000000001100000000000000000000000000000000000000000000011100101000000000000010000010000000000000000000000000000000000000000000
000000110000000000000000000000000000000000000000000000000000000111000000000000000000000000000000000000011000000000000000000000000000000000001000000000000000000000000000000000000011010011000000000000000000000000000000000000000000000000010000000000000010000010000000000000000000000000000000000000000000
000000110000000000000000000000000000000000000000000000000000001000000000000000000000001100000000000000011000000000000000000001011100000000000000000000000000000000000000000000000011000001000000000000000000000000000000000000000000000000000000011000000010000010000000000000000000000000000000000000000000
000000000000000000000000000000000001110000000000000000000011010101000000000000000000001100000000000000000000000000011000000000001100000000000000001100000000000000000000000000000100000000100000000000000000000000000000000000000001000000000000011000000000000000000000000000000000000000000000000000000000
000000000000000000000000000000000000000000000000000000000000011010000000000000000000000000000000000000000000000000011000000001100000000000000000011010000000000000000000000000000000110001011000000000000000000000000000000000000010100000010000000000000000111000000000000000000000000000000000000000000000
000000000000000000000000000000000000000000000000000000001001000000000000000000000000000000000000000000000000000000000000000000010100000000000000001110000000000000000000000000000000010101100000000000000000000100000000000000000100100000010000000000000000000000000000000000000000000000000000000000000000
000000000000000000000000000000000000000000000000000000001100000100000000000000000000000000000000000000000000000000000000000000000100000000000001010000000000000000000000000000000000001101000000000000000000001010000000000000000011000000010000000000000000000000000000000000000000000000000000000000001000
000000000000000000000000000000000000000000010000000100001100000110000000000000001110000000000000000000000000000000000000000000000000000000000000111000000000000000001000000000100000000001000000000110000000000100000000000000000000000000000000000000000000000000000000000000000000000000000000000000010100
000000000000000000000000000000000000000000110000001010000010000010000000000000000000000000000000000000000000000000000000000000000000000000000000000000000000000000010100000001010000001000000000000110000000000000000000000000000000000111000111000000000000000000000000000000000000000000000000000000010100
000000000000000000000000000000000000000000110000001001000001111000000000000000000000000000000000110000000000000000000000010000000000000000000000011000000000000000010100000001010000000011000000000000000000000000000000000000000000000000000000000000000000000000000000000000000000000000000000000000001000
000000000000000000000000000000000000000000100000000110000000010000000000000000000000000000000000110000000000000000000000010000000000000000000000000000000000000000001000000000100000000000000000100000000000000000000000000000000000000000010000000000000000000000000000000000000000000000000000000000000000
000000000000000000000000000000000011000000000000000000011000000000000001000000000000000000000000000000000000000000000000010000000011000000000000000000000000000000000000000000000000000000000100010000000000000000000000000000000000000000010000000000000000000000000000000000000000000000000000000000000000
000000000000000000000000000000000011000000000000000000011000000000000010100000000000001110000000000000000000000000000000000000000100100000000000000000000000000000000000000000000000000000000100100000000000000000000000000000000000000000010000000000000000000000000000000000000000000000000000000000000000
000000000000000000000000000000000000000000000000000000000000000000000010100000000000000000000000000000000000000000000000000000001000100000000000000000000000000000000000000000000000000000000101000000000000000000000000000000000000000000000000000000000000000000000000000000000000000000000000000000000000
000000000000000000000001000000000000000000000000000000000000000000000001000000000000100000100000000000000000000000000000000000000000110000000000001100000000000000000000000000000001100000000000000000000000000000000000000000000000000000000000000000000000000000000000000000000000000000000000000001100000
000000000000000000000001000000000000000000000000000000010000000000000000000000000000100000100000000000000000000000000000000000001011000000000000001100000000010000000000000000000010100000001110000000000000000000000000000000000000000000000000000000000000000000000000000000010000000000000000000001100000
000000000000000000000001000000000000000000000000000000010000000110000000000000000000100000100000000000000000000000000000000000011000000000000000000000000000101000000000000000000011000000000000000000000000000000000000000000000000000000000000000000000000000000000000000000101000000000001110000000000000
000000000000000000000000000000000000000000000100000000010000000110000000000000000000000000000000000000000000000000000000000000000000000000000000000000000000101000000000000000000000000000000001100000000000000000000000000000000000000000000000000000000000000000110000000000101000000000000000000000000000
000000000000000000011100000000000000000000001010000000000000000000000000000000000000001110000000000110000000000000000000000000000000000000000000000000000000010000000000000000000000000000000001110000001000000000000000000000000000000000000000000000000000000001001000000000010000000000000000000000000000
000000000000000000000000000000000000000000000110000111000111000000000000000000000000000000000000000110010110000000000000000000000000000000000000000000000000000000000000000000000000000000001101010000001000000000000000000000000000000000000000000000000000000000110000000000000000000000000000000000000000
000000000000000000000000000000000000000000000000000000000000000000000000000000000000000000000000000000010101100000000000000000000000000000000000000000000000000000000000000000000000000000011000100000001000000000000000000000000000000000000000000000000000000000000000001100000001100000000000000000000000
000000000000000000000011000000000000011000000000000000010000000000000000000000000000000000000000000000100000010000100000000001000000000000000000000000000000000000000000000000000000000000001001100011000000000000000000000000000000000000000000000000000000000000000000010010000001100000000000000000000000
000000000000011100000011000000000000100100000000000000010000000000000000000000000000000000000000000000000100000110010000000110110000000000000000000000000000000000000000000000000000000000000111000011000000000000000000000000000000000000000000000000000000000000000000001100000000000000000000000000000000
000000000000000000000000000000010001001000000000000000010000000000000000000000000000000000000000000000010000000100011000001010000000000000000000000110000000000000000000000000000000000000000010000000000000000000000000000000000000000000000000000000000000000000000000000000000000000000000000000000000000
000000000000000000000000000000010000110000000000000000000000100000000000000000000000000000000000000000011100000100110000000000001000000000000000000110000000000000000000000000000000000000000000000000000000000000000000000000000000000000000000000000000000000001100000000000000000000000000000000000000000
000000000000000000000000000000010000000000000000000000000000100000000000000000111000000000000000000000001010001001000000010100001000000000000000000000000000000000000000000000000000000000000000000000000000000000000000000000000000000000000000000000000000000001100000000000110000000000000000000000000000
000000000000000000000000000000000000000000000000000000000000100000000000000000000000000000000000000000001000001000000000110100001000000000000000000000000000000000000000000000000000000000000000000000000110000000000000000000000000000000000000000000011000000000000010000000110000000000000000000000000000
000000000000000000000000000111000111000000000000000000000000000000000000000000000000000000000000000000000101000000000000010100001000000000000000000000000000000000000000000000000000000000000000000000010000100000000000000000000000000000000000011000010100000000000101000000000000000000000000000000000000
000000000000000000000000000000000000000000000000000000001110001110000000000000000000000000000000000000000010000000000000000000001000000000000000000000000000000000000000000000000000000000000000000000000000010000000000000000000000000000000000100100001000000000001010000000000000000000001100000000000000
000000111000000000000000000000010000000000000000000000000000000000000000000000000000000000000000000110000000000000000000001010000000000000000000000000000000000000000000000001000000110000000000110000100000001000000000000000000000000000000000101000000000000000001100000000000000000000001100000000000000
000000000000000000000000000000010000000000000000000000000000100000000000000000000000000000000000000110000000000000000000000110110000000000000000000000000000000000000000000010100000110000000001001000111100001000000000000000000000000000000000010000000000000000000000000000000000000000000000000000000000
000010000010000000000000000000010000000000000000000000000000100000000000000000000000000000000000000000000000000000000011100001000000000000000000000000000000000000000000000010100000000000000011001000000001001000000000000000000000000000000000000000000000000000000000000000000000011000000000000000000000
000010000010000000000110000000000000000000000000000000000000100000000000000000000000001110000000000000000000000000000011010000000000000000000000000000000000000000000000000001000000000000000001100100000010010000000000000000000000000000000000000000000000000000000000000000000000011000000000000000000000
000010000010000000000110000000000000000000000000000000000000000000000000000000000000001010000000000000000000000000000010001000000000000000000000000000000000000000000000000000000000000000000000111100000001100000000000000000000000000000000000000000000000000000000000000000000000000000000000000000000000
000000000000000000000000000000000000000000000000000000000000000000000000000000011000001110000000000000000000000000000000101000000000000000000000011100000000000000000000000000000000000000000000000000000000000101110000000000000000000000000000000000000000000000000000000000000000000000000000000000000000
000000111000000000000000000000000000000000000000000000000000000000000000000000000000000000000000000000000000000000000000011000000000000000000000000000000000000000000000000000000000000000000000000000000000000000110000000000000000000000000000000000000000000000000000000000000000000000000000001000000000
000000000000000000000000000000000000000000000000000000000000000000000000000000000000000000000000000000000000000000000000110000000000000000000001000001000000000000000000000000000000000000000000000000000000011101101000000000000000000000000000000000000000001100000000000000000000000000000000010100000000
001000000000000000000000000000000000000000000000000000000011000000000000000000000000000001000000000000000000000000000000111000000000000000000001000001000000000000000000110000000000000000000000000000000000000001001100000000000001001000000000000000000000001100000000000000000000000000000000010100000000
001000000000000000000000000000000000000000000000000000000011000000000000000000000001000010100000000000000000000000000000101000000000000000000001000001000000000000000000110000010000000000000000000000000000000001101000000000000010001100000000000000000000000000000000000000000001000000000000001000000000
001000000000000000000000000000000000000000000000000000000000000000000000000000000010100010010000000000000000000000000000100110000000000000000000000000000000000000000000000000010000000000000000000000000000000000010000000000000001000010000000000000000000000000000000000000000001000000000000000000000000
000000011000000000000000000000000110000000000000000000000000000000000000000000000000000010100000000000000000000000101000001000000000000000000000011100000000000000000000000000010000000000000000001110000000000000000000000000000000111100010000000000000000000000000000000000000001000000000000000000000000
000000100100000000000000000000000110000000000000000000000000000000000000000000000011100001000000000000000000000000101000000000000000000000000000000000000000000000000000000000000000000000000000100001000000000000000000100000000000001001101100000000000000000000000000000000000000000000000000000000000000
000000010100000000000000000000000000000000000000000000000000000000000000000000000000000110000000000000000000000000110100000000000000000000000000000000000000000000000000000000000000000000000000110110000001100000000001010000000000000001101100101000000000000000000000000000011100011100000000000010000000
000110001000000000000000000000000000000000000000000000000000000000000000000000000000000010100000000000000000000000000110000000000000000000000000000000000000000000000000010000000000000000000000000000000000000000000001010000000000000010000100100100000000000000000000000000000000000000000110000101000000
000110000000000000000000000000000000000000000000000000000000000000000000000000000000000001100000000000000000000000001100000010100110000000000000000000000000000000000000101000000000000000000000000000000000000000000000100000000100000001001101000100000000001000000000000000000001000000000110000101000000
000000000000000000000000000000000000000000000000000000000000000000000000000000000000000001100110000000000000000000000000000011000110000000000000000000000000000000000000101000000000000000000000011000000000000000000000000000001010000001000100100100000000010100000000000000000001000000000000000010000000
000000000000000000000000000000000000000000000000000000000000000000000000000000000000000000000000000000011000000000000000000001000000000000000000000000000000000000000000010000000000000000000000100000001010000000000000000000001010000000001100101000000000101000000000000000000001000000100000000000000000
000000000000000000000000000001110000000000000000000000000000000000000000000000000000000000000000000000100100110000000000000000000000000000000000000000000000000000000000000000000000000000000000000000001100000000000000000000000100000000011000000000000000110000000000000000000000000000100000000000000000
000000000000000000000000000000000000000000000000000000000000000000001110000000000000000000000000000000000100110000000000000000001000000000000000000000000000000000000000000000000000000000000000000000000000000001010000000000000000000000000000000000000000000000000000000000000000000000100000000000000000
000000000000000000000000000000000000000000000000000000000000000000001110000001100000000000000000000010001000000000000000000000010100000000000000000000000000000000000000000000000000000000000000000000000000000010001000000000000000000000000000000000000000000000000000000000000000000000000000000000000000
000000000000000000000000000000000000000000000000000000000000000000000110000001100000000000000000000010010000000000000000000000001000000000000000000000000000000000000000000000000000000000000000000000000000000100010000000000000000000000000000000000000000000000000000000000000000000000000000000000000000
000000000000000000000000000000000000000000000000000000000000000000000000110000000000000000000000000001110000000000000000000000000000000000000000000000000000000000000000000000000000000000000000000000000000000100100000000000000000000000000000000000000000000000000000000000000000000000000000000000000000
000000000000000000000011000000000000000000000000000000000000000000000000000000000000001000000000000000000000000000000000000000000000000000000000000000000000000000000000000000000000000000110000000000000000000010000000000000000000000000000000000000000000000000000000000000000000000000011000000000000000
000000000000000000000011000000011000000000000000000011100000000000000000000011111001101000000000100000000000000000000000000000001000000000000000000000000000000000000000000000000000000000110000000000000000110000000000000000000000000000000010000000000000000000000000000000000000000000011000000000000000
000000000000000000000000000000011000000000000000000010100000000000000000000011011000100000000000100000001110000000000000000000010100000000000000000000000000000000000000000000000000000000000000000000000000110000000000000000000000000000000101000000000000000000000000000000000000000000000000000000000000
000000000000000000011000000000000000000000000000000100110000000000000000000010110000000000000000100000000000000000000000000000010100000000000000000000000000000000000000000000000000000000000000000000000000000000000000000000000000000000000101000000000000000000000000000000000000000000000000000000000000
000000000000000000100100000000000000000000000000000100111110000000000000000000000000000000000000000000000000000000000000000000001000000000000000000000000000000000000000000000000000000000000000000000000000000000000000000001000000000000000010000000000000000000000000000000000000011000000000000000000000
000000000000000000011000000000000000000000000000110111010000110000000000000000000000000000001110000000000000000000000000000000000000000000001100000000000000000000000000000000000000000000000000000000000000000001000010000010100000000000000000000000000000000000000000000000000000100100000000000000000000
000000000000000000000000000000000000000000000000110000010000010000000000000000000000000000000000000000000000000000000000000000000000000000001100000000000000000000000000000000000000000000000000000000000000000001000000100010110000000000000000000000000000000000000000000000000000010100000000000000000000
000000000001100000000000000000000000000000000100010011000000010000000000000000000001100000000000100000000001110000000000000000000000000000000000000000000000000000000000000000000000000000000000000011100000000010000001110000010000000000000000000000000000000000000000000000000000001000001000000000000000
000000000001100000000000000000000000000000001011100000011101100000000000000000000001100000000000100000000000000000000000000000000000000000000000000000000000000000000000000000000000000000000000000000000000000001111000111100011100000000000000000000000000000000000000000000000000000000010100000000000000
000000000110000000000000000000000000000000000110000011000100000000000000000000000000000000000000100000000000000000000000000000000000000000000000001000000000000000000000000000000000000000000000000000000000000001110000000010010000000000000000000000000000000000000000000000000000000000100100000000000000
000000000110000000000000000000000000000000000000000000101100000000000100000000000000000000000000000000000000000000000000000000000000000000000000001000000000000000000000000000000000000000000000000000000000000000000000011011000000000000000000000000000000000000000000000000000000000000011000000000000000
000000000000000000000000000000000000000000000000000000001100000000001010000000000000000000000000000000000000110000000000000000000000000000000000001000000000001000000000000000000000000000000000000000000000000000000000000110110000000000000000000000000000000000000000000000000000000000000000000000000000
000000000000000000000000000000000000000000000000011100011100000000001001000000000000000000000000000000000000110000000000000000000000000000000000000000000000001000000000000000000000000000000000000000000000000000000000000000010010000000000000000000000000000000000000000000000000000000000000000000000000
000000000000000000000000000000000000000000000000000000000000000000000110000000000000000000000000000000000000000000000000000000000000000000011000000000000000001000000000000000000000000000000000000000000000001110000000000001100001100000000000000000000000000000000000000000000000000000000000000000000000
001100000000000000000000000000000000000000000000000000000000011000000000000000000000000000000000000000000000000000000000000000000000000000100100000000000000000000000000000000000000000000000000000000000000011101000000000000010010000110000000000000000000000000000000000000000000000000000000000000000000
001100000000000000000011100000000000000000000000000000000000011000000000000000000000000000000000000000000000000000000000000000000000000000011000000000000000000000010000000000000000000000000100000000000000100001000000000110110000000110000000000000000000000000000000000000000000000000000000000000000000
000000000000000000000000000000000001100000000000000000000000000000000000000000000000000000000000000000000000000000000000000000000000000000000000000000000000000000010000000000000000000000001010000000000000011100010000011011000000000000000000000000000000000000000110000000110000000000000000000000000110
000000000000000000000000000000000010010000000000000000000000000011000000000000000000000000000000000000000000000000000000000000000000000000000000000000000000000000010000000000000000000000001010000000000000010000010000000010010000000000000000000000000000000000001001000001001000000000000000000000000110
000000000000000000000000000000000001100000000001110000000000000011000000000000000000000000000000000000000000000000000000000000000000000000000000000000000000000000000000000000000000000000000100000000000000000010000010111100011100000000000000000000000000000000000110000000110000000000000000000000000000
000000000000000000000000000000000000000000000000000000000000000000000000000000000000000000000000000000000000000000000000000000000000000000000000000000000000000000000111000000000000000000000000000000000000000011000101111100001000000000000000000000000000000000000000000000000000000000000000000000000000
000000000000000000000001100000000001100000000000000000000000000000000000000000000000000000000000000000000000000000000010000000000000000011000000000000000000000000000000000000000000000011000000011000000000000000000100100110110000000000000000000000000001000000000000001000000000000000000000000000000000
000000000000000000000001100000000010010000000000000000000000000000000000000000000000000000000000000000000000000000000101000000000000000100100000000000000000000000000000000000000000000100100000100100000000000000000001000110110000000000000000000000000010100000000000010100000000000000000000000000000000
000000000000000000000000000000000001100000110000000000000000000000000000000000000000000000000000000000000000000000000110000000000000000100100000000000000000000000000000000000000000000011000000011000000000000000000000000010000000000000000000000000000000000000000000010100000000000000000000000000000000
110000000000001100000000000000000000000001001000000000000000000000000000000000000000000000000000000000000000000000000000011000000000000011000000111000000000000000000000000000000000000000000000000000000000000000000000000010000000000000011000000000000011100000000000001000000000000000000000000000000000
110000000000001100000000000000000000000000110000000000000000000000000000000000000000000000000000000000000000000100000000011000000000000000000000000000000000000000000000000000000000000000000100000000000000000000000000000100000010001100011000000000110000000000000000000000000000000000000000000000000000
000000000000000000000000000000000000000000000000000000000000000000000000000000000000000000000000000000000000000110000000000000000000000000000000000000000000000000000000000000000000000000001010000000000000000000000000000101010101010100000000000001001100100000000000000000000000000000000000000000000000
000000000000000000000000000000000000110000000000000000000000000000000000000000000000000000000000000000000000001010000000000011000000000000000001000000000000000000000000000000000000000000001010000000000001100000000000000010000101100000000000000001100001011000000000000000000000000000000000000000000000
000000000000000000010000000000000001001000000000000000001100000000000000000000000000000000000000000000000000000000000000000011000000000000000001000000000000000000000000000000000100000000000100000000000001100000000000000001111000111000000000000001100000001000000000000000000000000000000000000000000000
000000000000000000101000000000000000110000000000000000001100000000000000000000000000000000000000000000000000000000000000000000000000000000000001000000000000000000000000000000001100000000000000000000000000000000000000000000010000001000000000000000010000010000000000000000000000000000000000000000000000
000000000000000000101000000000000000000000000000000000000000000000000000000000000000000000000000000000000000000000000000000000000000000000000000000000000000000000000000000000011000000000000000000000000000000000000000000000000000001000000000000000000000000000000000000000000000000000000000000000000000
000000000000000000010000000000000000000000000000000000000000000000000000000000000001100011000000000000000000000000000000000000000000000000000000000000000000100000000000000000111000000000001000000000000000000000000000011000000000000001010000000110000110000000000000000000000000000000000000000000000000
000000000000000000000000000000000000000000000000000000000000000000000000000000000001100100100000000000000000000000000000000000000000000000000000000000000001010000000000000000111000111000010100000000000000000000000000011000000000000000000000000101000011100000000000000000000000000000000000000000000000
000000000000000000000000000000000000000000000000000000000000000000000000000000000000000011000000000000000000000000000000000000000000000000110000000010000010001000000000000000110000010000010100110001000000000000000000000000001101100010010000000010000001011100000000000000000000000000000000000000000000
000000011100000000000000000000000000000000000000000000000000000000000000000000000000000000000000000000000000000000000000000000000000000000110000000101000010001000000000000000100110010000001000101001100000000000000000000000001000100010010011100000000001101100000000000000000000000000000000000000000000
000000000000000000000000000000000000000000000000000011100000000000000000000000000000000000000000000000000000000000000000000000000000000000000000000101000011011000000000000000100000100000000000111001100000000000000000000000000111000001010010010000000001001000000000000000000000000000000000000000000000
000000000001000000000000000000000000000000000000000010000000000000000000000000000000000000000000000000000000000000000000000000000000000000000000000010000000000000000000000000100111010000000000110110000010000000000000000000000000000001011000010000000000110000000000000000000000000000000000000000000000
000000000001000100000000000000000000000000011100000000100000000000000000000000000000000000000000000000000000000000000000000000000000000000000000000000000000000000000000000001100100110010000000000110000010000000000000000000000000000000001100000000000000000000000000000000000000000000000001100000000000
000000000001000100000010000000000000000000011100000011100000000000000000000000000000001110000000000000000000000000000000000000000000000000000000000000000000000000000000000000111001100011000000000010000010000000000000000000000000000000001000100000000000000000000000000000000000000000000001100000000000
000000000000000100000010000000000000000000101000100000000000000000000000000000000000000000000000000000000000000000000000000000000000000000000000000000000000000000000000000000010000000000110000010001000000000000000000000000000000001000000100100000000000000000000000000000000000000000000000000000000000
000000000000000000000010000000000000000000100000110000011000000000000000000000000000000000000000000000000000000000000000000000000010000000000000000000000000000000000001000000000000000010111100001111000001000000000000000000000000001000000010101100000000110000000000000000000000000000000000000000110011
000001000000000000000000000000000000000000011010111000100100000000000000000000000000000000000000000000000000000000000000000000000101000000000000000000000000000000000010100000000000001000001110000010000001000000000000000000000000001000000000010000000000110000000000000000000000000000000000000000110011
000001000000000000000000000000000000000000011110000000011000000000000000000000000000000000000000000000000100000000000000000100001101000000000000000000000000000000000001000000000000001000001001000000000001000000000000000000000000000000000000000000000000000000000000000000000000000000000000000000000000
000001000000000000000000000000000000000000000110000000000001110000000000000000000000000000000000000000001010000000000000000011000001001000110000000000000000000000000000000000000000000000000100000000000000000000000000000000000000000011100000000000000000000000001100000000000000000000000000000000000000
000000000000000000000000000000000000000000000000000000000000000000000000000000000000000000000000000000000110000000000000000110001001010101001000000000000000000110000000000000000000000010100100100000000000011100000000000000000000000000000000000000000000000000001100000000000000000000000001000000000000
000000000000000000000000000000000000000000000000000000000000000000000000000000000000000000000000000000000000000000000000000000000000010101001000000000011000000110000000000000000000000001000001000000000000000000000000000001100000000000000000000000000000000000000000000000000000000000000001000000000000
000000000000000000000000000000000000000000000000000000000000000000000000000000000000000000000000000000000000000000000000000000000110000000000000000000000010000000000000000000000000000000000000000000000000000000000000000001100000000000000000000000000000000000000000110000000000000000000001000000000000
000000000000000001100000000000000000000000000000000000000000000000000000000000000000000000000000000000000000000110000000000000001000000000000000000001000001000000000000000000000000000000000000000000000000000000000000000000000000000000000000000000000000000000000000110000000000000000000000000000000000
000000000000000001100000000000000000001100000000000000000000000000000000000000000000000000000000000000000000000110000000000000000000000000000000000001000011000000000000000000000000000000000000000000000000000000000000000000000000000000000000000000000000000000000000000000000000000000001000000000000000
000000000000000000000000000000000000001100000000000000000000000000000000000001100000000000000000000000000000000000000000000000000000000000000000000000000011000000000000000000000000000000000000000000000000000000000000000000000000000000000000000000000000000000000000000000000000000000001000000000000000
000000000000000000000000000000000000000000000001000000000000000000000000000010010000000000000000000000000000000000000000000000000000000000000000000000000100000000000000000000000000000000000001110000000000000000000000000000000011000010000000000000000000000000000000000000000000000000001000000000000000
000000000000000000000000000000000000000000000010100000000000000000000000000010100000000000000000000000000000000000000000000000000000000000000000000000111000000000000000000000000000000000000000000000000000000000000000000000000000100101000000000000000000000000000000000000000000000000000000000001000000
000000000000000000000000000000000000000000000010100000000000000000000000000001000000000000000000000000000000000000000000000000000000000000000000000000000000000000000000000000000000000000000000000110000000000000000000000000000100000010000000000000000000000000000000000000000000000000000000000010100000
000000000000000000000000000000000000000000000001000000000000000000000000000000000000000000000000000000000000000000000000000000000000000000000000000000000000000000000000000000000000000000100010000101000000000000000000000000000011000000000000000000000000000000000000000000000000000000000000000010100000
000000000000000000000000000000000000000000000000000000000000000000000000000000000000000000000000000000000000000000000000000000000000000000000000000000000000000000000000000000000000000001100001000001000000000000000000000000100000000000000000000000000000000000000000000000000000000000000000000001000000
000000000000000000000000000000000000000000011000000000000000000000000000000000000000000000000000000000000000000000000000000000000000100000000000000000000000000000000000000000000000000011101000000100010000000000000000000000100000000000000000000000000000000000000000000000000000000000000000000000000000
000000000000000000000000000000000000000000100100000000000000000000000000000000000000000000000000000000000000000000000000110000000001010000000000000000000000000000000000000000000000000000000000000111010000000000000000000000100000000000000000000000000000000000000000000000000011000001100000000000000000
000000000000000000000000000000000000000000011000000000000000000000000000000000000000000000000000000000000000000000000000110000000001010000000000000000000000000000000000000000000000000001010010000010000000000000000000000000000000000000000000000000000000000000000000000000000011000001100000000000000000
000000100000000000000000000000000000000000000000000000000011000000000000000000000000000000000000000000000000000000000000000000000000100000000000000000000000000000000000000000000000000001001100000000010000000000000000000000000000000000000000000000000000000000000000000000000000000000000000000000000000
000001010000000000000000000000000000000000000000000000000011000000000000000000000000000000000000000000000000000000000000000000000000000000000000000000000000000000000000000000000000000001101000000000101000000000000000000000000000000000000000000000000000000000000000000000000000000000000000000000000000
000001010000000000000010000000000000000000000000000000000000000000000000000000000000000000000000000000000000000000000000000000011000000011000000000000000000000000000000001100000000000000101000110000101000000000000000000000000000000000000000000000000000000000000000000000000000001100000000000000000000
000000100000000000000010011100000000000000000000000000000000000000000001100000000000000000000000000000000000000000000000000000100100000100100000000000000000000000000000001010000000000000001110001000010000000000000000000000000110000000000000000000000000000000000000000000000000010010000000000000000000
000000000000000000000010000000000000000000000000000000000000000000000001100000000000000000000000000000000000000000000000000000011000000011000000000000000000000000000000000100000000011000001100001000000000000000000000000000000101000000000000000000000110000000000000000000000000001100000000000000011000
000000000000000000000000000000000000000000000000000000000000000000000000000000000000000000000000000000000000000000000000000000000000000000000000000000000000000000000000000000000000011000000100001100000000000000000000000000000011000000000000000000001001000000000000000000000000000000000000000000011000
000000110000000000000000000000000000000000000000000000000000000000000000000000000000000000000000000000000000000110000000000000000000100000000000000000000000000000000000000000000000000000000010001000000000000000000000000000000000000000000000000000000101000000000000000000000000000000000000000000000000
000000110000000000000000000000000000000000000000001100000000000000000000000000000000000000000000000000000000001001000000000000000001010000000000000000000000000000000000000000000000000000000000000000000000000000000000000000000100000010000000000011000010000000000000000000000000000000000000000000000000
000000000000000000000000000000000000000000000000001100000000000000000000000000000000000000000000000000000000000101000000000000000001010000000000000000000000000000000000000000000000001100000010000001000000000000000000000000001010000101000000000101000010000000000000000000000000000000000000000110000000
000000000000000000000000000000000000000000000000000000000000000000000000000000000000000000000000000000000000000010000000000000000000100000000000000100000000000000000000000000000000001100000010100011100000000000000000000000010010000101000000000100001110000000000000000000000000000000000000000110000000
000000000000000000000000000000000000000000000000000000000000000000000000000000000000000000000000000000010000000000000000000000000000000010000000000100000000000000000000000000000000000000000010000111110000011000000000000000001000000010000000001000001001000000000000000000000000000000000000000000000000
000000000000000000000000000000000000000000000000000000000000000000000000000000000000000000000000000000101000000000000000000000000000000101000000000100000000000000000000000000001100000000000010101010111000011000000000000000000000000000000000111000000111000000000000000000000000000000000000000000000000
000000000000000000000000000000000000000000000000000000000001110000000000000000000000011100000000000000100100000000000000000000011000000101000000000000000000000000000000000000001100000010000000000100110000000000000000000000000000011000001100000000000010010000000000000000000000000000000000000000000000
000000000000000000000000000000000000000000000000000000000000000000000000000000000000100010000000000000011000000000000000000000100100000010000000000000000000000000000000000000000000001000100000000000000000000000000000000000000000011000010010000000000001100000000000000000000000000000000000000000000000
000010000000000000000000000000000000000000000000000000000000000000000000000000000001000010000000000000000000000000000000000000100100000000000000000110000000000001100000000000000000000001011000000000000000000000000000000000000000000000001100000000000000100000000000000000000000000000000000000000000000
000101000000000000000000000000000000000000000000000000000000000000000000000000000010001000100000000000000000000000000000000000011000000000000000001001000000000001010000000000000000010100110100000000000000000000000000000000000000000000000000000000000000000000000000000000000000000000000000000000000000
000110000000000000000000000000000001000000000000000000000000000000000000000000000010010000010000000000000000000000000000000000000000000000000000000110000000000000100000000000110000010100100100000000000000000000000000001100000000000010000000000000000000000000000000000000000000000000000000000000000000
000000000000000000001100000000000010100000000000000000000000000000000000000000001100000000010000000000000000000000000000000000000000000000000000000000000000000000000000000000101000000000011000000000001100000000000000001100000000000101000000000000000000000000000000000000000000000000000000000110000000
000000000000000000010010000000000010010000000000000000000000000000000000000000000101101001010000000000000000000000000000000000000000000000000000000000000000000000000000000000010000000000000000000000001100000000000000000000000000000101000000000000000000000000000000000000000000000000000000000110000000
000000000000000000001100000000000001100000000000000000000000000000000000000000001000010010011000000000000000000000000000000000000000000000000000000000000000000000000000000000000000000000000000000000000000000000000000000000000000000010000000000000000000000000000000000000000000000000000000000000000000
000000000000000000000000000000000000000000000000001110000000000000000000000000000000001100011100000000000011000000000000000000000000000000000000000000000000000001100000000000000000000000000000000000100000000000000000000000000000000000000000000001000000000000000000000000000000000000000000000000000000
000000000000000000000000000000000000000000000000010001000000000000000000000000000000000010000100000000000100100000000000000000000000000000000000000000000000000001100000000000000000000000000000000001010000000000000000000000000000000000000000000010100000000000000000000000000000000000000010000000000000
000000000000000000000000000000000000000000000000100100100000000000000000000000000000000011111100000000000011000000000000000000000000000000000000000000000000000000000000000000000000000000000000000001010000000000000000000000000000000000000000000010100000000000000000000000000000000000000101000000000100
000000000000000000000000000000000000000000000000100100100000000000000000000000000000000011100000000000000000000000000000000000000000000000000001110000000000000000000000000000000000000000000000000000100000000000010000000000000000000000000000000001000000000000000000000000011100000000000101000000001010
000000000000000000000000000000000000000000000000010001000000000000000000000000000000000001100000000000000000000000000000000000000000000000000000000000000000000000000000000000000000000000000000000000000000000000010000010000000000000000000000000000000000000001100000000000000000000000000010000000001001
000000000000000000000000000000000000000000100000000000000000000000101000000000000000000001000000000000000000000000000000000000000000000000000000000000000000000000000000000000000000000000000000011000000011000000010000101000000000000000000000000000000000000001100000000001000001000000000000000000000110
000000000000000000000000000000000000000001010000000000000000000011010100000000000000000001000000000000000000000000000000000000000000000000000000000000000000000000000000000000000000000000000000100100000100100000000010010000000000000000000000000000000000000000000000000001000001000000000000000000000000
000000000000000000000000000000000000000001010000001000000001000011000010000000000000000000000000000000000011000000000000000000000000000000000000000000000000000000000000000000000000000000000000011000000011000111000010100000000000000000000000000000000000000000000000000001000001000000000000000000000000
000000000000000000000000000000000000000000100000010100000001100001010011000000000000000000000000000000000011000000000000000000000000000000000000000000000000000000000000000000000000000000000000000000000000000000000010000000000000001100000000000000000000000000000000000000000000000000000000000000000000
000000000000000000000000000000000000000000000000000100000000010001011110000001000000000000000000000000000000000000000000000000000000000000000000000000000000000000000000000000000000000000000000000000100000000000010000000000000000001100000000000000000110000000000000000000011100000000000000000000000000
000000010000000010000010000000000000000000000000011100000011100000101000000001000000000000000000000000000000000000000000000000000000000000010000000000000000000000000000000000000000000000000000000001010000000000010000000000000000000000000000000000000110000000000000000000000000000000000000100000000000
000000010000000010000010000000000000000000000000000000000011000000111000000000100000000000000000000000000000000000000000000000000000000000010000000000000000000000000000000000000000000000000000000001010000000000010000000000000000000000000000000000000000000000000000000000000000000000000000100000000000
000000010000000011000110000001110000000000000000000101100000000000011100110000011000000000000000000000000000000000000000000000000000000000010000000000000000000000000000000000000000000000000000000000100000000000000000000000000000000001110000000000000000000000000000000000000000000000000000100000000000
000000000000000000000000000000000000000000000000000000010000000000000110000101111000000000000000000000000000110000000000000000000000000000000000000000000000000000000000000000000000000000110000000000000000000000000000000000000000000000000000000000000000000000000000000000000000000000000000000000000000
000000000000111001101100111000000000000000000000000110101000000000000110000001010000000000000000000000000000110000000000000000000000000000000000000000000000000000000000000000000000000001001000000000000000000000000000000000000000000000000000000000000000000000001100000000000000000000000000000000000000
000110000000001010101010100000000000000000000000000001000000000000000000000001000000000000000000000000000000000000000000000000000000000000000000000000000000000000000000000000000000000001001000000000000000000000110000000000000000000000000000000000000000000000001100000000000000000000000000000000000000
000110000000000011000110000000000000000000000000000000000000000000000000000110000000000000000000000000000000000000000000000000000000000000000000000000000000000000000000000000000000000000110000000000000000000000110000000000000000000000000000000000000000000000000000000000000000000000000000000000000000
