300 300
000000000000001100000000000000000000000000000000000000000000000000000000000000000000000111000111000000000000000000000000000000000000000000010000000000000000000000000000000000000000000101000000000111000000000000000000000001000000000000000000000000000000000000000000000000000000000000000000000000000000
000000000000010010011100000000000000000000000000000000000000000000000000000000000000010000101000010000000000000000000000000000000000000000101000000000010000000000000000000000000000001000000110101100100000000000000000000001000000000000001100000000000000000000000000000000000000000000000111000000000000
000000000000001100000000000000000000000000000000000000000000000000000000000000000000010000101000010000000000000000000000000000000000000000101000000000010000000000000000000000000000001001000111000001100000000000000000000001000000000000010010000000000000000000000000000000000000000000000000000000000000
000000000000000000000000000000000000000000000000000000000000000000000110000110000000010000101000010000000000000000000000000000000000000000010000000000010000110000000000000000000000001110000010000000000000000000000000000000000000000000010100000000000000000000000000000000000000000000000000000000000000
000000000000000000000000000000000000000000000000000000000000000000001001000110000000000000000000000000000000000000000000000000000000000000000000000000000001101000000001110000000000000001010100000000000000000000000000000000000000000000001000000000000000000000000000000000000000000000000000000000000000
000000000000000000000000000000000000000000000000000000000000000000000110000000000000000111000111000000000000000000000000000000000000000000000000000111000010001000000000000000000011000100000010000000000000000000000000000000000000000000000000000000000000000000000000000000000000000000000000000000000000
000000000000000000000000000000000000000000000000000000000000000000000000000000000000000000000000000000000000000000000000000000000000000000000000000000000010110000000000000000000011001010010010000000000000000000000000000000000000000000000000000000000000000000000000000000000000000000000000000000000000
000000000000000000000000000000000000000000000000000000000000000000000000000000000000000000000000000000000000000000000000000000000000000000000000000000010001100000000000000000000000000000011100000000000000000000000001100000000000000000000000000000000000000000000000000000000000000000000000000000000000
000000000000000000000000000000000000000000000000000000000110000000000000000000000000000000000000000000000000000000000000000000000000000000000000000000010000000000000000000000000000000110111000000000000000000000000001100000000000000000000000000000000000000000000000000000000000000000000000000000011000
000000000000000000000000000000000000000000000000000000000101000000000000000000000000000000000000000000000000000000000000000000000000000000000000000000010000000000000000000000000000000000100000000011000000000000000000000000000000000000000000000000000000000000000000000000000000000000000000000000011000
110001100000000000000000000000000000000000000000000000000010000000000000000000000000000000000000000000000000000000000000000000000000000000000000000000000000000000000000000000000000001000000000000100100000000000000000000000000000000000000000000000000000000000000000000000000000000000000000000000000000
110001100000000000000000000000000000000000000000000000000000000000000000000000000000000000000000000000000000000000000000000000000000000000000000000000000000000000000000000000000000001000000000000011000000000000000000011000000000000000000000000000000000000000000000000000000000000000000000000000000000
000000000000000000000000000000000000000000000001000000000000000000000000000000000000000000000000000000000110000000000000000000000000000000000000000000000000000000000000000000000000000001000000000000000000000000000000011000000000000000000000000000000000000000000000000000000000000000000000000000001100
000000000000000000000000000000000000000000000001000000000000011000000000000000000000000000000000000000000110000000000000000000000000000000000000000000000000000000000000000000000000001001000000000000000000000000000000000000000000000000000000000000000000000000000000000000000000001100000000000000001100
000000000001100011000000000000000000000000000001000000000000011000000000000000000000000000000000000000000000000000000000000000000000000000000000000000000000000000000000000000000000001010000000000000000000000000001110000000000001000000000000000000000000000000000000000000000000001100000000011100000000
000000000001100011000000000000000000000000000000000000000000000000000000000000000000000000000000000000000000000000000000000000000000000100000000000100000000000000000010000000000000000001000000000000000000000000000000000000000001000000000000000000000000000000000000000000000000000000000000000000000000
000000000000000000000000000000000000000000110000000000000000000000000000000000000000000000000000000000000000000000000010000000000000001010000000000100000000000000000101000000000000111000110000000000000000000000000000100000000001000000000000000000000000000000000000000000000000000000000000000000000000
001110000000000000001100000000000000000000110000110000100000000000000000000000000000000000000000000100000000000000000010000000000000000110000000000100000000000000000110000000000000110001011000000000000000000000000000100000000000000000000000000000000000000000000000000000000000000000000000000000000000
010001000000000000010010000000000000000000000000110000100000000000000000000000000000000000000000000100000000000000000010000000000000000000000000000000000000000000000000000000000000100010100000000000000000000000000000100000011100011100000000000000000000000000000000000000000000001000000000000000000000
000000000000000000001100000000000000000000000000000000100000000000000000000000000000000000100000000100000000000000000000000000100000000000000000000000000000000000000000000000000000000000000000000000000000000000000000000000000000000000000000000000000000000000000000000000000000001000000000000000000000
000000000000000000000000000000000000000000000000000000000000000000000000000000000000000001110000000000000001110000000000000000100000000000000000000000000000000000000000000000000000000000000000000000000000000000001110000000000001000000000000000000000000000000000000000000000000001000000000000000000000
100111000000000000000000000000000000110000000000000000000000000000000000000000000000000001110000000000000000000000000000000000100000000000000000000000000000000000000000000110000000000000000000000000000000000000000000000000000001000000000000000000000000000000000000000000000000000000000000000000000000
000010000000000000000000000000000000110000000000000000000000000000000000000000001110000000000001000000000000000000000000000000000000000001100000000000101000000000000000000110000000000000000000000000000000000000000000000000000001000000000000000000000000000000000000000000000011100011100000000000000000
000000000000000000110000000000000000000000000000000000000000000000000000000000010101000000100011100000000000000000000000000000001110000001100000000011100100000000000000000000000000000000000000000000000000000000000000000000000000000000000000000000000000000000000000000000000000000000000000000000000000
000110000000000000110000000000000000000000000000000000000111000000000000011100000010101000100011010000000000000000000000000000000000000000000000000000100000000000000000000000000000000000000000000000000000000000000000000000000000000000000000000000000000000000000000000000000000001000000000000000000000
000110000000000000000000000000000000000000000000000000001000100000000000000000000001101000100011011000000000000000000000000000000000000000000000000001011000000000000000000000000000000000000001100000000000000000000000000000000000000000100000000000000000000000000000000000000000001000000000000000000000
000000000000000000000000000000000000000000000000000000000000100000000000000000001111111000000011110000000000000000000000000000000000000000000000000010111000000000000000000000000000000000000010010000000000000000000000000001100000000001010000000000000000000000000110000000000000001000000000000100000000
000000000000000000000000000000000000000000001000000000001101100000000000000000001010111000001111100000000000000000000000000000000000000000000000000010010000000000000000000000000000000000000001010000000000000000000011100011000000011001010000000000000000000000000110000000000000000000000000000100000000
000000000000000000000000000000000000000000001010000000000010000000000000000000000000011000011000000000000000000000000000000000000000000000000000000011000000100000000000000000000000000000000000100000000000000000000010110010000000011000100000000000000000000000000000000000000000000000000000000100000000
000000000000000000000000000000000000000000001100000000000000000000000000000000000000001000011100000000000000000000000000000000000000000000000000000000000001000000000000000000000000000000000000000000000000000000000001101100000000000000000000000000000000000000000000000000000000000000000000000000000000
000000000000000000000000000000000000000000000000000000000000000000000000000000000000000000001001000000000000000000000000000010000000000000000000000000000001000000000000000000000000000000000000000000000000000000000000000100000000000000000000000000000000000000000000000000000000000000000000000000000000
000000000000000000000000000000000000000000000000000011000011000000000000000000000000000000000110000000000000000000000000000101000000000000000000000000000000000000000000000000000000000000000000000000000000000000000001101000000000000000000000000000000000000000000111000000000000000000000000000000000000
000000000000000000000000000000000000000000000000000011000000100000000000000000000000000000000000000000000000000000000000000010000000000000000000000011101000000000000000000000000000000000000000000000000000000000000010000000011101110000000000000000000000000000000000000000000000000000000000000000000000
000000000000000000100000000000000000000000000000000000000000000000000000000000000000000000000000000000000000000000000000000000000000000000000000000101011100000000000000000000000000000000000000000000000000000000000011100001001111011000000000000000000000000000010000010000000000000000000000000000000000
000000000000000001010000000000000000000000000000000000000000000000000000000000000000000110000000000000000000000000000000000000000000000000000000000100000010000000000000000000000000000000000000000000000000000000000000000000001101011000000000000000000000000000010000010000001100000000000000000000000000
000000000000000001001000000000000000000000000000000000000000000000000000000000000000001001000100000000000000000000000000000000000000000000000000000010100111000000000000000000000000000000000000000000000000000000000000000100000001011000000000000000000000000000010000010000001100000000000000000000000000
000000000000000000110000000000000011000000000000000000000000000000000000000000000000000101001010000000000000000000100000000000000001000000000000000000100000100000000000000000000000000000000000000000000000000000000000000000000011010000000000000000000000000000000000000000000000000000000000000000000000
000000000000000000000000000000000010100000000000000000000000000000000000000000000000000010001010000000000000000001010000000000000010100000000000000000010111000000000000000000000000000000000000000000000000000000000000000111000001100000000000000000000000000000000111000000000000000000000000000000001100
000000000000000000000000000000000001000000000000000000000000000000000000000000000000000000000100000000011000000000100000000000000010100000000000000000000100000000000000000000000000001000000000000000000100000000000000000000000000000000000000000000000000000000000000000000000000000000000000000000001100
000000000000000000000000000000000000000000000000000000011000000000000000000000000000000000000000000000011000000000000000000000000001000000000000000000000000000000000000000000000000010010000000000000000001000000000110000000000000000000000000111000000000000000000000000000000000000000000000000000000000
000000000000000000000000000000000000000000000000000000100100000000000000000000000000000000000000000000000000000000000000000000000000000000000000000000000000000000000000000000000000100000100000000001100000000000000110000000000000000000000000000000000000000000000000000000000000000000000000000000000000
000000000000000000000000000110000000000000000000000000001000000000000000000000000000000000000000000000000000000000000000000000000000000000000000000000000000000000000110000000000000100000000000000001101000000000000000000000000000000000000000000000001100000000000000000000000000000000000000000000000000
000000000000000000000000001001000000000000000000000000000000000000000000000000000000000000000000000000000000000000000000000000000000000000000000000000000000000000000110000000000001110100100000000001110010000000000000000000000000000000000000000000001100000110000011000000000000000000000000000000000000
000000000000000000000000000101000000000000000000000000000000000001100000000000000000000000000000000000000000001000010000000000000000000000000000000000000000000000000000000000000000000011000000000000000111000000000000000000000000000000000000000000000000000110000011000000000000000000000000000000000000
000000000000000000000000000010000000000000000000000000000000000000011000000000000000000000000000000000000000001000010000000000000000000000000000000000000000000000000000000000011000000000000000000000010010000000000000000000000000000000000000000000000000000000000000000000000000000000000000000000000000
000000000000000000000000000000000000000000000110000000000110000100011000000000000000000000000000000000000000001000010000000000000000000000000000000000000000000000000000000000101000000000000000000000011100000000000001100000000000000000000000000000000000000000000000000000000000000000000000000000000000
000000000000000000000000000000000000000000010110000000110100001000000000000010000000000000000000000000000000000000000000000000000000000000000000000011001100000000000000000000010000000000000000000000001000000000000010010000000110000000000000000000000000000001000000000000000001000000000000000000000000
000000000000000000000000000000000000000000110101000000000100000100010000010100000000000000000000000000000000000000000111000000000000000000000000000101001100000000000000000000000000001101000000000000000000000000000001100000000110000000000000000000000000000010100000000000000010000000000000011000000000
000000000000000000000000000000000000000000010101000000101000000100000001000010001000000000000000000000000000000000000000000000000000000000000000000010000000000000000000000000000000000101000000000000000000100000000000000000000000000000000000000000000000000010100000000000000110100000000000011000000000
000000000000000000000000000000000000000000001110000000001000000010100001000001110100000000000000000000000000000000000000000000000000000000000000000000000000000000000000000000000000000000010110000000000000011000000000000000000000000000000000000000000000000001000000000000000011110000111000000000000000
000000000000000000000000000000000000000000001110000000000000000010000001000001000110000000000000000000000000001000000000000000000000000000001100000000000000000000000000000000000000010001000001000000000000110000000000000000000000000000000000000000000000000000000000000000000010011000101000000000000100
000000000000000000000000000000000000011100000000100000000000000001000001110000001100000000000000000000000000001000000000000011000000000000010010000000000000000000000000000000000000010001000001000000000000000000000000000000000000000000000000000000000000000000000000000000000000011000111000000000000100
000000000000000000000000000000000000101100000000100000000000000001000000100000111000000000000000000000000000001000000000000100100000000000001100000000000000000000000000000000000000001001100011000000000000000000000000000000000000000000000000000000000000000000000000000000000000000000000000000000000100
000000000000000000000000000000000001100100000000000000000000000000000000010000110000000000000000000000000000000000000000000010100000000000000000000000000000110000000000000000000000000110001100000000000000000000000000000000000000000000000000000000000110000000000000001101100010100000000000000000000000
000000000000000000000000000000000000000100000000000000000000011100000000010000000000000000000000000000000000000000000000000001000000011100000000000000000001001000000000000000000000000000000000000000000000111000000000000000000000000000000000000000000110000000000000010000010011100000000000000000000000
000000000000000000000000000000100000010100000000000000000000000000000000000100000000000000000000000000000000000000000000000000000000000000000000000000000000110000000000000000010000000000000000000000000000000000000000000000000000000000000000000000000000000000000000001110100001000000000000000000000000
000000000000000000000000000001010000000000001110000000000000000001000000000000000000000000000000000000000000000000000000000000000000000000000000000000000000000000000000000000010000000000000000000000000000000000000000000000000000000000000000000000000000000000000000000001000000000000000000000000000000
110000000000000000000000000000100000000000000000100000000001100001000000001100000000000000000000000000000000000000000000000000000000000000000000000000000000000000110000000000000000000000000000000000000000000000000000000000000000000000000000000000000000000000000000000000000000000000000000000000000000
110000000000000000000010000000000000010000010000010000000010010001000000001100000000000000000000000000000000000000000000000000000000000000000000000000000000000000110000000000001001100000000000000000000000000000000000000000000000000000011100000000000000000000000000000000000000000000000000000000000000
000000000000000000000101000000000000100100010000000000000010100000000000000000000000000000000000000000000000000000000000000000000000000000000000000000000000000000000000000000000100100000000001100000000000000000100000000000000000000001101010000000000000000000000000000000000000000000000000000000000000
000000001100000000000101000000000000100100001000001000000001000000000000000000000000000000000000000000000000000000000000000000000000000111000000000000000000000000000000000000000111000000000001100000000000000001010000000000000011000001100011000000000000000000000000000000000000000000000000000000000000
000000010010000000000010000000000000101000001000011000000000000000000000000000000000000000000000000000000000000000000000000000000000001001000000000000000000000000000000000000000000000000000000000000000000000001010000000000000100100001101101100000000000011100000000000000000000000000000000000000000000
000000001100000000000000001010000011000000000000011000000000000000000000000111000000000000000000000000000000000000000000000000000000001000100000000000000000000000000000000000000000000000000000000000000000000000100000000000000011000001000000010000000000000000000000000000000000000000000000000000000000
000000000000000000000000010010000011000000000100000100000000000000000000000000000000000000000000000000000000000000000000000000000000001001000000000000000000000000000000000000000000000000010000000000000000000000000000000000000000000010000111100000000000000000000000000000000000000001000000000000000000
000000000000000000000000001010001100100000000010011000000000000000000000000000000000000000000000000000000110000000000000000000000000000101000000000000000000000000000000000000000110000001111000000000000000000000000000000000000000000010000111000000000000000000000000000000000000000110110000000000000000
000000000000000000000000000000001100100000000001110000000000000000000000000000000000000000000000000000000110000000000000000000000000000000000000000000000000000000000000000000000110000111010100000000000000000000001100000000000000000010001000000000000000000000000000000000000000000110110000000000000000
000000000000000000000000000000000111000000000000000000000000000000000000000000000000000000000000000000000000000000000000000000000000000000000000000000000000000000000000110000000000001101100100000000000000000000001100000000000000000000110000000000000000000000000000000000000000000000010000000000000000
000000000000000000000000000000000010000000000000000000000000000000000000000000000000000000000000000000000000000000000100000000000000101100000000000000000000000000000000110000000000010000111100000000000000000000000000000001110000000000000000000000000000000000000000000000000000000000010110000000000000
000000000000000000000000000000000000000000000000000000001100000000000000000000000000000000000000000000000000000000001010000000000000110010000000000000000000000000000000000000000000001110000000000000000000000000000000000011111100000000000000000000000000000000000000000000000000000011111001000000000000
000000000000000000000000000000000000000000000000000001010001000000000000000000000000000000000000000000000000000000001001000000000000000001000000000100000000000000000000000000000000000110000000000000000000000000000000000100100010100110000000000000000000000000000000000000000000000111000000100000000000
000000011000000000000000000000000000000000000000000011011000100000000000000000000000000000000000000000000000000100000110000000000100000111100001100010000000000000000000000000000000000000000000000000000000000000000000001000001000000110000000000000000000000000000000000000000000010010000100100000000000
000000011000000000000000000000000000000000000000000010101011110000000000000000000000000000000000000110000000001010000000000000001100010010011100000010000000000000000000000000000000000000000000000000000000000000000000000110101000000000000000000000000000000000000000000000000000001000000100000000000000
000110000000000000000000000000000001111000000000000000000100100000000000000000000110000000000000000110000000001010000000000000000100010001101111101001000000000000000001000000000000000000000000000000000000000000000000000001000001000000000000000000000000000000000000000000000001000000000001010000000000
000110000000000000000000000000000001000100000000000000001101000000000000000001100110000000000000000000011100000100000000000000000010010001100001000001000000000110000001000000000000000000000000000000000000000000000000000000000000010100000000000000000000000000000100000001000000001000000000010000000000
000000000000000000000000000000000001100100000000001000000100000000000000000001100000000000000000000000000000000000000000000000000001100001100100000000000000001001000001000000000000000000000001000000000000000000000000000000000000010100000000000000000000000000001010000010100110001000000000000000000000
000000000000000000000000000000000000011000000000010101100000000000000000000000000000000000000000000000000000000000000000000001100000000001101110010010000000000110000000000000011001100000000010100000000000000000000000000000000000000000000000000000000000000000001010000100010110001000000111000000000000
000001000000000000000000000000000000000000000000100101100000000000000000000000000011000000000000000000000000000000000000000011000000000000001100001100000000000000000000000000011001100000000010100000000000000000000000000000000000000000000000000000000000000000000100000100000110010011100110100000000000
000111100000000000000000000000000000000000000000011100000000000000000000000000000011000000000000000000000000000000000001101000000000000000000000000000000000000000000000000000000000000000000001000000000000001000000000000000000000000000001110000000000000000000000000000101001010100100100000100000000000
001110100000000000000000000000000000000000000000000001110000000000000000000000000000000000000000000000000000000000000010000011100000000000001000000010000000000000000000000000000000000000000000000000000000010100000000000000000000000000010010000000000000000000000000000100001011000100011011000000000000
010100000001000000000000000000000000000110000000000001100000000000000000000000000000000000000000000000000000000000000010001011110100000000011000010100000000000000000000000000011000000000110000000000000000010100000000000000000000000000100010000000000000000000000000000011100010000110110110000001100000
011100000111100000000000000000000000000110000000000001100000011100000000000000000000000000000000000000000000000000000001001000000010000000111000000000000000000000000000000000011000000001001000000000000000001000000000000000000000101000010100000000000000000000000000000001001000000000010000000001100000
001100000010010000000000001000000001000000010000000000010000110010000000000000000000000000001100000000000000000000000000000010010001000001100000001000000000000000000000000000000000000000110000000000000000000000000000000000000000101000000000000000000000000000000000000000000000000001110000000000000000
000000011001011000000000001000000010100000101000000000000000101001000000000000000000000000001100000000000000000000000000000000001010000000000000110000000000000000000000000000000000000000000000000000000000000000000000000000000010000000000000000000000000000000000000010000000000000000110000000000000000
000000001000110000000000001000000010100000110001000010100001000110000000000000000000011000000000000000000000000000000000000000000000000000011011000000000000000000000000000000000000000000000000010000000000000000000000000000000010010000000000000000000000000000000000101000000000000001000000000000000000
000000001000000000000001000001000001000000000011000000110101000000000000000000000000011000000000000000000000000000000000000000000000000000001010000000001000000000000000000000000000000000000000101000000000000000000000000000000010001000000000000000000000000000000000011000000000000000000000000000000000
000000000101000000000010100010100000000000000000010000000000000100000000000000000000000000000000000000000000000000000000000000000000000000000001000000001000000000000000000000000000000000000000101000000000000000000000000000000000000000000000000000000000000000000000000000000000000000000000000000000000
000000000010000000000010100010100000000000001111000001101101101010000000000000000000000000000000000000000000001100000000000000000000000000001000000000001000000000000000000000000000000000000000010000000000000000000000000000000000111000000000000000000000000000000000000000000000000000000000000000000000
000000000000000000000001000001000000011100011011000111011100011010000000001100000000000000000000000000000000010010000000000000000000000000000000000000000000000000000000000000000000000000000000000000000000000000000000000000000000000000000000000000000000000000000000000000010000000000000000000000000000
000000000000000000000000000000000000000000001011000110001110100100000000010110000000000000000000000000000000100100000000000000000000000000000100100000000000000000000000000000000000000000000000010000000000000000000000000000000000000000000000000000000000000000000000000000101000000000000000000000000000
000000000000000000000000001100000000000001000111000100000000011000000000000011000000000010000000000000000001100000000000000000000000000000000011000000000000000000000000000000000000000000000000101000000000000000000000000000000000000000000000000000000000000000000000000000011000000000000000000000000000
000000000000000000011000001100000000000001000010000000000000010000000000000011000000000101000000000000000000101100000000000000000000000000010000000000000000000000000000000000000000000000000000101000000000000000000000000000000000011100000000000000000000000000000000000000000000000000000000000000000000
000000000000000000011000000000000011000001000000001110000011101001111110000110001000000101000000000000000110101000000000000000000000000000010000000000000000000000000000000000000000000000000000010000000000000000000000000000000000001000000000000000000000000000000000010000000000000000000000000000000000
000000000000000000000000000000000011000000000000001110000011101101100000000100010100000010000000000000000001000000110000000000000000000000010000000000000000000000000000000000001000000000000000000000000000000000000000000000000000001000000000000000000000000000000001001000000000000000000000000000001100
000000000000000010000000000000000000000000000000000100000011000100000001000000010100000000011000000000000010000000110000000000000000000000000000000000000000000000000000000000001000000000000000000000000000000000000000000000000000011100000000000000000000000000000001001000000000000000000000000000001100
000110000000000101110000000000000000000000000000000000000000110100010000000000001000000000011000000000001010000000000000000000000000000000000000000000000000100000000000000000001000000000000000000000000000000000000000000000001100000000011100000000000000000000000000100000000000000000000000000000000000
000110000000000010001100000000000000000000000000000000000000010100000000000000000000000000000101000000001001000000000000000000000000000000000000000000000001010000000000000000000000000000000000000000000000000000000000000000001100000000000000000000000000110000000000000000000000000000000000000000000000
000000000110000011101100000000000000000000000000000000000000001000001001000000000000000000000011100000000110000000000000000000000000000000000000000000000000100000000000000000000000000000000000000000000000000000000000000000000000000000000000000000000000110000000000000000000000000000000000000000000000
000000000101010011000000000000000000000000000000000000000000000000000001000000000000000000000001111000000000000001000000000000000000000000000000000000000000000000000000000000000000000000000000000000000000000000000000000000000000000000000000000000000000000000000000000000000000000000000000000000000000
000000000010011100010001100000000000000000000000000000000000000000000111000000000000000000000000100100000000000001000000000000000000000000000000000000000000000000000000000000000000000000000000000000000000000000000000000000000000000000000000000100000000000000000000000000000000000000000000000000000000
000000000000000011010011000000000000000000000000000000000000000000000000000000000000000000000000101000000000000001100000000000000000000000000000000000000000000000000000000000000000000000000000000000000000000000000000000000000000000000000000001010000000000000000000000000000000000000000000100000000000
000000000000000000000010000000000000000000000000000000000000000000000000000000000000000000000000010000000110000000010000000000000000000000000000000000000000000000000000000000000000000000000000000000000000000000000000000000000000000000000000001100000000000000000000000000000000000000110001100000000000
000000000000000000000000000000000000000000000000000000000000000000000000000000000000000000000000000000000011000001001001100000000000000000000000000000000000000000000000000000000000000000000100000010000000000000000000000000000000000000000000000000000000000000000000000000000000000000110001100000000000
000000000011000000000000000000000001100000000000000000000000000000000000000000000000000110000000011110000000110000110010010000000000000000000000000000000000000000000000000000000000000000001001100001000000000000000000000000000000000000000000000000000000000000000000000000000000000000000001000000000000
000000000000100000000000000000000001100000000000000000000000000000000000000000000001110101000000000010000000110000000001100000000000000000000000000000000000000000000000000000000000000000011001100001000000000000000000000000000000000000000000000000000000000000000000000000000000000000000000000000000000
000000000011000000000000000000000000000000000000000000000000000000000000000000000001010100000000011010000001000000000000000000001000000000000000000000000000000000000000000000000000000000001011000001000000000110000000000000010000011100000000000000000000000000000000000000000000000000000000000000000000
000000000000000110000000000000000000000000000000000000000000000000000000000000000000110110000111000001010110000000000000000000001000000000000000000000000000010000000000000000000000000000000111001100000000000110000000000000010000000000000000000000000000000000000000000000000000000000000000000000000000
000000000000000110000000000000000000000111000000000000000110000000000000000000000000111010000101000000000000000000000000000000001000000000000000000000000000101000000000000000000000000000000000000000000000000000000000000000010000000000000000000000000000000000000000000000000000000000000000000000000000
000000000000000000000000000000000000000000000000000000001001000000000000000000000001000010000110000000000000000000000000000000000000000000000000000000000001001000000000000000000000000000000000001100000000000000000000010000000011000000000000000000000000000000000000000000000000000000000000000000000000
000000000000000000000000000000000000010000000000000000000110000000000000000000000001110000000000000000000000000000000000000000000000000000000000000000000000110000000000000000000000000000000000000010000000000000000000010000010001100000000000000000000000000000000000000000000000000000000000000000000000
000000000000000000000000000000000000010000000000000000000000000000000000000000000000000000000000010000000000010000000001100000000000000000000000000000000000000000000000000000110000000000000001110100000000000000000000010001100000000010110000000000000000000000000000000000000000000000000000000000000000
000000000000000000000000000000000000010000000000000000000000011000000000000000000000000000000000100000000000010000000010110000000000000000000000000000000000000000000000000000101000000000000010001000000000001100000000000110110010100010001000000000000000000000000000000000000000000000000000000000000000
000000000000000000000000000000000000000000000000000000000000011000000000000000000000000000000000110000101100011000000010001000000000000000000011000000000000000000000000000000010000000000000000000000000000001100000000000110110010100001111110000000000000000000000000001000000000000000000000000000000000
000000000000000000000000000000000000000000000000000001000000000000000000000000000000000000000000000000000010111100000001110000000000000000000011000000000000000000000000000000000000000000000111110000000000000000000000000110011000010000010110000000000000000000000000001000110000000000000000000000000000
000000000000000000000000000000000000000000000000000011100000000000000000000001100000000000000000000000100010100010000000100000000000000000000000000000000000000000000000000000000000000000000000010000000000000000000000000001011001100000000001000000000000000000000000001000110000000000000000000000000000
000100000000000000000000000000000000000000000000000110110000000000000000011010001001000000000000000000100000101100000000000000000000000000000000000000000000000000000000000000000000000000000010100000000000000000000000000001110000010000001110000000000001100000000000000000000000000000000000000000000000
001010000000000000000000000000000000000000000000001110111000000000000000100010001001000000000000000000010001101000000001100000000000000000000000000000000000000000000000000000000000000000000011100000000000000000000000000000000000000000001110000000000001100000000000000000000000000000000000000000000000
001100000000000000000000000000000000000000000000000110110000000000000011000010001001100000000000000000011010010000000001100000000000000000000000000000000000000000000011000000000000000001100000000000000000000000000000000000000000000000000000000000000000000000000000000001100000000000000000000000000000
000000000000000000000000000000000000000011000000000011100000000000000000000011110000000000000000000000000111111000000000000000000000000000000000000000000000000000000100100000000000000010010000000000000000000000000000000000000000000000000000000000000000000000000000000001010000000000000000000000000000
000000000000000000000000000000000000000011000000000001000000000000000010000000100000000000000000000000000110101000000000000000000000000000000000000000000000000000000011000000000000000010100000000000000000000000000000000000000000000000000000000000000000000000000000000001110000000000000000000000000000
000000000000000000000000000000000000000000000000000000011000000000000010110001000000000000000000000000000000001100000000000000000000000000000000000000000000000000000000000000000000000001000000000000000000000000000000000000000000000000000000000000000000000000000000001000101000000000000000000000000000
000000000000000000000000000000000000000000000000000000100100000000000000010001000000000000000000000000000000010000000000000000000000000000000000000110000010000000000000000000000000000000000000000000000000000000000000000000000000000000000000000000000000000000000000011100000000000000000000000000000000
000000000000000000000000000000000000000000000000000000101000000000000000001100100000000000000000000000000000000000000000000110000000000000000000000110000101000000000000000000000000000000000000000000000000000000000000000000000000000000000000000000000000000000000000010100000000000000000000000000000000
000000000000000000000000000000000000000000000000000001010000000000000000001011010000000000001110000000000000000000000000000110000000000000000000000000000101000000000000000000000000000000000000000000000000000000000000000000000000000000000000000000000000000000000001100000000000000000000000000000000000
000000000000000000000000000000000000000000000000000001100001100000000000000001010000000000000000000001000000000000000000000000000000000000000000000000000010000000000000000000000000110000000000000000000000000000000000000000000000000000000000000000000000000000000011000000000000000000000000000100000000
000000000000000000000000000000000000000000000000000000000010001000000000000000100000000000100000100001000000000000000000000000000000000000000000000000000000000000000000000000000000110000000000000000000000000000000000000000000000000000000000000000000000000000000001100000000000000000000000001010000000
000000000000000000000000000000000000000000000000000000000000010000000000000000000000000000100000100001000000000000000000000000000000000000000000000001100000001100000000000000000000000001000000000000000000000000000000000000000000000000000000000000000000000000000000000000000000000000000000001010000000
000000000000000000000000000000000000000000000000000000000010000000000000000000000000000000100000100000000000000000000000000000000000000000000000000010010000010010000000000000000000000010100000000000000000000000000000000000000000000000000000000000000000000000000000000000000000000000000000000100000000
000000000000000000000000000000000000000000000000000000000000000000000000000000011000000000000000000000000000000000000000000000000000000000000000000001100000001100000000000000000000000011000000000000000000000000000000000000000000000011100000000000000000000000000000000000000000000000000000000000000000
000000000001100000000000000000000000000000000000000000000000000000000000000000011000000000001110000000000000110000000000000000000000000000000000000000000000000000000000000000000000000000000000000000000000000000000000000000000000000000000000000000000000000000000000000000000000000000000000000000000000
000000000001100000000000000000000000000000000000000000000000000000000000000000000000000000000000000000000000110000000000000000000000000010000000111000000010000000000000000000000000000000000000000000000000000000000000000000000000000000000000000000100000000000000000000000000000000000000000000000000000
000000000000000000000000111000000100000000000000000000000000000000000000000000000000000000000000000000000000000000000000000000000000000101000000000000000101000000000000000000000000000000000001100000000000000000000000000000000000000000000000000001010000000000000000000000000000000000000000000000000000
000000000000000000000000000000001010000000010000000000000000000000000000000000000000000000000000000000000000000000000000000000000000000110000000000000000101000000000000000000000000000000000010010000000000000000000000000000000000000000000000000001010000000000000000000000000000000000000000000000000000
000000000000000100000010000010000100000000011100111000000000000000000000000000000000000000000000000000000000000000000000000000000000000000000000000000000010000000000000000000000000000000000001100000000000000000000011000000000000000000000000000000100000000000000000000000000000000000000000000000000000
000000000000001010000010000010000000001100000011100100000011000000000000010000000000000000000000000000000000000000000000000000000000000000000000000000000000000000000000000000000000000000000000000000000000000000001001000000000000000000000000000000000000000000000000000000000000000000000000000000000000
000000000000010010000010000010000000110000011100000100000011000000000000101000011000000000000000000000000000000000000000000000000000000000000000000000000000000000000000000000000000000000000000000000000000000000000001000000000000000000000000000000000000000000000000000000000000000000000000000000000000
000000000000001100000000000000000000100010011000101000000000000000000001000100011000000000000000000000000000000000000000000000000000000000000000000000000000000000000000000000000000000000000000000000000000000000000000000000000000000000000000000000000000000000000000000000110000000000000000000000000000
000000000000000000000000111000000000000011000000110000000000000000000001000100000000000000000000000000001000000000000000000000000110000000110000000000000000000000000000000000000000000000000000000000000001101000010000000000000000000000000000000000000000000000000000000000110000000000000000000110000000
000000000000000000000000000000000000010010011000000000000000000000000000110110000000000000000000000000001000000000000000000000001001000000110000000000000000000000000000000011100000000000000000000000000000100000110000000000000000000000000000000000000000000000000000000000000000000000000000000110000000
000000000000000000000000000000000000001100000000000000000000000000000000111011000000001100000000000000001000000000000000000000000110000000000000001000000000000000000000000000010000000000000000000000000000100010000101000000000000000000000000000000000000000000000000000000000000000000000000000000000000
000000000000000000000000000000000000000000000100000000000000000000000000011011100000001100000000000000000000000000000000000000000000000000000000001000000000000000000000000000001000000000000000000000000000100010001100000000000000000000000000000000000000000000000000000000000000000000000000000000000000
000000000000000000000000000000000000000000101000000000000000000000000000000111000000000000000000000000000000000000000000000000000000000000000000001000000000000000000000000011000100000000000000000000000000010010000001000000000000000000000000000000000000000000000000000000000000000000001100000000000000
000000000000000000000000000000000000000001110000000000000000000000000000000100000000000000000000000000000000000000000000000000000000000000000000000000100000000000000000000010000100000000000000000000000000001000001000000000000000000001000000000000000000000000000000000000000000000000001100000000000000
000000000000000000000000000000000000000011000000000000000000000000000000000000000000000000000000000000000000000000000000000000000000001110001100000001010000000000000000000010000000000000000000000000000000000000000000000000000000000001000000000000000000000000000000000000000000000000000000000000000000
000000000000000000000000000000000000000011000000000000000000000000000000000000000000000000000000000000000000000000000000000000000000010001001100000001100000000000000000000010010000000000000000000000000000000000100001000000000000000001000000000000000000000000000000000000000000000000000000000000000000
000000000000000000100000000000000000000000000000000000000000000001000000000000000000000000000000000000000000000000000000000000000000000001000000000000000000000000000000000000000000000000000000000000000000000000100010000000000000000000000000000000000000000000000000000000000000000000000000000000000000
000000000000000001010000000000000000000000010000000000000000000001000000000000000000000000000000000000000000000000000000000000000000000000100000000000000000000000000000000000001100000000000000000000000000000000100100000000000000011100011100000000000000000000000000000000000000000000000000000000000000
000000000000000001001000000000000000000000101000000000000000001000000000010000000000000000000000000000000000000000000000000000000000011111000000000000000000000000000000000000010011000011000000000000000000000000000000000000000000000000000000000000000000000000000000000000000000000000000000000000000000
000000000000000000110000000000011000000000101000000000000000110000000000100000000011000000000000000000000000000000000000000000000000000110000000000000000000000000000000000000011010110101100000000000000000000000000000000000000000000001000000011000000000000000000000000000000000000000000000000000000000
000000000000000000000000000000100100000000010000000000000001110000000000100000000011000000000000000000000000000000000000000000000000000000000000000000110000000000000000000000000110000100100000000000000000000000000000000000000000000001000000011000000000000000000000000000000000000000000000000000000000
010000000000000000000000000000101000000000000000000000000001000000000000000000000000000000000000000010000000000000000000000000000000000000000100000000110000000000000000000000000001100001100000000000000000000000000000000000000000000001000000000000000000000000000000000000000000000000000000000000000000
101000000000000000110000000000010000000000000000000000000000000001100000000000000000000000000000000101000000000000000000000011000000010000011100000000000000000000000011000000000000001011000000000000000000000000000000000000000001000000000000000000000000000000000000000000000000000000000000000000000000
101000000000000000110000000000000000000000000000000000000000010000100000000000000000000000000000000101000000000000000000000000000000101100000001000000000000000000000100100000001101110110000000000000000000000000000000000000000001000000000000000000000000000000000000000000000000000000000000000000000000
010000000000000000000000000000000000000000000000000000000000011100110000000000000000000000000000000010000000000000000000000000000000011110101101110000000000000000000011000000001011000100000000000000000000000000000000000000000001000000010000000000000000111000000000000000000000000000000000000000000000
000000000000000000000000000000000000000000000000000000000000100100110000000000000000000000000000000000000000000000000000000000000000001001001010100000000000000000000000000000111010000000000000000000000000000000000000000000000000000000101000000000000000000000000000000000000000000000000000000000000000
000000000000000000000000000000000000000000000000000000000000010011000000000000000000000000000000000000000000000000000000000000111000000001111111000000000000000000000000000000000010000100000000000000000000000000000000000000000000011100101000000000000010000010000000000000000000000000000000000000000000
000000110000000000000000000000000000000000000000000000000000100100000000000000000000000000000000000000011000000000000000000000111000000000000010001000000000000000000000000000000100001100110000000000000000000000000000000000000000000000010000000000000010000010000000000000000000000000000000000000000000
000000110000000000000000000000000000000000000000000000000001000101100000000000000000001100000000000000011000000000000000000000100110000000000000011100000000000000000000000000000100111101000000000000000000000000000000000000000000000000000000011000000010000010000000000000000000000000000000000000000000
000000000000000000000000000000000001110000000000000000000001000000000000000000000000001100000000000000000000000000011000000000001110000000000000100110000000000000000000000000000010001010000000000000000000000000000000000000000001000000000000011000000000000000000000000000000000000000000000000000000000
000000000000000000000000000000000000000000000000000000001110010000000000000000000000000000000000000000000000000000011000000000101110000000000001000000000000000000000000000000000000001000001000000000000000000000000000000000000010100000010000000000000000111000000000000000000000000000000000000000000000
000000000000000000000000000000000000000000000000000000011001100000000000000000000000000000000000000000000000000000000000000000101000000000000001000000000000000000000000000000000000000000001000000000000000000100000000000000000100100000010000000000000000000000000000000000000000000000000000000000000000
000000000000000000000000000000000000000000000000000000010011000000000000000000000000000000000000000000000000000000000000000000001000000000000000001000000000000000000000000000000000000000010000000000000000001010000000000000000011000000010000000000000000000000000000000000000000000000000000000000001000
000000000000000000000000000000000000000000010000000100001110000000000000000000001110000000000000000000000000000000000000000000000000000000000001001000000000000000001000000000100000000000100000000110000000000100000000000000000000000000000000000000000000000000000000000000000000000000000000000000010100
000000000000000000000000000000000000000000110000001010000000000000000000000000000000000000000000000000000000000000000000000000000000000000000001010000000000000000010100000001010000000000000000000110000000000000000000000000000000000111000111000000000000000000000000000000000000000000000000000000010100
000000000000000000000000000000000000000000110000001001000000000000000000000000000000000000000000110000000000000000000000010000000000000000000000000000000000000000010100000001010000000000000000000000000000000000000000000000000000000000000000000000000000000000000000000000000000000000000000000000001000
000000000000000000000000000000000000000000100000000110000000000000000000000000000000000000000000110000000000000000000000010000000111000000000000000000000000000000001000000000100000000000000000000000000000000000000000000000000000000000010000000000000000000000000000000000000000000000000000000000000000
000000000000000000000000000000000011000000000000000000011000000000000001000000000000000000000000000000000000000000000000010000001001000000000000000000000000000000000000000000000000000000000000000000000000000000000000000000000000000000010000000000000000000000000000000000000000000000000000000000000000
000000000000000000000000000000000011000000000000000000011000000000000010100000000000001110000000000000000000000000000000000000000001000000000000000000000000000000000000000000000000000000000101010000000000000000000000000000000000000000010000000000000000000000000000000000000000000000000000000000000000
000000000000000000000000000000000000000000000000000000000000000000000010100000000000000000000000000000000000000000000000000000010001000000000000000000000000000000000000000000000000000000001111100000000000000000000000000000000000000000000000000000000000000000000000000000000000000000000000000000000000
000000000000000000000001000000000000000000000000000000000000000000000001000000000000100000100000000000000000000000000000000000001000010000000000001100000000000000000000000000000001100000000000000000000000000000000000000000000000000000000000000000000000000000000000000000000000000000000000000001100000
000000000000000000000001000000000000000000000000000000010000000000000000000000000000100000100000000000000000000000000000000000000000010000000000001100000000010000000000000000000010100000000000000000000000000000000000000000000000000000000000000000000000000000000000000000010000000000000000000001100000
000000000000000000000001000000000000000000000000000000010000000110000000000000000000100000100000000000000000000000000000000000000000010000000000000000000000101000000000000000000011000000010001100000000000000000000000000000000000000000000000000000000000000000000000000000101000000000001110000000000000
000000000000000000000000000000000000000000000100000000010000000110000000000000000000000000000000000000000010000000000000000000001101000000000000000000000000101000000000000000000000000000010101011000000000000000000000000000000000000000000000000000000000000000110000000000101000000000000000000000000000
000000000000000000011100000000000000000000001010000000000000000000000000000000000000001110000000000000001000100000000000000000000000000000000000000000000000010000000000000000000000000000010001011000001000000000000000000000000000000000000000000000000000000001001000000000010000000000000000000000000000
000000000000000000000000000000000000000000000110000111000111000000000000000000000000000000000000000101011000100000000000000000000000000000000000000000000000000000000000000000000000000000110000100000001000000000000000000000000000000000000000000000000000000000110000000000000000000000000000000000000000
000000000000000000000000000000000000000000000000000000000000000000000000000000000000000000000000000011110000000000000000000100100000000000000000000000000000000000000000000000000000000000100010100000001000000000000000000000000000000000000000000000000000000000000000001100000001100000000000000000000000
000000000000000000000011000000000000011000000000000000010000000000000000000000000000000000000000000000011011000000011000001000100000000000000000000000000000000000000000000000000000000000011000100011000000000000000000000000000000000000000000000000000000000000000000010010000001100000000000000000000000
000000000000011100000011000000000000100100000000000000010000000000000000000000000000000000000000000000000010010100100100001100000000000000000000000000000000000000000000000000000000000000000100000011000000000000000000000000000000000000000000000000000000000000000000001100000000000000000000000000000000
000000000000000000000000000000010001001000000000000000010000000000000000000000000000000000000000000000000000110000100000010010111000000000000000000110000000000000000000000000000000000000000101100000000000000000000000000000000000000000000000000000000000000000000000000000000000000000000000000000000000
000000000000000000000000000000010000110000000000000000000000100000000000000000000000000000000000000000000000110000001000000011111000000000000000000110000000000000000000000000000000000000000101000000000000000000000000000000000000000000000000000000000000000001100000000000000000000000000000000000000000
000000000000000000000000000000010000000000000000000000000000100000000000000000111000000000000000000000000010000000010001001010000000000000000000000000000000000000000000000000000000000000000010000000000000000000000000000000000000000000000000000000000000000001100000000000110000000000000000000000000000
000000000000000000000000000000000000000000000000000000000000100000000000000000000000000000000000000000000011000011100001000011000100000000000000000000000000000000000000000000000000000000000000000000000000000000000000000000000000000000000000000000011000000000000010000000110000000000000000000000000000
000000000000000000000000000111000111000000000000000000000000000000000000000000000000000000000000000000000100100000000001001010000000000000000000000000000000000000000000000000000000000000000000000000000000000000000000000000000000000000000000011000010100000000000101000000000000000000000000000000000000
000000000000000000000000000000000000000000000000000000001110001110000000000000000000000000000000000000000011000000000000000011111000000000000000000000000000000000000000000000000000000000000000100000000000011000000000000000000000000000000000100100001000000000001010000000000000000000001100000000000000
000000111000000000000000000000010000000000000000000000000000000000000000000000000000000000000000000110000010000000000001000010111000000000000000000000000000000000000000000001000000110000000011110000100000100010000000000000000000000000000000101000000000000000001100000000000000000000001100000000000000
000000000000000000000000000000010000000000000000000000000000100000000000000000000000000100000000000110000000000000000011100000000000000000000000000000000000000000000000000010100000110000000101111101011001100010000000000000000000000000000000010000000000000000000000000000000000000000000000000000000000
000010000010000000000000000000010000000000000000000000000000100000000000000000000000001110000000000000000000000000000100000001100000000000000000000000000000000000000000000010100000000000001100000000001111100010000000000000000000000000000000000000000000000000000000000000000000011000000000000000000000
000010000010000000000110000000000000000000000000000000000000100000000000000000000000010101000000000000000000000000000110110000100000000000000000000000000000000000000000000001000000000000000111010000001110001000000000000000000000000000000000000000000000000000000000000000000000011000000000000000000000
000010000010000000000110000000000000000000000000000000000000000000000000000000000000111011100000000000000000000000000000111111000000000000000000000000000000000000000000000000000000000000000011001010000011111000000000000000000000000000000000000000000000000000000000000000000000000000000000000000000000
000000000000000000000000000000000000000000000000000000000000000000000000000000000000010101000000000000000000000000000000000010000000000000000000011100000000000000000000000000000000000000000000000000000000100011100000000000000000000000000000000000000000000000000000000000000000000000000000000000000000
000000111000000000000000000000000000000000000000000000000000000000000000000000000000001110000000000000000000000000000000100100000000000000000000000000000000000000000000000000000000000000000000000000000000000110000000000000000000000000000000000000000000000000000000000000000000000000000000001000000000
000000000000000000000000000000000000000000000000000000000000000000000000000000000000000000000000000000000000000000000000100100000000000000000001000001000000000000000000000000000000000000000000000000000000001000100000000000000000000000000000000000000000001100000000000000000000000000000000010100000000
001000000000000000000000000000000000000000000000000000000011000000000000000000000000000011100000000000000000000000000001010000000000000000000001000001000000000000000000110000000000000000000000000000000000000100010100000000000010001100000000000000000000001100000000000000000000000000000000010100000000
001000000000000000000000000000000000000000000000000000000011000000000000000000000001000100110000000000000000000000000001000000000000000000000001000001000000000000000000110000010000000000000000000000000000000011000100000000000010001100000000000000000000000000000000000000000001000000000000001000000000
001000000000000000000000000000000000000000000000000000000000000000000000000000000011100110011000000000000000000000000000101000000000000000000000000000000000000000000000000000010000000000000000000010000000000000000100000000000010010001110000000000000000000000000000000000000001000000000000000000000000
000000011000000000000000000000000110000000000000000000000000000000000000000000000110010110010000000000000000000000000110000000000000000000000000011100000000000000000000000000010000000000000000001100000000000000111000000000000000000001111110000000000000000000000000000000000001000000000000000000000000
000000100100000000000000000000000110000000000000000000000000000000000000000000000011111000000000000000000000000001101001000000000000000000000000000000000000000000000000000000000000000000000000100000000000000000000000100000000000000001100110000000000000000000000000000000000000000000000000000000000000
000000010100000000000000000000000000000000000000000000000000000000000000000000000001100000000000000000000000000001001001000000000000000000000000000000000000000000000000000000000000000000000000101000000000000000000001010000000000000011000001000000000000000000000000000000011100011100000000000010000000
000110001000000000000000000000000000000000000000000000000000000000000000000000000000000011000000000000000000000000100001000000000000000000000000000000000000000000000000010000000000000000000000010000000000000000000001010000000000000100000111000010000000000000000000000000000000000000000110000101000000
000110000000000000000000000000000000000000000000000000000000000000000000000000000000000100100000000000000000000000100001000000000110000000000000000000000000000000000000101000000000000000000000000000000000000000000000100000000100000101000010000010000000001000000000000000000001000000000110000101000000
000000000000000000000000000000000000000000000000000000000000000000000000000000000000000010100000000000000000000000010010000101000110000000000000000000000000000000000000101000000000000000000000000000000000000000000000000000001010000010000110000010000000010100000000000000000001000000000000000010000000
000000000000000000000000000000000000000000000000000000000000000000000000000000000000000001000000000000111000000000000100000110000000000000000000000000000000000000000000010000000000000000000000000000001100000000000000000000001010000000000100000000000000101000000000000000000001000000100000000000000000
000000000000000000000000000001110000000000000000000000000000000000000110000000000000000000000000000000110000110000000000000010000000000000000000000000000000000000000000000000000000000000000000000000001100000000000000000000000100000000000110000000000000110000000000000000000000000000100000000000000000
000000000000000000000000000000000000000000000000000000000000000000001001000000000000000000000000000000011000110000000000000000001000000000000000000000000000000000000000000000000000000000000000000000000000000011100000000000000000000000001100000000000000000000000000000000000000000000100000000000000000
000000000000000000000000000000000000000000000000000000000000000000000101000001100000000000000000000000000000000000000000000000010100000000000000000000000000000000000000000000000000000000000000000000000000000011111000000000000000000000000000000000000000000000000000000000000000000000000000000000000000
000000000000000000000000000000000000000000000000000000000000000000000011000001010000000000000000000000000000000000000000000000001000000000000000000000000000000000000000000000000000000000000000000000000000000000000000000000000000000000000000000000000000000000000000000000000000000000000000000000000000
000000000000000000000000000000000000000000000000000000000000000000000000000000111000000000000000000011010000000000000000000000000000000000000000000000000000000000000000000000000000000000000000000000000000000000000000000000000000000000000000000000000000000000000000000000000000000000000000000000000000
000000000000000000000011000000000000000000000000000000000000000000000000000000011000000000000000000010000100000000000000000000000000000000000000000000000000000000000000000000000000000000110000000000000000000000000000000000000000000000000000000000000000000000000000000000000000000000011000000000000000
000000000000000000000011000000011000000000000000000110000000000000000000000110011100000000000000100001000100000000000000000000001000000000000000000000000000000000000000000000000000000000110000000000000000110000000000000000000000000000000010000000000000000000000000000000000000000000011000000000000000
000000000000000000000000000000011000000000000000000000000000000000000000000110001101100000000000100000010110000000000000000000010100000000000000000000000000000000000000000000000000000000000000000000000000110000000000000000000000000000000101000000000000000000000000000000000000000000000000000000000000
000000000000000000011000000000000000000000000000000000000000000000000000000000011000000000000000100000000000000000000000000000010100000000000000000000000000000000000000000000000000000000000000000000000000000000000000000000000000000000000101000000000000000000000000000000000000000000000000000000000000
000000000000000000100100000000000000000000000000000000001110011000000000000000010000000000000000000000000000000000000000000000001000000000000000000000000000000000000000000000000000000000000000000000000000000000000000000000000000000000000010000000000000000000000000000000000000011000000000000000000000
000000000000000000011000000000000000000000000000001110111100011000000000000000000000000000001110000000000000000000000000000000000000000000001100000000000000000000000000000000000000000000000000000000000000000010000000000000010000000000000000000000000000000000000000000000000000100100000000000000000000
000000000000000000000000000000000000000000000111011110001100000100000000000000000000000000000000000000000000000000000000000000000000000000001100000000000000000000000000000000000000000000000000000000000000000111000000100000111000000000000000000000000000000000000000000000000000010100000000000000000000
000000000001100000000000000000000000000000000111010010000000011000000000000000000001100000000000100000000001110000000000000000000000000000000000000000000000000000000000000000000000000000000000000011100000001100110001000000110000000000000000000000000000000000000000000000000000001000001000000000000000
000000000001100000000000000000000000000000001000000001110111111000000000000000000001100000000000100000000000000000000000000000000000000000000000000000000000000000000000000000000000000000000000000000000000000101001000100110011000000000000000000000000000000000000000000000000000000000010100000000000000
000000000110000000000000000000000000000000000111000001001110000000000000000000000000000000000000100000000000000000000000000000000000000000000000001000000000000000000000000000000000000000000000000000000000000011011000000000011100000000000000000000000000000000000000000000000000000000100100000000000000
000000000110000000000000000000000000000000000110000000100011000000000100000000000000000000000000000000000000000000000000000000000000000000000000001000000000000000000000000000000000000000000000000000000000000000000000000110100100000000000000000000000000000000000000000000000000000000011000000000000000
000000000000000000000000000000000000000000000000000000001011000000001010000000000000000000000000000000000000110000000000000000000000000000000000001000000000001000000000000000000000000000000000000000000000000000000000001011011000000000000000000000000000000000000000000000000000000000000000000000000000
000000000000000000000000000000000000000000000000011100010010000000001001000000000000000000000000000000000000110000000000000000000000000000000000000000000000001000000000000000000000000000000000000000000000000000000000001000000101000000000000000000000000000000000000000000000000000000000000000000000000
000000000000000000000000000000000000000000000000000000000100000000000110000000000000000000000000000000000000000000000000000000000000000000011000000000000000001000000000000000000000000000000000000000000000011111000000000000000100110000000000000000000000000000000000000000000000000000000000000000000000
001100000000000000000000000000000000000000000000000000000000011000000000000000000000000000000000000000000000000000000000000000000000000000100100000000000000000000000000000000000000000000000000000000000001101110100000001000000101000110000000000000000000000000000000000000000000000000000000000000000000
001100000000000000000011100000000000000000000000000000000000011000000000000000000000000000000000000000000000000000000000000000000000000000011000000000000000000000010000000000000000000000000100000000000000001000010000010011010100000110000000000000000000000000000000000000000000000000000000000000000000
000000000000000000000000000000000001100000000000000000000000000000000000000000000000000000000000000000000000000000000000000000000000000000000000000000000000000000010000000000000000000000001010000000000000001110100000000000001100000000000000000000000000000000000110000000110000000000000000000000000110
000000000000000000000000000000000010010000000000000000000000000011000000000000000000000000000000000000000000000000000000000000000000000000000000000000000000000000010000000000000000000000001010000000000001100111100000010011100100000000000000000000000000000000001001000001001000000000000000000000000110
000000000000000000000000000000000001100000000001110000000000000011000000000000000000000000000000000000000000000000000000000000000000000000000000000000000000000000000000000000000000000000000100000000000000011100100000001000000100000000000000000000000000000000000110000000110000000000000000000000000000
000000000000000000000000000000000000000000000000000000000000000000000000000000000000000000000000000000000000000000000000000000000000000000000000000000000000000000000111000000000000000000000000000000000000000111000000000110001100000000000000000000000000000000000000000000000000000000000000000000000000
000000000000000000000001100000000001100000000000000000000000000000000000000000000000000000000000000000000000000000000010000000000000000011000000000000000000000000000000000000000000000011000000011000000000000000000000000000011000000000000000000000000001000000000000001000000000000000000000000000000000
000000000000000000000001100000000010010000000000000000000000000000000000000000000000000000000000000000000000000000000101000000000000000100100000000000000000000000000000000000000000000100100000100100000000000000000000000000000000000000000000000000000110110000000000010100000000000000000000000000000000
000000000000000000000000000000000001100000110000000000000000000000000000000000000000000000000000000000000000000000000110000000000000000100100000000000000000000000000000000000000000000011000000011000000000000000000000000000000000000000000000000000000110110000000000010100000000000000000000000000000000
110000000000001100000000000000000000000001001000000000000000000000000000000000000000000000000000000000000000000010000000011000000000000011000000111000000000000000000000000000000000000000000000000000000000000000000000000000000110000000011000000000000000000000000000001000000000000000000000000000000000
110000000000001100000000000000000000000000110000000000000000000000000000000000000000000000000000000000000000000011000000011000000000000000000000000000000000000000000000000000000000000000000100000000000000000000000000000000001111101100011000000000100100000000000000000000000000000000000000000000000000
000000000000000000000000000000000000000000000000000000000000000000000000000000000000000000000000000000000000000101000000000000000000000000000000000000000000000000000000000000000000000000001010000000000000000000000000001100001001101100000000000010011110001100000000000000000000000000000000000000000000
000000000000000000000000000000000000110000000000000000000000000000000000000000000000000000000000000000000000000000000000000011000000000000000001000000000000000000000000000000000000000000001010000000000001100000000000000101100111100000000000000100011101101100000000000000000000000000000000000000000000
000000000000000000010000000000000001001000000000000000001100000000000000000000000000000000000000000000000000000000000000000011000000000000000001000000000000000000000000000000001100000000000100000000000001100000000000000001100101000000000000000010001000001000000000000000000000000000000000000000000000
000000000000000000101000000000000000110000000000000000001100000000000000000000000000000000000000000000000000000000000000000000000000000000000001000000000000000000000000000000010100000000000000000000000000000000000000000000010101000000000000000001110000000000000000000000000000000000000000000000000000
000000000000000000101000000000000000000000000000000000000000000000000000000000000000000000000000000000000000000000000000000000000000000000000000000000000001110000000000000000001000010000000000000000000000000000000000000000000010000000000000000000000000000000000000000000000000000000000000000000000000
000000000000000000010000000000000000000000000000000000000000000000000000000000000001100011000000000000000000000000000000000000000000000000000000000000000010001000000000000000000000101000001100000000000000000000000000011000000000000000000000000110000000000000000000000000000000000000000000000000000000
000000000000000000000000000000000000000000000000000000000000000000000000000000000001100100100000000000000000000000000000000000000000000000000000000000000100000100000000000000000000001100010100000000000000000000000000011000000000000001110001100101000000000000000000000000000000000000000000000000000000
000000000000000000000000000000000000000000000000000000000000000000000000000000000000000011000000000000000000000000000000000000000000000000110000000010001000100010000000000011000000001100010100110000000000000000000000000000001101100001110001010010000000000000000000000000000000000000000000000000000000
000000011100000000000000000000000000000000000000000001000000000000000000000000000000000000000000000000000000000000000000000000000000000000110000000101001000000010000000000011100000011100000000010000000000000000000000000000011000110011111000110000000000000000000000000000000000000000000000000000000000
000000000000000000000000000000000000000000000000000100100000000000000000000000000000000000000000000000000000000000000000000000000000000000000000000101001010001010000000000001011001101000000001100000000000000000000000000000001101100001010010100000000011000000000000000000000000000000000000000000000000
000000000001000000000000000000000000000000010100000110100000000000000000000000000000000000000000000000000000000000000000000000000000000000000000000010000110001100000000000000100011100000000001000000000010000000000000000000000111000001000011000000000001110000000000000000000000000000000000000000000000
000000000001000100000000000000000000000000000100000010000000000000000000000000000000000000000000000000000000000000000000000000000000000000000000000000000000000000000000000000011011000010000000001110000010000000000000000000000010000000000010000000000000110000000000000000000000000000000001100000000000
000000000001000100000010000000000000000000100110100110010000000000000000000000000000001110000000000000000000000000000000000000000000000000000000000000000000000000000000000000101011111101000000010110100010000000000000000000000000000000011000100000000000000000000000000000000000000000000001100000000000
000000000000000100000010000000000000000000000100010110000000000000000000000000000000000000000000000000000000000000000000000000000010000000000000000000000000000000000000000001100100111000000000010100000000000000000000000000000000001000000111110000000000000000000000000000000000000000000000000000000000
000000000000000000000010000000000000000000011010001110011100000000000000000000000000000000000000000000000000000000000000000000001111000000000000000000000000000000000001000000111000000111000000011100100001000000000000000000000000001000000010001000000000110000000000000000000000000000000000000000110011
000001000000000000000000000000000000000000000111010001000100000000000000000000000000000000000000000000000000000000000000000000000001000000000000000000000000000000000010100000010000000000000100001111000001000000000000000000000000001000000000101000000000110000000000000000000000000000000000000000110011
000001000000000000000000000000000000000000000000000000011000000000000000000000000000000000000000000000000100000000000000000000000010000000000000000000000000000000000001000000000000000000000011000111000001000000000000000000000000000000000000110000000000000000000000000000000000000000000000000000000000
000001000000000000000000000000000000000000000000000000000001110000000000000000000000000000000000000000001010000000000000000011000110000000110000000000000000000000000000000000000000000000000011000000000000000000000000000000000000000011100000000000000000000000001100000000000000000000000000000000000000
000000000000000000000000000000000000000000000000000000000000000000000000000000000000000000000000000000000110000000000000000000001001001000110000000000000000000110000000000000000000000000000010000000000000011100000000000000000000000000000000000000000000000000001100000000000000000000000001000000000000
000000000000000000000000000000000000000000000000000000000000000000000000000000000000000000000000000000000000000000000000000011001000110000000000000000000000000110000000000000000000000000000000000000000000000000000000000001100000000000000000000000000000000000000000000000000000000000000001000000000000
000000000000000000000000000000000000000000000000000000000000000000000000000000000000000000000000000000000000000000000000000000000110100000000000000000000000000000000000000000000000000000000000000000000000000000000000000001100000000000000000000000000000000000000000110000000000000000000001000000000000
000000000000000001100000000000000000000000000000000000000000000000000000000000000000000000000000000000000000000110000000000000000100000000000000000000000011100000000000000000000000000000000000000000000000000000000000000000000000000000000000000000000000000000000000110000000000000000000000000000000000
000000000000000001100000000000000000001100000000000000000000000000000000000000000000000000000000000000000000000110000000000000000000000000000000000000000010100000000000000000000000000000000000000000000000000000000000000000000000000000000000000000000000000000000000000000000000000000001000000000000000
000000000000000000000000000000000000001100000000000000000000000000000000000001100000000000000000000000000000000000000000000000000000000000000000000000000100100000000000000000000000000000000000000000000000000000000000000000000000000000000000000000000000000000000000000000000000000000001000000000000000
000000000000000000000000000000000000000000000001000000000000000000000000000010010000000000000000000000000000000000000000000000000000000000000000000000000100000000000000000000000000000000000001110000000000000000000000000000000011000010000000000000000000000000000000000000000000000000001000000000000000
000000000000000000000000000000000000000000000010100000000000000000000000000010100000000000000000000000000000000000000000000000000000000000000000000000010000000000000000000000000000000000000000000000000000000000000000000000000000100101000000000000000000000000000000000000000000000000000000000001000000
000000000000000000000000000000000000000000000010100000000000000000000000000001000000000000000000000000000000000000000000000000000000000000000000000000010000000000000000000000000000000000000000000111000000000000000000000000000100000010000000000000000000000000000000000000000000000000000000000010100000
000000000000000000000000000000000000000000000001000000000000000000000000000000000000000000000000000000000000000000000000000000000000000000000000000000000000000000000000000000000000000000000000000100100000000000000000000000000011000000000000000000000000000000000000000000000000000000000000000010100000
000000000000000000000000000000000000000000000000000000000000000000000000000000000000000000000000000000000000000000000000000000000000000000000000000000000000000000000000000000000000000100010000000000010000000000000000000000100000000000000000000000000000000000000000000000000000000000000000000001000000
000000000000000000000000000000000000000000011000000000000000000000000000000000000000000000000000000000000000000000000000000000000000100000000000000000000000000000000000000000000000001000001000000000100000000000000000000000100000000000000000000000000000000000000000000000000000000000000000000000000000
000000000000000000000000000000000000000000100100000000000000000000000000000000000000000000000000000000000000000000000000110000000001010000000000000000000000000000000000000000000000000100010000001000000000000000000000000000100000000000000000000000000000000000000000000000000011000001100000000000000000
000000000000000000000000000000000000000000011000000000000000000000000000000000000000000000000000000000000000000000000000110000000001010000000000000000000000000000000000000000000000000001000000001011010000000000000000000000000000000000000000000000000000000000000000000000000011000001100000000000000000
000000100000000000000000000000000000000000000000000000000011000000000000000000000000000000000000000000000000000000000000000000000000100000000000000000000000000000000000000000000000000011100000000110101000000000000000000000000000000000000000000000000000000000000000000000000000000000000000000000000000
000001010000000000000000000000000000000000000000000000000011000000000000000000000000000000000000000000000000000000000000000000000000000000000000000000000000000000000000000000000000000000000000000001001100000000000000000000000000000000000000000000000000000000000000000000000000000000000000000000000000
000001010000000000000010000000000000000000000000000000000000000000000000000000000000000000000000000000000000000000000000000000011000000011000000000000000000000000000000001100000000000000000000000001101000000000000000000000000000000000000000000000000000000000000000000000000000001100000000000000000000
000000100000000000000010011100000000000000000000000000000000000000000001100000000000000000000000000000000000000000000000000000100100000100100000000000000000000000000000001010000000000000000000000000010000000000000000000000001110000000000000000000000000000000000000000000000000010010000000000000000000
000000000000000000000010000000000000000000000000000000000000000000000001100000000000000000000000000000000000000000000000000000011000000011000000000000000000000000000000000100000000011000000000000000000000000000000000000000000001100000000000000000000111000000000000000000000000001100000000000000011000
000000000000000000000000000000000000000000000000000000000000000000000000000000000000000000000000000000000000000000000000000000000000000000000000000000000000000000000000000000000000011000000000000000000000000000000000000000010001100000000000000000001000100000000000000000000000000000000000000000011000
000000110000000000000000000000000000000000000000000000000000000000000000000000000000000000000000000000000000000110000000000000000000100000000000000000000000000000000000000000000000000000000000001100000000000000000000000000001101000000000000000000010000000000000000000000000000000000000000000000000000
000000110000000000000000000000000000000000000000001100000000000000000000000000000000000000000000000000000000001001000000000000000001010000000000000000000000000000000000000000000000000000000000001100000000000000000000000000000011000010000000000011001000000000000000000000000000000000000000000000000000
000000000000000000000000000000000000000000000000001100000000000000000000000000000000000000000000000000000000000101000000000000000001010000000000000000000000000000000000000000000000001100000010001010010000000000000000000000001010000101000000000011000111010000000000000000000000000000000000000110000000
000000000000000000000000000000000000000000000000000000000000000000000000000000000000000000000000000000000000000010000000000000000000100000000000000100000000000000000000000000000000001100000101000110001000000000000000000000010100000101000000000000000010010000000000000000000000000000000000000110000000
000000000000000000000000000000000000000000000000000000000000000000000000000000000000011000000000000000010000000000000000000000000000000010000000000100000000000000000000000000000000000000000101000100001100011000000000000000001000000010000000000000001111100000000000000000000000000000000000000000000000
000000000000000000000000000000000000000000000000000000000000000000000000000000000000000000000000000000101000000000000000000000000000000101000000000100000000000000000000000000001100000000100010000000001100011000000000000000000000000000000000010000000001110000000000000000000000000000000000000000000000
000000000000000000000000000000000000000000000000000000000001110000000000000000000000100000000000000000100100000000000000000000011000000101000000000000000000000000000000000000001100000001110000000000000000000000000000000000000000011000001100011000001101011000000000000000000000000000000000000000000000
000000000000000000000000000000000000000000000000000000000000000000000000000000000001100001000000000000011000000000000000000000100100000010000000000000000000000000000000000000000000000011011000000000000000000000000000000000000000011000010010000000000101011000000000000000000000000000000000000000000000
000010000000000000000000000000000000000000000000000000000000000000000000000000000010000000100000000000000000000000000000000000100100000000000000000110000000000001100000000000000000000011001100000000000000000000000000000000000000000000001100000000000011100000000000000000000000000000000000000000000000
000101000000000000000000000000000000000000000000000000000000000000000000000000000011100000110000000000000000000000000000000000011000000000000000001001000000000001010000000000000000000111001110000000000000000000000000000000000000000000000000000000000000000000000000000000000000000000000000000000000000
000110000000000000000000000000000001000000000000000000000000000000000000000000000001000000100000000000000000000000000000000000000000000000000000000110000000000000100000000000110000000000000100000000000000000000000000001100000000000010000000000000000000000000000000000000000000000000000000000000000000
000000000000000000001100000000000010100000000000000000000000000000000000000000001011100000000000000000000000000000000000000000000000000000000000000000000000000000000000000000101000000000001000000000001100000000000000001100000000000101000000000000000000000000000000000000000000000000000000000110000000
000000000000000000010010000000000010010000000000000100000000000000000000000000001000010001011100000000000000000000000000000000000000000000000000000000000000000000000000000000010000000000000000000000001100000000000000000000000000000101000000000000000000000000000000000000000000000000000000000110000000
000000000000000000001100000000000001100000000000011011000000000000000000000000001000001011001010000000000000000000000000000000000000000000000000000000000000000000000000000000000000000000000000000000000000000000000000000000000000000010000000000000000000000000000000000000000000000000000000000000000000
000000000000000000000000000000000000000000000000011011000000000000000000000000000010000000000010000000000011000000000000000000000000000000000000000000000000000001100000000000000000000000000000000000100000000000000000000000000000000000000000000001000000000000000000000000000000000000000000000000000000
000000000000000000000000000000000000000000000000010101000000000000000000000000000000101010011011000000000100100000000000000000000000000000000000000000000000000001100000000000000000000000000000000001010000000000000000000000000000000000000000000010100000000000000000000000000000000000000010000000000000
000000000000000000000000000000000000000000000000001010000000000000000000000000000000000000001110000000000011000000000000000000000000000000000000000000000000000000000000000000000000000000000000000001010000000000000000000000000000000000000000000010100000000000000000000000000000000000000101000000000100
000000000000000000000000000000000000000000000000111011100000000000100000000000000000000000011100000000000000000000000000000000000000000000000001110000000000000000000000000000000000000000000000000000100000000000010000000000000000000000000000000001000000000000000000000000011100000000000101000000001010
000000000000000000000000000000000000000000000000000000000000000001010000000000000000000000001000000000000000000000000000000000000000000000000000000000000000000000000000000000000000000000000000000000000000000000010000000000000000000000000000000000000000000001100000000000000000000000000010000000001001
000000000000000000000000000000000000000000100000000000000000000011010000000000000000000000000000000000000000000000000000000000000000000000000000000000000000000000000000000000000000000000000000011000000011000000010000000000000000000000000000000000000000000001100000000001000001000000000000000000000110
000000000000000000000000000000000000000001010000000000000000000011010000000000000000000000000000000000000000000000000000000000000000000000000000000000000000000000000000000000000000000000000000100100000100100000000011000000000000000000000000000000000000000000000000000001000001000000000000000000000000
000000000000000000000000000000000000000001010000000000000001100001010000000000000000000000000000000000000011000000000000000000000000000000000000000000000000000000000000000000000000000000000000011000000011000111000111000000000000000000000000000000000000000000000000000001000001000000000000000000000000
000000000000000000000000000000000000000000100000000110000010011000001001000000000000000000000000000000000011000000000000000000000000000000000000000000000000000000000000000000000000000000000000000000000000000000000000000000000000001100000000000000000000000000000000000000000000000000000000000000000000
000000000000000000000000000000000000000000000000000001000000001000110001000000110000000000000000000000000000000000000000000000000000000000000000000000000000000000000000000000000000000000000000000000100000000000010000000000000000001100000000000000000110000000000000000000011100000000000000000000000000
000000010000000000000000000000000000000000000000000011000111111001100000000001101000000000000000000000000000000000000000000000000000000000010000000000000000000000000000000000000000000000000000000001010000000000010000000000000000000000000000000000000110000000000000000000000000000000000000100000000000
000000010000000110000011000000000000000000000000000011000011100000000000000010001000000000000000000000000000000000000000000000000000000000010000000000000000000000000000000000000000000000000000000001010000000000010000000000000000000000000000000000000000000000000000000000000000000000000000100000000000
000000010000000011000110000001110000000000000000000011000000000000000000000100000000000000000000000000000000000000000000000000000000000000010000000000000000000000000000000000000000000000000000000000100000000000000000000000000000000001110000000000000000000000000000000000000000000000000000100000000000
000000000000010010101010010000000000000000000000000011000000000000000000000011011000000000000000000000000000110000000000000000000000000000000000000000000000000000000000000000000000000000110000000000000000000000000000000000000000000000000000000000000000000000000000000000000000000000000000000000000000
000000000000011101101101110000000000000000000000000110000000000000000000000000011000000000000000000000000000110000000000000000000000000000000000000000000000000000000000000000000000000001001000000000000000000000000000000000000000000000000000000000000000000000001100000000000000000000000000000000000000
000110000000001010101010100000000000000000000000000000000000000000000000000011100000000000000000000000000000000000000000000000000000000000000000000000000000000000000000000000000000000001001000000000000000000000110000000000000000000000000000000000000000000000001100000000000000000000000000000000000000
000110000000000111000111000000000000000000000000000000000000000000000000000011100000000000000000000000000000000000000000000000000000000000000000000000000000000000000000000000000000000000110000000000000000000000110000000000000000000000000000000000000000000000000000000000000000000000000000000000000000
