300 300
000000000000001100000000000000000000000000000000000000000000000000000000000000000000000111000111000000000000000000000000000000000000000000010000000000000000000000000000000000000000000000000011100000000000000000000000000001000000000000000000000000000000000000000000000000000000000000000000000000000000
000000000000010010011100000000000000000000000000000000000000000000000000000000000000001010101010100000000000000000000000000000000000000000101000000000000000000000000000000000000000000110000000010000000000000000000000000001000000000000001100000000000000000000000000000000000000000000000111000000000000
000000000000001100000000000000000000000000000000000000000000000000000000000000000000011101101101110000000000000000000000000000000000000000101000000000100000000000000000000000000000000000001000000000000000000000000000000001000000000000010010000000000000000000000000000000000000000000000000000000000000
000000000000000000000000000000000000000000000000000000000000000000000110000110000000010010101010010000000000000000000000000000000000000000010000000010000100000000000000000000000000001000000000001000000000000000000000000000000000000000010100000000000000000000000000000000000000000000000000000000000000
000000000000000000000000000000000000000000000000000000000000000000001001000110000000000011000110000000000000000000000000000000000000000000000000000010000011000011000001110000000000000110010000110001000000000000000000000000000000000000001000000000000000000000000000000000000000000000000000000000000000
000000000000000000000000000000000000000000000000000000000000000000000110000000000000000110000011000000000000000000000000000000000000000000000000000100000001000100100000000000000000000000010000000001000000000000000000000000000000000000000000000000000000000000000000000000000000000000000000000000000000
000000000000000000000000000000000000000000000000000000000000000000000000000000000000000000000000000000000000000000000000000000000000000000000000000010000011000011000000000000000000000000010010000001000000000000000000000000000000000000000000000000000000000000000000000000000000000000000000000000000000
000000000000000000000000000000000000000000000000000000000000000000000000000000000000000000000000000000000000000000000000000000000000000000000000000010000100000000000000000000000000000001000000000000000000000000000001100000000000000000000000000000000000000000000000000000000000000000000000000000000000
000000000000000000000000000000000000000000000000000000000110000000000000000000000000000000000000000000000000000000000000000000000000000000000000000000100000000000000000000000000000000000101000000000000000000000000001100000000000000000000000000000000000000000000000000000000000000000000000000000011000
000000000000000000000000000000000000000000000000000000000101000000000000000000000000000000000000000000000000000000000000000000000000000000000000000000000000000000000000000000000000000000010000000011000000000000000000000000000000000000000000000000000000000000000000000000000000000000000000000000011000
110001100000000000000000000000000000000000000000000000000010000000000000000000000000000000000000000000000000000000000000000000000000000000000000000000000000000000000000000000000000000000000000000100100000000000000000000000000000000000000000000000000000000000000000000000000000000000000000000000000000
110000000000000000000000000000000000000000000000000000000000000000000000000000000000000000000000000000000000000000000000000000000000000000000000000000000000000000000000000000000000000000000000000011000000000000000000011000000000000000000000000000000000000000000000000000000000000000000000000000000000
000100100000000000000000000000000000000000000001000000000000000000000000000000000000000000000000000000000110000000000000000000000000000000000000000000000000000000000000000000000000000100000000000000000000000000000000011000000000000000000000000000000000000000000000000000000000000000000000000000001100
000100000000000000000000000000000000000000000001000000000000011000000000000000000000000000000000000000000110000000000000000000000000000000000000000000000000000000000000000000000000001010000000000000000000000000000000000000000000000000000000000000000000000000000000000000000000001100000000000000001100
000111000001100011000000000000000000000000000001000000000000011000000000000000000000000000000000000000000000000000000000000000000000000000000000000000000000000000000000000000000000110010000000000000000000000000001110000000000001000000000000000000000000000000000000000000000000001100000000011100000000
000000100001100011000000000000000000000000000000000000000000000000000000000000000000000001100000000000000000000000000000000000000000000100000000000100000000000000000010000000000000000101000000000000000000000000000000000000000001000000000000000000000000000000000000000000000000000000000000000000000000
000000110000000000000000000000000000000000110000000000000000000000000000000000000000000000110000000000000000000000000010000000000000001010000000000100000000000000000101000000000001000011100000000000000000000000000000100000000001000000000000000000000000000000000000000000000000000000000000000000000000
000000110000000000001100000000000000000000110000110000100000000000000000000000000000000010100000000100000000000000000010000000000000000110000000000100000000000000000110000000000000101000000000000000000000000000000000100000000000000000000000000000000000000000000000000000000000000000000000000000000000
000000100000000000010010000000000000000000000000110000100000000000000000000000000000000011000000000100000000000000000010000000000000000000000000000000000000000000000000000000000000010111000100000000000000000000000000100000011100011100000000000000000000000000000000000000000000001000000000000000000000
010001100000000000001100000000000000000000000000000000100000000000000000000000000000000000000000000100000000000000000000000000100000000000000000000000000000000000000000000000000000001000101110000000000000000000000000000000000000000000000000000000000000000000000000000000000000001000000000000000000000
110001100000000000000000000000000000000000000000000000000001000000000000000000000000000000000000000000000001110000000000000000100000000000000000000000000000000000000000000000000000001011010001000000000000000000001110000000000001000000000000000000000000000000000000000000000000001000000000000000000000
110000000000000000000000000000000000110000000000000000000110100000000000000000000000000000000000000000000000000000000000000000100000000000000000000000000000000000000000000110000000000101000010000000000000000000000000000000000001000000000000000000000000000000000000000000000000000000000000000000000000
100000110000000000000000000000000000110000000000000000001000110000000000000000000000000000000000000000000000000000000000000000000000000001100000000000000000000000000000000110000000000000111000000000000000000000000000100000000001000000000000000000000000000000000000000000000011100011100000000000000000
111000000000000000110000000000000000000000000000000000000000100011000000000000000000000111000000001100100000000000000000000000001110000001100000000000000000000000000000000000000000000001100000000000000000000000000001011000000000000000000000000000000000000000000000000000000000000000000000000000000000
010100110000000000110000000000000000000000000000000000001000100110000000011100000000000101000000001100011000000000000000000000000000000000000000000000000000000000000000000000000000000000000000000000000000000000000011001000000000000000000000000000000000000000000000000000000000001000000000000000000000
000011000000000000000000000000000000000000000000000000000000100010110000000000000000000111000000001100101000000000000000000000000000000000000000000000000000000000000000000000000000000000000001100000000000000000000010101000000000000000100000000000000000000000000000000000000000001000000000000000000000
000011000000000000000000000000000000000000000000000000000000100000010000000000000000000000000000000011001000000000000000000000000000000000000000000000000000000000000000000000000000000000000010010000000000000000000110010000000000000001010000000000000000000000000110000000000000001000000000000100000000
000000000000000000000000000000000000000000000000000000000000000001010000000000000000000000000000001100010000000000000000000000000000000000000000000000000000000000000000000000000000000000000001010000000000000000000000000010000000011001010000000000000000000000000110000000000000000000000000000100000000
000000000000000000000000000000000000000000000000000000000010100001100000000000000000000000000000001101000000000000000000000000000000000000000000000000000000000000000000000000000000000000000000100000000000000000000000000111000000011000100000000000000000000000000000000000000000000000000000000100000000
000000000000000000000000000000000000000000000000000000000001000000000000000000000000000000000000000010000000000000000000000000000000000000000000000000000000000000000000000000000000000000000000000000000000000000000001001101100000000000000000000000000000000000000000000000000000000000000000000000000000
000000000000000000000000000000000000000001000000000000000000000000000000000000000000000000000000000000000000000000000000000010000000000000000000000000000000000000000000000000000000000000000000000000000000000000000010110111000000000000000000000000000000000000000000000000000000000000000000000000000000
000000000000000000000000000000000000000010000000000011000000000000000000000000000000000000000000000000000000000000000000000101000000000000000000000000000000000000000000000000000000000000000000000000000000000000000100000010000000000000000000000000000000000000000111000000000000000000000000000000000000
000000000000000000000000000000000000000011100000000011000000000000000000000000000000000000000000000000000000000000000000000010000000000000000000000000000000110000000000000000000000000000000000000000000000000000000100001000000000000000000000000000000000000000000000000000000000000000000000000000000000
000000000000000000100000000000000000000000000000000000000000000000000000000000000000000000000000000000000000000000000000000000000000000000000000000000000000001000000000000000000000000000000000000000000000000000010110011000000000000000000000000000000000000000010000010000000000000000000000000000000000
000000000000000001010000000000000000000000000000000000000000000000000000000000000000000110000000000000000000000000000000000000000000000000000000000000000000010000000000000000000000000000000000000000000000000000010001001000000000000000000000000000000000000000010000010000001100000000000000000000000000
000000000000000001001000000000000000000000000000000000000000000000000000000000000000001001000100000000000000000000000000000000000000000000000000000011000001110000000000000000000000000000000000000000000000000000000100010000000000011000000000000000000000000000010000010000001100000000000000000000000000
000000000000000000110000000000000011000000000000000000000000000000000000000000000000000101001010000000000000000000100000000000000001000000000000000011000010010000000000000000000000000000000000000000000000000000000100000000011100100100000000000000000000000000000000000000000000000000000000000000000000
000000000000000000000000000000000010100000000000000000000000000000000000000000000000000010001010000000000000000001010000000000000010100000000000000000000010010000000000000000000000000000000000000000000000000000000000100000000000011000000000000000000000000000000111000000000000000000000000000000001100
000000000000000000000000000000000001000000000000000000000000000000000000000000000000000000000100000000011000000000100000000000000010100000000000000000000001100000000000000000000000000000000000000000000000000000000000000000000000000000000000000000000000000000000000000000000000000000000000000000001100
000000000000000000000000000000000000000000000000000000000000000000000000000000000000000000000000000000011000000000000000000000000001000000000000000000000000000000000000000000000000000000000000000000000000000000000110000000000000000000000000111000000000000000000000000000000000000000000000000000000000
000000000000000000000000000000000000000000000000000000000000000000000000000000000000000000000000000000000000000000000000000000000000000000000000000000000000000000000000000000000000000000000000000000000011000000000110000000000000000000000000000000000000000000000000000000000000000000000000000000000000
000000000000000000000000000110000000000000000000000000000000000000000000000000000000000000000000000000000000000000000000000000000000000000000000000000000000000000000110000000000100000000000000000000000011000000000000000000000000000000000000000000001100000000000000000000000000000000000000000000000000
000000000000000000000000001001000000000000000000000000011000000000000000000000000000000000000000000000000000000000000000000000000000000000000000000000000000000000000110000000001010000000000000000000000000000000000000000000000000000000000000000000001100000110000011000000000000000000000000000000000000
000000000000000000000000000101000000000000000000000000110100000000000000000000000000000000000000000000000000001000010000000000000000000000000000000000000000000000000000000000000001000000000000000000011000000000000000000000000000000000000000000000000000000110000011000000000000000000000000000000000000
000000000000000000000000000010000000000000000000000001101110000000000000000000000000000000000000000000000000001000010000000000000000000000000000000000000000000000000000000000001010000011000000000000100010000000000000000000000000000000000000000000000000000000000000000000000000000000000000000000000000
000000000000000000000000000000000000000000000000000001100000000000000000000000000000000000000000000000000000001000010000000000000000000000000000000000000000000000000000000000000100000100000000000001000001000000000001100000000000000000000000000000000000000000000000000000000000000000000000000000000000
000000000000000000000000000000000000000000000110000000110010000000000000000000000000000000000000000000000000000000000000000000000000000000000000000011001100000000000000000000000000110100100000000001101101100000000010010000000110000000000000000000000000000001000000000000000000000000000000000000000000
000000000000000000000000000000000000000000011011000000010010000000000000000000000000000000000000000000000000000000000111000000000000000000000000000101001100000000000000000000000000110110100000000000010001100000000001100000000110000000000000000000000000000010100000000000000000000000010100010000000000
000000000000000000000000000000000000000000000011000000010000000000000000000000000001000000000000000000000000000000000000000000000000000000000000000010000000000000000000000000000000111000010000000000010000100000000000000000000000000000000000000000000000000010100000000000000000000001001000010000000000
000000000000000000000000000000000000000000100011100000000001000000000000000000000010100000000000000000000000000000000000000000000000000000000000000000000000000000000000000000000000000010110100000000010001000000000000000000000000000000000000000000000000000001000000000000000000000000011010000000000000
000000000000000000000000000000000000000010100011111000000100000000000000000000000010010000000000000000000000001000000000000000000000000000001100000000000000000000000000000000000001101011000000000000100000000000000000000000000000000000000000000000000000000000000000000000000000000111000011000000000100
000000000000000000000000000000000000000100010011100000000000000000000000000000000001100000000000000000000000001000000000000011000000000000010010000000000000000000000000000000000001001010001000000000010010000000000000000000000000000000000000000000000000000000000000000000000000000110000110000000000100
000000000000000000000000000000000000001100011000000000000000000000000000000000000000000000000000000000000000001000000000000100100000000000001100000000000000000000000000000000000100010000101000000000011100011000000000000000000000000000000000000000000000000000000000000000000000000011000000000000000100
000000000000000000000000000000000000000111110000000000000000000000000000000000000000000000000000000000000000000000000000000010100000001100000000000000000000110000000000000000000100100000001100000000000000101000000000000000000000000000000000000000000110000000000000000000000000000011010000000000000000
000000000000000000000000000000000001000011100000000000000000011100000000000000000000000000000000000000000000000000000000000001000000010010000000000000000001001000000000000000000011100000001000000000000000110000000000000000000000000000000000000000000110000000000000000000000000101000110000000000000000
000000000000000000000000000000100010100000000000000000000000000000000000000000000000000000000000000000000000000000000000000000000000001100000000000000000000110000000000000000000000000001110000000000000000000000000000000000000000000001100000000000000000000000000000000000000001001000000000000000000000
000000000000000000000000000001010011000000000000000000000000000001000000001000000000000000000000000000000000000000000000000000000000000000000000000000000000000000000000000000000000000000000000000000000000000000000000000000000000000010010000000000000000000000000000000000000000100000000000000000000000
110000000000000000000000000000100001100000000000000000000001100001000000010001100000000000000000000000000000000000000000000000000000011110100000000000000000000000110000000000110000110000000000000000000000000000000000000000000000000110100000000000000000000000000000000000000001101100000000000000000000
110000000000000000000001101100000001101110000000000000000010010001000000010000100000000000000000000000000000000000000000000000000000100010100000000000000000000000110000000001001000011000000000000000000000000000000000000000000001101111100000000000000000000000000000000000000001101100000000000000000000
000000000000000000000110100100000001101100000000000000000010100000000000001011000000000000000000000000000000000000000000000000000000100000000000000000000000000000000000000000001100111000000001000000000000000000100000000000000011110110000000110000000000000000000000000000000001110000000000000000000000
000000001100000000000000000100000000010000000000000000000001000000000000000000000000000000000000000000000000000000000000000000000001000000100000000000000000000000000000000010001100111000000001000000000000000001010000000000000110010000000001100100000000000000000000000000000000000000000000000000000000
000000010010000000000100101100000000000000000000000000000000000000000000000000000000000000000000000000000000000000000000000000000011011000010000000000000000000000000000000011010000110000000010000000000000000001010000000000001000000011000001000100000000011100000000000000000000000000000000000000000000
000000001100000000000100001000100000000000000101000000000000000000000000000110000000000000000000000000000000000000000000000000000001000000100000000000000000000000000000000000100000001000000011110000000000000000100000000000000111000000000000100100000000000000000000000000000000000100000000000000000000
000000000000000000000010011000110000000000000000100000000000000000000000000110000000000000000000000000000000000000000000000000000001000000000000000000000000000000000000000000000000111000000010000000000000000000000000000000000010000010010011011000000000000000000000000000000000011011110000000000000000
000000000000000000000001100000100000000000000101100011000000000000000000000000000000000000000000000000000110000000000000000000000000101000000000000000000000000000000000000000000000000000001100100000000000000000000000000000000000000010001000011000000000000000000000000000000000011111011000000000000000
000000000000000000000000000100011000000000000010110111100000000000000000000000000000000000000000000000000110000000000000000000000000000000000000000000000000000000000000000000000000000000000000100100000000000000001100000000000000000001000000000000000000000000000000000000000000010101100000000000000000
000000000000000000000000000100011000000000000000111111011000000000000000000000000000000000000000000000000000000000000000000000000000000000000001111000000000000000000000110000000000000000001110010010000000000000001100000000000000000001011001000000000000000000000000000000000000000011000000000000000000
000000000000000000000000000100000000000000000000100000000100000000000000000000000000000000000000000000000000000000000100000000000000000000000011100010000000000000000000110000000000000000000000010100000000000000000000000000000000000000111100000000000000000000000000000000000000000110100000000000000000
000000000000000000000000000000000000000000000000111000000100000000000000000000000000000000000000000000000000000000001010000000000000000000000010000001000000000000000000000000000000000000111000001000000000000000000000000000000000000000000000000000000000000000000000000011100000000110100000000000000000
000000000000000000000000000000000000000000000000010010000010000000000000000000000000000000000000000000000000000000001001000000000000000000000001100001000000000000000000000000000000000000011000000000000000000000000000000000000000000000000000000000000000000000000000000100010000000010100000000000000000
000000011000000000000000000000000000011000000000010010000110000000000000000000000000000000000000000000000000000100000110000000000000000000011111000011000000000000000000000000000000000000001000000000000000000000000000000000000000000000000000000000000000000000000000000000000000000001100000000000000000
000000011000000000000000000000000000011000000000001001010110000000000000000000000000000000000000000110000000001010000000000010111100000010101111000000000000000000000000000000000000000000000000000000000000000000000000000000000000000000000000000000000000000000000000000100010000000000000000000000000000
000110000000000000000000000000000000000000000000000001010010111000000000000000000110000000000000000110000000001010000000000000000100001010100100001100000000000000000001000000000000000000000000000000000000000000000000000000000000000000000000000000000000000000000000000100100000000000000000000000000000
000110000000000000000000000000000000000000000000000000101000010000000000000001100110000000000000000000011100000100000000000100001100000001011011110000000000000110000001000000000000000000000000000000000000000000000000000000000000000000000000000000000000000000000100000000000110000000000000000000000000
000000000000000000000000000000000000000000000000000000011011100000000000000001100000000000000000000000000000000000000000001011011000001101010000000000000000001001000001000000000000000000000001000000000000000000000000000000000000000000000000000000000000000000001010000101001100000000000110000000000000
000000100000000000000000000000000000000000000000000000000111100000000000000000000000000000000000000000000000000000000000000000111000000000011000000000000000000110000000000000011001100000000010100000000000000000000000000000000000000000000000001000000000000000001010001101000100110000001011000000000000
000001010000000000000000000000000000000000000000000000001100000000000000000000000011000000000000000000000000000000000000010100000000000011010000000000000000000000000000000000011001100000000010100000000000000000000000000000000000000000000000001110000000000000000100010000000010001100000111100000000000
000001010001000000000000000000000000000000000000000000011000000000000000000000000011000000000000000000000000000000000000001100000000000000000000000000000000000000000000000000000000000000000001000000000000001000000000000000000000000000000000010001000000000000000000010000000000000100000000100000000000
000000100110100000000000000000000000000000000000000000000000000000000000000000000000000000000000000000000000000000000000010100001000000000000000000000000000000000000000000000000000000000000000000000000000010100000000000000000000000000000011100001000000000000000000010010000001000000000001110000000000
000000000000110000000000000000000000000000000000000000000000100001100000000000000000000000000000000000000000000000000000000000011000000000000000000000000000000000000000000000011000000000110000000000000000010100000000000000000000000000000011101011000000000000000000000010000000000000001110010001100000
000000000000100000000000000000000000000000001000000000000001000010010000000000000000000000000000000000000000000000000000011000110000000000000000000000000000000000000000000000011000000001001000000000000000001000000000000000000111000000000011000100000000000000000000001010000000111000100010000001100000
000000000100010000000000001000000001000000001100000000000011100001001000000000000000000000001100000000000000000000000000001111000000000110000000000000000000000000000000000000000000000000110000000000000000000000000000000000000000000000000000000000000000000000000000011000000000001011000100000000000000
000000000011100000000000001000000010100000001110000000000110101000001000000000000000000000001100000000000000000000000000000110000000001001000000000000000000000000000000000000000000000000000000000000000000000000000000000000010000010000000000000000000000000000000000011000000000000100001000000000000000
000000000000100000000000001000000010100000000000001000000110001000001000000000000000011000000000000000000000000000000000000000000000000101000000000000000000000000000000000000000000000000000000010000000000000000000000000000010000010000000000000000000000000000000000101000000000000111100000000000000000
000000000000000000000001000001000001000000110000000100000001011000010000000000000000011000000000000000000000000110000000000000000000000010000000000000001000000000000000000000000000000000000000101000000000000000000000000000010000010000000000000000000000000000000000011000000000000010000000000000000000
000000000000000000000010100010100000000000110000001101000000000100100000000000000000000000000000000000000000001001000000000000000000000000000000000000001000000000000000000000000000000000000000101000000000000000000000000000000000000000000000000000000000000000000000000000000000000000000000000000000000
000000000011000000000010100010100000000000101100000101010100000010000000000000000000000000000000000000000000001101100000000000000000000000000110000000001000000000000000000000000000000000000000010000000000000000000000000000000111000000000000000000000000000000000000000000000000000000000000000000000000
000000000011000000000001000001000000000000111000000100000010000100000000000000000000000001000000000000000000011001100000000000000000000000000011000000000000000000000000000000000000000000000000000000000000000000000000000000000000000000000000000000000000000000000000000000010000000000000000000000000000
000000000000000000000000000000000000000000011000000010010001000110000000000000000000000011100000000000000010011000100000000000000000000000000100000000000000000000000000000000000000000000000000010000000000000000000000000000000000000000000000000000000000000000000000000000101000000000000000000000000000
000000000000000000000000001100000000000000000000001110100110000101000000000011111100000100110000000000000011001111011000000000000000000000000000000000000000000000000000000000000000000000000000101000000000000000000000000000000000000000000000000000000000000000000000000000011000000000000000000000000000
000000000000000000000000001100000000000000000000110110000000000001100000000011100000000000001100000000000011001100011000000000000000000000010000000000000000000000000000000000000000000000000000101000000000000000000000000000000000000000000000000000000000000000000000000000000000000000000000000000000000
000000000000000000000000000000000011000011000000100011000000011000110000000110100010000000010010000000000000000000110000000000000000000000010000000000000000000000000000000000000000000000000000010000000000000000000000000000000000000000000000000000000000000000000000010000000000000000000000000000000000
000000000000000000000000000000000011000110100000011010100000011000110000000000010100000000010010000000001110011100000000000000000000000000010000000000000000000000000000000000001000000000000000000000000000000000000000000000000000000000000000000000000000000000000001001000000000000000000000000000001100
000000000000000000000000000000000000000110100000000100100000000101100000000000001000000000001001000000001110000000100000000000000000000000000000000000000000000000000000000000001000000000000000000000000000000000000000000000000000000000000000000000000000000000000001001000000000000000000000000000001100
000110000000000000000000000000000000000001000000000010100000000001101000000000000000000010110001000000001100000000000000000000000000000000000000000000000000100000000000000000001000000000000000000000000000000000000000000000001100000000011100000000000000000000000000100000000000000000000000000000000000
000110000000000000000000000000000000000000000000000011000000000000110000000000000000000001000001000000011100000000000000000000000000000000000000000000000001010000000000000000000000000000000000000000000000000000000000000000001100000000000000000000000000110000000000000000000000000000000000000000000000
000000000000000000000000000000000000000000000000000000000000000000000000000000000000000001110100000000011000000000000000000000000000000000000000000000000000100000000000000000000000000000000000000000000000000000000000000000000000000000000000000000000000110000000000000000000000000000000000000000000000
000000000000000000011100011000000000000000000000000000000000110110000001100000000000000000000000000000010000000000000000000000000000000000000000000000000000000000000000000000000000000000000000000000000000000000000000000000000000000000000000000000000000000000000000000000000000000000000000000000000000
000000000000000000000000100100000000000000000000000000000000100010000010100000000000000111000000000110000000000000000000000000000000000000000000000000000000000000000000000000000000000000000000000000000000000000000000000000000000000000000000000100000000000000000000000000000000000000000000000000000000
000000000000000000000000010000000000000000000000000000000000011100000001000000000000001000100000000110110000000000000000000000000000000000000000000000000000000000000000000000000000000000000000000000000000000000000000000000000000000000000000001010000000000000000000000000000000000000000000100000000000
000000000000000000000000000000000000000000000000000000000000001000000000000000000001111000100000000111111000000000000001000000000000000000000000000000000000000000000000000000000000000000000000000000000000000000000000000000000000000000000000001100000000000000000000000000000000000000110001100000000000
000000000000000000000000000000000000000000000000000000000000000000000000000000000011000110010000001000100000001100011011100000000000000000000000000000000000000000000000000000000000000000000000000000000000000000000000000000000000010000000000000000000000000000000000000000000000000000110001100000000000
000000000000000000000000000000000001100000000000000000000000000000000000000000000110001010010000011110010110001100011000010000000000000000000000000000000000000000000000000000000000000000000000000000000000000000000000000000000000011000000000000000000000000000000000000000000000000000000001000000000000
000000000000000000000000000000000001100000000000000000000000000000000000000000001010000010010000100000000100000000001000010000000000000000000000000000000000000000000000000000000000000001100000000000000000000000000000000000000000100100000000000000000000000000000000000000000000000000000000000000000000
000000000000000000000000000000000000000000000000000000000000000000000000000000000110000010010000100000001000000000000011100000001000000000000000000000000000000000000000000000000000000001100000000000000000000110000000000000000000011000000000000000000000000000000000000000000000000000000000000000000000
000000000000000110000000000000000000000000000000000000000000000000000000000000000011100010010000000000000000000000000000000000001000000000000000000000000000010000000000000000000000000000000000000000000000000110000000000001000000110000000000000000000000000000000000000000000000000000000000000000000000
000000000000000110000000000000000000000111000000000000000110000000000000000000000000000011000000010001000000000000000000000110001000000000000000000000000000101000000000000000000000000000000000000000000000000000000000000011000000110000000000000000000000000000000000000000000000000000000000000000000000
000000000000000000000000000000000000000000000000000000001001000000000000000000000000000001100000000011000000000000000000000110000000000000000000000000000001001000000000000000000000000000000000000000000000000000000000000110000001110000000000000000000000000000000000000000000000000000000000000000000000
000000000000000000000000000000000000010000000000000000000110000000000000000000000000000000000000000000000000000000000000001001000000000000000000000000000000110000000000000000000000000000000000000000000000000000000000000010100000000000000000000000000000000000000000000000000000000000000000000000000000
000000000000000000000000000000000000010000000000000011000000000000000000000000000000000000000000000000000000000000000011111011000000000000000000000000000000000000000000000000110000000000000000000000000000000000000000000001100000000000000000000000000000000000000000000000000000000000000000000000000000
000000000000000000000000000000000000010000000000000100100000011000000000000000000000000000000000000000000000000000000010110011000000000000000000000000000000000000000000000000101000000000000000000000000000001100000000000000100000000000000000000000000000000000000000000000000000000000000000000000000000
000000000000000000000000000000000000000000000000000100000000011000000000000000000000000000000000000000011100000110000000111011000000000000000011000000000000000000000000000000010000000000000000000000000000001100000000000000000000000000000000000000000000000000000000000000000000000000000000000000000000
000000000000000000000000000000000000000000000000000100000000000000000000000000000000000000000000000000101100011010100000000100000000000000000011000000000000000000000000000000000000000000000000000000000000000000000000000000000000000000000000000000000000000000000000000000000000000000000000000000000000
000000000000000000000000000000000000000000000000000100010000000000000000000000000000000000000000000000100000000100110000000000000000000000000000000000000000000000000000000000000000000000011000000000000000000000000000000001100000000000000000000000000000000000000000000000000000000000000000000000000000
000100000000000000000000000000000000000000000000110100000000000000000000011100000000000000000000000000110001000001000000100000000000000000000000000000000000000000000000000000000000000000001100000000000000000000000000000001111000110000000000000000000001100000000000000000000000000000000000000000000000
001010000000000000000000000000000000000000000000011001100000000000000000000000000000000000000000000000011111100000000001110000000000000000000000000000000000000000000000000000000000000000101000000000000000000000000000000010000000110000000000010100000001100000000000000000000000000000000000000000000000
001100000000000000000000000000000000000000000001111001000000000000000000010100000000000000000000000000001111111100000010101000000000000000000000000000000000000000000011000000000000000000000000000000000000000000000000000001001000000000000000001100000000000000000000000000000000000000000000000000000000
000000000000000000000000000000000000000011000001101000000000000000000000001000000000000000000000000000000000011000000010101000000000000000000000000000000000000000000100100000000000000010000001100000000000000000000000000001110000000000000000001000000000000000000000000111000000000000000000000000000000
000000000000000000000000000000000000000011000000101110000000000000000000000000000000000000000000000000000000000000000001110000000000000000000000000000000000000000000011000000000000001000010001100000000000000000000000000000000000000000000000000000000000000000000000000111100000000000000000000000000000
000000000000000000000000000000000000000000000000010000000000000000000000000000111000000000000000000000000000000000000000100000000000000000000000000000000000000000000000000000000000000101000000000000000000000000000000000000000000000000000000000000000000000000000000001000010000000000000000000000000000
000000000000000000000000000000000000000000000000000000000000000000000000000001000100000000000000000000000000000000000000000000000000000000000000000110000010000000000000000000000000000010000000000000000000000000000000000000000000000000000000000000000000000000000000000101100000000000000000000000000000
000000000000000000000000000000000000000000000000000000000000000000000000000000101100000000000000000000000000000000000000000110000000000000000000000110000101000000000000000000000000000000000000000000000000000000000000000000000000000000000000000000000000000000000000111010000000000000000000000000000000
000000000000000000000000000000000000000000000000000000000000000000000000000000000000000000001110000000000000000000000000000110000000000000000000000000000101000000000000000000000000000000000000000000000000000000000000000000000000000000000000000000000000000000000011110100000000000000000000000000000000
000000000000000000000000000000000000000000000000000000000001100000000000000000000000000000000000000001000000000000000000000000000000000000000000000000000010000000000000000000000000110000000000000000000000000000000000000000000000000000000000000000000000000000000001000000000000000000000000000100000000
000000000000000000000000000000000000000000000000000000000010010000000000000000000000000000100000100001000000000000000000000000000000000000000000000000000000000000000000000000000000110000000000000000000000000000000000000000000000000000000000000000000000000000000010000000000000000000000000001010000000
000000000000000000000000000000000000000000000000000000000001100000000000000000000000000000100000100001000000000000000000000000000000000000000000000001100000001100000000000000000000000001000000000000000000000000000000000000000000000000000000000000000000000000000000000000000000000000000000001010000000
000000000000000000000000000000000000000000000000000000000000000000000000000000000000000000100000100000000000000000000000000000000000000000000000000010010000010010000000000000000000000010100000000000000000000000000000000000000000000000000000000000000000000000000000000000000000000000000000000100000000
000000000000000000000000000000000000000000000000000000000000000000000000000000011000000000000000000000000000000000000000000000000000000000000000000001100000001100000000000000000000000011000000000000000000000000000000000000000000000011100000000000000000000000000000000000000000000000000000000000000000
000000000001100000000000000000000000000000000000000000000000000000000000000000011000000000001110000000000000110000000000000000000000000000000000000000000000000000000000000000000000000000000000000000000000000000000000000000000000000000000000000000000000000000000000000000000000000000000000000000000000
000000000001100000000000000000000000000000010001100000000000000000000000000000000000000000000000000000000000110000000000000000000000000010000000111000000010000000000000000000000000000000000000000000000000000000000000000000000000000000000000000000100000000000000000000000000000000000000000000000000000
000000000000000000000000111000000100000001111001100000000000000000000000000000000000000000000000000000000000000000000000000000000000000101000000000000000101000000000000000000000000000000000001100000000000000000000000000000000000000000000000000001010000000000000000000000000000000000000000000000000000
000000000000000000000000000000001010000011010000010000000000000000000000000000000000000000000000000000000000000000000000000000000000000110000000000000000101000000000000000000000000000000000010010000000000000000000001000000000000000000000000000001010000000000000000000000000000000000000000000000000000
000000000000000100000010000010000100011000000011010000000000000000000000110111000000000000000000000000000000000000000000000000000000000000000000000000000010000000000000000001000000000000000001100000000001100000000010100000000000000000000000000000100000000000000000000000000000000000000000000000000000
000000000000001010000010000010000000011011000011101000000011000000000000100000000000000000000000000000000000000000000000000000000000000000000000000000000000000000000000000011100000000000000000000000000001100000000010100000000000000000000000000000000000000000000000000000000000000000000000000000000000
000000000000010010000010000010000001101000000010110000000011000000000000100000110000000000000000000000000000000000000000000000000000000000000000000000000000000000000000000101010000000000000000000000000000000000000001000000000000000000000000000000000000000000000000000000000000000000000000000000000000
000000000000001100000000000000000010010000000000000000000000000000000000010101110000000000000000000000000000000000000000000000000000000000000000000000000000000000000000001100011000000000000000000000000000000000000000000000000000000000000000000000000000000000000000000000110000000000000000000000000000
000000000000000000000000111000000000011000110000000000000000000000000110001000000000000000000000000000001000000000000000000000000110000000110000000000000000000000000000001100011000000000000000000000000000000000000000000000000000000000000000000000000000000000000000000000110000000000000000000110000000
000000000000000000000000000000000000010100110100000000000000000000000110000000000000000000000000000000001000000000000000000000001001000000000000000000000000000000000000001100011000000000000000000000000000000000000000000000000000000000000000000000000000000000000000000000000000000000000000000110000000
000000000000000000000000000000000010100001100100000000000000000000000000000111000000001100000000000000001000000000000000000000000110000100010000001000000000000000000000000010100000000000000000000000000000000000001100000000000000000000000000000000000000000000000000000000000000000000000000000000000000
000000000000000000000000000000000000000010001100000000000000000000000000000000000000001100000000000000000000000000000000000000000000000000000000001000000000000000000000000010100000000000000000000000000000000000010010000000000000000000000000000000000000000000000000000000000000000000000000000000000000
000000000000000000000000000000000000000010010000000000000000000000000000000101000000000000000000000000000000000000000000000000000000000100100000001000000000000000000000000000000000000000000000000000000000001000001100000000000000000000000000000000000000000000000000000000000000000000001100000000000000
000000000000000000000000000000000000000100010000000000000000000000000000000010000000000000000000000000000000000000000000000000000000000011110000000000100000000000000000000011100000000000000000000000000000010100000000000000000000000001000000000000000000000000000000000000000000000000001100000000000000
000000000000000000000000000000000000000010000000000000000000000000000000000000000000000000000000000000000000000000000000000000000000000000011000000001010000000000000000000000011000000000000000000000000000010100000000000000000000000001000000000000000000000000000000000000000000000000000000000000000000
000000000000000000000000000000000000000000000000000000000000000000000000000000000000000000000000000000000000000000000000000000000000010000011000000001100000000000000000000000111000000000000000000000000000001000100000000000000000000001000000000000000000000000000000000000000000000000000000000000000000
000000000000000000100000000000000000000000000000000000000000000000000000000000000000000000000000000000000000000000000000000000000000011000000000000000000000000000000000000000000010000000000000000000000000000000100000000000000000000000000000000000000000000000000000000000000000000000000000000000000000
000000000000000001010000000000000000000000010000000000000000000000000000000000000000000000000000000000000000000000000000000000000000000000000000000000000000000000000000000011010001000000000000000000000000000000100000000000000000011100011100000000000000000000000000000000000000000000000000000000000000
000000000000000001001000000000000000000000101000000000000001000000000000000000000000000000000000000000000000000000000000000000000011100000000000000000000000000000000000000000100001000000000000000000000000000000000000000000000000000000000000000000000000000000000000000000000000000000000000000000000000
000000000000000000110000000000011000000000101000000000000010100000000000000000000011000000000000000000000000000000000000000000000010100000000000000000000000000000000000000011000000110000000000000000000000000000000000000000000000000001000000011000000000000000000000000000000000000000000000000000000000
000000000000000000000000000000100100000000010000000000000010010000000000000000000011000000000000000000000000000000000000000000000010000000000000000000110000000000000000000101000110010000000000000000000000000000000000000000000000000001000000011000000000000000000000000000000000000000000000000000000000
010000000000000000000000000000101000000000000000000000000001100000000000000000000000000000000000000010000000000000000000000000000000000000000000000000110000000000000000000101001000010000000000000000000000000000000000000000000000000001000000000000000000000000000000000000000000000000000000000000000000
101000000000000000110000000000010000000000000000000000000000000000000000000000000000000000000000000101000000000000000000000000000000000000000000111000000000000000000011000011000001100000000000000000000000000000000000000000000001000000000000000000000000000000000000000000000000000000000000000000000000
101000000000000000110000000000000000000000000000000000000000000000000000000000000000000000000000000101000000000000000000000000000000000000011100011000000000000000000100100010000010000000000000000000000000000000000000000000000001000000000000000000000000000000000000000000000000000000000000000000000000
010000000000000000000000000000000000000000000000000000000000000000000000000000000000000000000000000010000000000000000000000000000000000000010000001110000000000000000011000001101010000000000000000000000000000000000000000000000001000000010000000000000000111000000000000000000000000000000000000000000000
000000000000000000000000000000000000000000000000000000000000000000000000000000000000000000000000000000000000000000000000000000110000000000010001000011000000000000000000000001110111101111000000000000000000000000000000000000000000000000101000000000000000000000000000000000000000000000000000000000000000
000000000000000000000000000000000000000000000000000000000000110000000000000000000000000000000000000000000000000000000000000001001000000000001000100000100000000000000000000000000101100101000000000000000000000000000000000000000000011100101000000000000010000010000000000000000000000000000000000000000000
000000110000000000000000000000000000000000000000000000000111110010100000000000000000000000000000000000011000000000000000000001010000000000000000100000110000000000000000000000000100000110000000000000000000000000000000000000000000000000010000000000000010000010000000000000000000000000000000000000000000
000000110000000000000000000000000000000000000000000000000100000010100000000000000000001100000000000000011000000000000000000000100000000000000000000001011000000000000000000000000110001010000000000000000000000000000000000000000000000000000000011000000010000010000000000000000000000000000000000000000000
000000000000000000000000000000000001110000000000000001101000000000000000000000000000001100000000000000000000000000011000000000000000000000000000000000101000000000000000000000000010001010000000000000000000000000000000000000000001000000000000011000000000000000000000000000000000000000000000000000000000
000000000000000000000000000000000000000000000000000001010000000010100000000000000000000000000000000000000000000000011000000000000000000000000010110000111000000000000000000000000000000100011000000000000000000000000000000000000010100000010000000000000000111000000000000000000000000000000000000000000000
000000000000000000000000000000000000000000000000000000000110100010100000000000000000000000000000000000000000000000000000000000000000000000000100110000000000000000000000000000000000000000011000000000000000000100000000000000000100100000010000000000000000000000000000000000000000000000000000000000000000
000000000000000000000000000000000000000000000000000001111001100001000000000000000000000000000000000000000000000000000000000000000000000000000010010000000000000000000000000000000000000000000000000000000000001010000000000000000011000000010000000000000000000000000000000000000000000000000000000000001000
000000000000000000000000000000000000000000010000000110000111100000000000000000001110000000000000000000000000000000000000000000000000000000000000000000000000000000001000000000100000000000000000000110000000000100000000000000000000000000000000000000000000000000000000000000000000000000000000000000010100
000000000000000000000000000000000000000000110000001011111100000000000000000000000000000000000000000000000000000000000000000000000000000000000000000000000000000000010100000001010000000000000000000110000000000000000000000000000000000111000111000000000000000000000000000000000000000000000000000000010100
000000000000000000000000000000000000000000110000001011101000000000000000000000000000000000000000110000000000000000000000010000010000000000000000000000000000000000010100000001010000000000000000000000000000000000000000000000000000000000000000000000000000000000000000000000000000000000000000000000001000
000000000000000000000000000000000000000000100000000100000000000000000000000000000000000000000000110000000000000000000000010000101100000000000000000000000000000000001000000000100000000000000000110000000000000000000000000000000000000000010000000000000000000000000000000000000000000000000000000000000000
000000000000000000000000000000000011000000000000000000000000000000000001000000000000000000000000000000000000000000000000010000000010000000000000000000000000000000000000000000000000000000000001011000000000000000000000000000000000000000010000000000000000000000000000000000000000000000000000000000000000
000000000000000000000000000000000011000000000000000000000000000000000010100000000000001110000000000000000000000000000000000000110000000000000000000000000000000000000000000000000000000000000000001100000000000000000000000000000000000000010000000000000000000000000000000000000000000000000000000000000000
000000000000000000000000000000000000000000000000000000000000000000000010100000000000000000000000000000000000000000000000000000100000000000000000000000000000000000000000000000000000000000000000101110000000000000000000000000000000000000000000000000000000000000000000000000000000000000000000000000000000
000000000000000000000001000000000000000000000000000000000000000000000001000000000000100000100000000000001000000000000000000000001100100000000000001100000000000000000000000000000001100000000000110001000000000000000000000000000000000000000000000000000000000000000000000000000000000000000000000001100000
000000000000000000000001000000000000000000000000000000010000000000000000000000000000100000100000000000110110000000000000000000001111100000000000001100000000010000000000000000000010100000000000000000000000000000000000000000000000000000000000000000000000000000000000000000010000000000000000000001100000
000000000000000000000001000000000000000000000000000000010000000110000000000000000000100000100000000010000110000000000000000000000000000000000000000000000000101000000000000000000011000000000000000001000000000000000000000000000000000000000000000000000000000000000000000000101000000000001110000000000000
000000000000000000000000000000000000000000000100000000010000000110000000000000000000000000000000001110000000000000000000000000000000000000000000000000000000101000000000000000000000000000001110101000000000000000000000000000000000000000000000000000000000000000110000000000101000000000000000000000000000
000000000000000000011100000000000000000000001010000000000000000000000000000000000000001110000000010000011011000000000000000000000000000000000000000000000000010000000000000000000000000001111010100000001000000000000000000000000000000000000000000000000000000001001000000000010000000000000000000000000000
000000000000000000000000000000000000000000000110000111000111000000000000000000000000000000000000100011010111000000000000000000000000000000000000000000000000000000000000000000000000000011100000100000001000000000000000000000000000000000000000000000000000000000110000000000000000000000000000000000000000
000000000000000000000000000000000000000000000000000000000000000000000000000000000000000000000000100110100000000000000001100001100000000000000000000000000000000000000000000000000000000010010000100000001000000000000000000000000000000000000000000000000000000000000000001100000001100000000000000000000000
000000000000000000000011000000000000011000000000000000010000000000000000000000000000000000000000101001110000000000011001000001110000000000000000000000000000000000000000000000000000000000010000100000000000000000000000000000000000000000000000000000000000000000000000010010000001100000000000000000000000
000000000000011100000011000000000000100100000000000000010000000000000000000000000000000000000000111001000000000000011001100011100010000000000000000000000000000000000000000000000000000000110000100000000000000000000000000000000000000000000000000000000000000000000000001100000000000000000000000000000000
000000000000000000000000000000010001001000000000000000010000000000000000000000000000000000000000000111011000000000000000000010000111000000000000000110000000000000000000000000000000000000000000100000000000000000000000000000000000000000000000000000000000000000000000000000000000000000000000000000000000
000000000000000000000000000000010000110000000000000000000000100000000000000000000000000000000000000110101000000000000000000000000101000000000000000110000000000000000000000000000000000000000100100000000000000000000000000000000000000000000000000000000000000001100000000000000000000000000000000000000000
000000000000000000000000000000010000000000000000000000000000100000000000000000111000000000000000000110110000000000000000000000000010100000000000000000000000000000000000000000000000000000000010000000000000000000000000000000000000000000000000000000000000000001100000000000110000000000000000000000000000
000000000000000000000000000000000000000000000000000000000000100000000000000000000000000000000000000001100000000001100000000000000001000000000000000000000000000000000000000000000000000000000000000000000000000000000000000000000000000000000000000000011000000000000010000000110000000000000000000000000000
000000000000000000000000000111000111000000000000000000000000000000000000000000000000000000000000000000000000000001100000000000000001000000000000000000000000000000000000000000000000000000000000000000000001100000000000000000000000000000000000011000010100000000000101000000000000000000000000000000000000
000000000000000000000000000000000000000000000000000000001110001110000000000000000000000000000000000000000000000000000000000000000000000000000000000000000000000000000000000000000000000000000000000000000001100000000000000000000000000000000000100100001000000000001010000000000000000000001100000000000000
000000111000000000000000000000010000000000000000000000000000000000000000000000000000000000000000000110000000000000000000000000000000000000000000000000000000000000000000000001000000001100000000000000000000000000000000000000000000000000000000101000000000000000001100000000000000000000001100000000000000
000000000000000000000000000000010000000000000000000000000000100000000000000000000000000000000000000110000000000000000000000000011011000000000000000000000000000000000000000010100000100100000000000000000000000000000000000000000000000000000000010000000000000000000000000000000000000000000000000000000000
000010000010000000000000000000010000000000000000000000000000100000000000000000000001110000100000000000000000000000000000000000000011000000000000000000000000000000000000000010100000010100000000000000000000000000000000000000000000000000000000000000000000000000000000000000000000011000000000000000000000
000010000010000000000110000000000000000000000000000000000000100000000000000000000010010001001000000000000000000000001000110000100010000000000000000000000000000000000000000001000000000000000000000000000000000000000000000000000000000000000000000000000000000000000000000000000000011000000000000000000000
000010000010000000000110000000000000000000000000000000000000000000000000000000000110111001001000000000000000000000001000010001100000000000000000000000000000000000000000000000000000000000000000000000000001000000000000000000000000000000000000000000000000000000000000000000000000000000000000000000000000
000000000000000000000000000000000000000000000000000000000000000000000000000000000011111010000000000000000000000000001000100001011100000000000000011100000000000000000000000000000000000000000000000000000111000000000000000000000000010100000000000000000000000000000000000000000000000000000000000000000000
000000111000000000000000000000000000000000000000000000000000000000000000000000000000000010010000000000000000000000000001100010111000000000000000000000000000000000000000000000000000000000000000000100000000100000000000000000000000001010000000000000000000000000000000000000000000000000000000001000000000
000000000000000000000000000000000000000000000000000000000000000000000000000000000000010010100000000000000000000000000000000001100000000000000001000001000000000000000000000000000000000000000000001110000100000000000000000000000000000000000000000000000000001100000000000000000000000000000000010100000000
001000000000000000000000000000000000000000000000000000000011000000000000000000000000110000000000000000000000000000000000000000100000000000000001000001000000000000000000110000000000000000000000001110000011000000000000000000000000000010000000000000000000001100000000000000000000000000000000010100000000
001000000000000000000000000000000000000000000000000000000011000000000000000000000000000000000000000000000000000000000000000000000000000000000001000001000000000000000000110000010000000000000000000000000000000000000011000000001110100000001010000000000000000000000000000000000001000000000000001000000000
001000000000000000000000000000000000000000000000000000000000000000000000000000000010111000000000000000000000000110000110000000000000000000000000000000000000000000000000000000010000000000000000000100000000000000000100100000001000000100011000100000000000000000000000000000000001000000000000000000000000
000000011000000000000000000000000110000000000000000000000000000000000000000000000001010000000000000000000000001000001001000000000000000000000000011100000000000000000000000000010000000000000000010111100000000000000011000000000000000010100000000000000000000000000000000000000001000000000000000000000000
000000100100000000000000000000000110000000000000000000000000000000000000000000000000000001100000000000000000010000000101000000000000000000000000000000000000000000000000000000000000000000000001110011100000000000000000000000000010000110000010000000000000000000000000000000000000000000000000000000000000
000000010100000000000000000000000000000000000000000000000000000000000000000000000000000011100000000000000000001000000010000000000000000000000000000000000000000000000000000000000000000000000001111010000000000000000000000000000001110110000000100010000000000000000000000000011100011100000000000010000000
000110001000000000000000000000000000000000000000000000000000000000000000000000000000000000001100000000000000000000000000000000000000000000000000000000000000000000000000010000000000000000000000001000000000000000000000000000000000110111001001100001000000000000000000000000000000000000000110000101000000
000110000000000000000000000000000000000000000000000000000000000000000000000000000000000000000000000000111001000000111000000000000110000000000000000000000000000000000000101000000000000000000000000000000000000000000000000000000100001110100001110101000000001000000000000000000001000000000110000101000000
000000000000000000000000000000000000000000000000000000000000000000000000110000000000000000001000000000000001000000000100000000000110000000000000000000000000000000000000101000000000000000000000011100000000000000000000000000001010001110000010100010000000010100000000000000000001000000000000000010000000
000000000000000000000000000000000000000000000000000000000000000000000011011010000000000000000000000010000011100000100100000000000000000000000000000000000000000000000000010000000000000000000000011100001100000000000000000000001010000000000000000000000000101000000000000000000001000000100000000000000000
000000000000000000000000000001110000000000000000000000000000000000000011010001000000000110000000000010000000000000011000000000000000000000000000000000000000000000000000000000000000000000000000001000001100001100101000000000000100000000000000000000000000110000000000000000000000000000100000000000000000
000000000000000000000000000000000000000000000000000000000000000000000100010001000000000010000000000010000000000000000000010000001000000000000000000000000000000000000000000000000000000000000000000000000000001000001000000000000000000000000000000000000000000000000000000000000000000000100000000000000000
000000000000000000000000000000000000000000000000000000000000000000000101000001000000000000000000000000000011100000000001100000010100000000000000000000000000000000000000000000000000000000000000000000000000001011000100000000000000000000000000000000000000000000000000000000000000000000000000000000000000
000000000000000000000000000000000000000000000000000000000000000000000100000010010000000000000000000000000001000000000000110000001000000000000000000000000000000000000000000000000000000000000000000000000000000001110010000000000000000000000000000000000000000000000000000000000000000000000000000000000000
000000000000000000000000000000000000000000000000000000000000000000001111101101110000000000000000000000000001000000000000000000000000000000000000000000000000000000000000000000000000000000000000000000000000000000001100000000000000000000000000000000000000000000000000000000000000000000000000000000000000
000000000000000000000011000000000000000000000000000000000000000000000100100000101000000000000000000000000000000000000000000000000000000000000000000000000000000000000000000000000000000000110000000000000000000000000000000000000000000000000000000000000000000000000000000000000000000000011000000000000000
000000000000000000000011000000011000000000000000100000000000000000000010011100011000000000000000100000110001100000000000000000001000000000000000000000000000000000000000000000000000000000110000000000000000000000000000000000000000000000000010000000000000000000000000000000000000000000011000000000000000
000000000000000000000000000000011000000000000010100000000000000000000011101110100000000000000000100001011010010000000000000000010100000000000000000000000000000000000000000000000000000000000000000000000000000010111000000000000000000000000101000000000000000000000000000000000000000000000000000000000000
000000000000000000011000000000000000000000000100000001111001100000000000000011100010000000000000100011001100100000000000000000010100000000000000000000000000000000000000000000000000000000000000000000000001100011011000000000110011000000000101000000000000000000000000000000000000000000000000000000000000
000000000000000000100100000000000000000000000100100010000001100000000000000001101100000000000000000001100000000000000000000000001000000000000000000000000000000000000000000000000000000000000000000000000001010000000000000000111001100000000010000000000000000000000000000000000000011000000000000000000000
000000000000000000011000000000000000000000000100000001000001000000000000000001000101100000001110000000110001100000000000000000000000000000001100000000000000000000000000000000000000000000000000000000000000110000000000000100000111000000000000000000000000000000000000000000000000100100000000000000000000
000000000000000000000000000000000000000000000100010000000100000011000000000000001011100000000000000000000000010000000000000000000000000000001100000000000000000000000000000000000000000000000000000000000000000000000000000100100010000000000000000000000000000000000000000000000000010100000000000000000000
000000000001100000000000000000000000000000000010010001000000110011000000000000001110110000000000100000000110110000000000000000000000000000000000000000000000000000000000000000000000000000000000000011100000000000110000000000010100000000000000000000000000000000000000000000000000001000001000000000000000
000000000001100000000000000000000000000000000000100001000011111101100000000000000001000000000000100000000000000000000000000000000000000000000000000000000000000000000000000000000000000000000000000000000000000010000000001010011000000000000000000000000000000000000000000000000000000000010100000000000000
000000000110000000000000000000000000000000000000000000100000011101000000000000000000000000000000100000000000000000000000000000000000000000000000001000000000000000000000000000000000000000000000000000000000000011011000010010100000000000000000000000000000000000000000000000000000000000100100000000000000
000000000110000000000000000000000000000000000000000000000001100111000100000000000000000000000000000000000000000000000000000000000000000000000000001000000000000000000000000000000000000000000000000000000000000000111000010010101000000000000000000000000000000000000000000000000000000000011000000000000000
000000000000000000000000000000000000000000000000000000000000100000001010000000000000000000000000000000000000110000000000000000000000000000000000001000000000001000000000000000000000000000000000000000000000001100100100011000101000000000000000000000000000000000000000000000000000000000000000000000000000
000000000000000000000000000000000000000000000000000000000000101000001001000000000000000000000000000000000000110000000000000000000000000000000000000000000000001000000000000000000000000000000000000000000000010011001000000000100110000000000000000000000000000000000000000000000000000000000000000000000000
000000000000000000000000000000000000000000000000000000000000011000000110000000000000000000000000000000000000000000000000000000000000000000011000000000000000001000000000000000000000000000000000000000000000011101001000000000110000000110000000000000000000000000000000000000000000000000000000000000000000
001100000000000000000000000000000000000000000000000000000000100100000000000000000000000000000000000000000000000000000000000000000000000000100100000000000000000000000000000000000000000000000000000000000000010101010000000000010110000000000000000000000000000000000000000000000000000000000000000000000000
001100000000000000000011100000000000000000000000000000000000011000000000000000000000000000000000000000000000000000000000000000000000000000011000000000000000000000010000000000000000000000000100000000000000001100000000000000001110000000000000000000000000000000000000000000000000000000000000000000000000
000000000000000000000000000000000001100000000000000000000000000000000000000000000000000000000000000000000000000000000000000000000000000000000000000000000000000000010000000000000000000000001010000000000000001111000000000000000000000000000000000000000000000000000110000000110000000000000000000000000110
000000000000000000000000000000000010010000000000000000000000000011000000000000000000000000000000000000000000000000000000000000000000000000000000000000000000000000010000000000000000000000001010000000000000000111000000000000000000000000000000000000000000000000001001000001001000000000000000000000000110
000000000000000000000000000000000001100000000001110000000000000011000000000000000000000000000000000000000000000000000000000000000000000000000000000000000000000000000000000000000000000000000100000000000000000010010000000000000000000000000000000000000000000000000110000000110000000000000000000000000000
000000000000000000000000000000000000000000000000000000000000000000000000000000000000000000000000000000000000000000111000000000000000000000000000000000000000000000000111000000000000000000000000000000000000000001100000000000000000000000000000000000000000000000000000000000000000000000000000000000000000
000000000000000000000001100000000001100000000000000000000000000000000000000000000000000000000000000000000000000001001100000000000000000011000000000000000000000000000000000000000000000011000000011000000000000000000000000000000000000000000000000000000000000000000000001000000000000000000000000000000000
000000000000000000000001100000000010010000000000000000000000000000000000000000000000000000000000000000000000000000001111000000000000000100100000000000000000000000000000000000000000000100100000100100000000000000000000000000000000000010000000000000000000000000000000010100000000000000000000000000000000
000000000000000000000000000000000001100000110000000000000000000000000000000000000000000000000000000000000000000010010111000000000000000100100000000000000000000000000000000000000000000011000000011000000000000110000000000000000000001100000000000000000011000000000000010100000000000000000000000000000000
110000000000001100000000000000000000000001001000000000000000000000000000000000000000000000000000000000000000000001010001110000000000000011000000111000000000000000000000000000000000000000000000000000000000000000000000000000000000000111001000000000000010110000000000001000000000000000000000000000000000
110000000000001100000000000000000000000000110000000000000000000000000000000000000000000000000000000000000000000000100000000000000000000000000000000000000000000000000000000000000000000000000100000000000000000000000000000011011000000011001000000000000001110000000000000000000000000000000000000000000000
000000000000000000000000000000000000000000000000000000000000000000000000000000000000000000000000000000000000000000000000000000000000000000000000000000000000000000000000000000000000000000001010000000000000000000000000000001000100000000000000000000000000100000000000000000000000000000000000000000000000
000000000000000000000000000000000000110000000000000000000000000000000000000000000000000000000000000000000000000000000000000011000000000000000001000000000001110000000000000000000000000000001010000000000001100000000000000001000100000000000000000000000000000000000000000000000000000000000000000000000000
000000000000000000010000000000000001001000000000000000001100000000000000000000000000000000000000000000000000000000000000000011000000000000000001000000000000100000000000000000001100000000000100000000000001100000000000000000000100000000000000000000000000000000000000000000000000000000000000000000000000
000000000000000000101000000000000000110000000000000000001100000000000000000000000000000000000000000000000000000000000000000000000000000000000001000000000000000000000000000000010100000000000000000000000000000000000000000000111000000000000000000000000000000000000000000000000000000000000000000000000000
000000000000000000101000000000000000000000000000000000000000000000000000000000000000000000000000000000000000000000000000000000000000000000000000000000000000011111000000000000001000011100000000010000000000000000000000000000000000000000000000000000000000000000000000000000000000000000000000000000000000
000000000000000000010000000000000000000000000000000000000000000000000000000000000001100011000000000000000000000000000000000000000000000000000000000000000000111000011000000000000000011100000000010000000000000000000000000000000000000000000000000000000000000000000000000000000000000000000000000000000000
000000000000000000000000000000000000000000000000000000000000000000000000000000000001100100100000000000000000000000000000000000000000000000000000000000000000101000001000000000000000100010000000010000000000000000000000000000000000000001100000000000000000000000000000000000000000000000000000000000000000
000000000000000000000000000000000000000000000000000000000000000000000000000000000000000011000000000000000000000000000000000000000000000000110000000000000000001100001000000000100000011010000000000000000000000000000000000000011000000011110000000000000000000000000000000000000000000000000000000000000000
000000011100000000000000000000000000000000000000000000000000000000000000000000000000000000000000000000000000000000000000000000000000000000110000000000000000000110110000000000100000000000000111000111000000000000000000000000000000000110011001000000000000000000000000000000000000000000000000000000000000
000000000000000000000000000000000000000000000000000001000000000000000000000000000000000000000000000000000000000000000000000000000000000000000000000000011101100010000000000000010000110000000000000000000000000000000000000011100000000101010001100000000011000000000000000000000000000000000000000000000000
000000000001000000000000000000000000000000000110000001000100000000000000000000000000000000000000000000000000000000000000000000000000000000000000000000100001100110000000000001100001010000000000010000000010000000000000000010000000000111100001010000000011000000000000000000000000000000000000000000000000
000000000001000100000000000000000000000001001111000001101011000000000000000000000000000000000000000000000000000000000000000000000000000000000000000000100100010110000000000010010001100000000000010000000010000000000000000001100000000110000011000000000000000000000000000000000000000000000001100000000000
000000000001000100000010000000000000000000000001100000000011000000000000000000000000001110000000000000000000000000000000000000000000000000000000000000010100001110000000000001100000000011000000010000000010000000000000000000000000001100001000000100000000000000000000000000000000000000000001100000000000
000000000000000100000010000000000000000100010100110000100010000000000000000000000000000000000000000000000000000000000000000000000000000000000000000000000000000000000000000000000000000100000000000000000000000000000000000000000000110000010010100010000000000000000000000000000000000000000000000000000000
000000000000000000000010000000000000001001001110111000011100000000000000000000000000000000000000000000000000000000000000000000000000000000000000000000000000000000000001000000000000000011000000000000000001000000000000000000000000001110010100011010000000110000000000000000000000000000000000000000110011
000001000000000000000000000000000000000100000100011110110000000000000000000000000000000000000000000000000000000000000000000000000000000000000000000000000000000000000010100000000000000000000000000000000001000000000000000000000000000011001000000100000000110000000000000000000000000000000000000000110011
000001000000000000000000000000000000000011000000011000100000000000000000000000000000000000000000000000000100000000000000000000000000000000000000000000000000000000000001000000000000000000000000000000000001000000000000000000000000000001111000000000000000000000000000000000000000000000000000000000000000
000001000000000000000000000000000000000001000100100101100001110000000000000000000000000000000000000000001010000000000000000000000000000000110000000000000000000000000000000000000000000000000000000000000000000000000000000000000000000011010000000000000000000000001100000000000000000000000000000000000000
000000000000000000000000000000000000000000011111000010000000000000000000000000000000000000000000000000000110000000000000000000000010000000110000000000000000000110000000000000000000000000000000000000000000011100000000000000000000000000000000000000000000000000001100000000000000000000000001000000000000
000000000000000000000000000000000000000000000000000000000000000000000000000000000000000000000000000000000000000000000000000000000101000000000000000000100000000110000000000000000000000000000000000000000000000000000000000001100000000000000000000000000000000000000000000000000000000000000001000000000000
000000000000000000000000000000000000000000000000000000000000000000000000000000000000000000000000000000000000000000000000000000001001000000000000000000111000000000000000000000000000000000000000000000000000000000000000000001100000000000000000000000000000000000000000110000000000000000000001000000000000
000000000000000001100000000000000000000000000000000000000000000000000000000000000000000000000000000000000000000110000000000000001010000000000000000000010000010000000000000000000000000000000000000000000000000000000000000000000000000000000000000000000000000000000000110000000000000000000000000000000000
000000000000000001100000000000000000001100000000000000000000000000000000000000000000000000000000000000000000000110000000000000001110000000000000000000000000000000000000000000000000000000000000000000000000000000000000000000000000000000000000000000000000000000000000000000000000000000001000000000000000
000000000000000000000000000000000000001100000000000000000000000000000000000001100000000000000000000000000000000000000000000000000000000000000000000000000000000000000000000000000000000000000000000000000000000000000000000000000000000000000000000000000000000000000000000000000000000000001000000000000000
000000000000000000000000000000000000000000000001000000000000000000000000000010010000000000000000000000000000000000000000000000000000000000000000000000000010000000000000000000000000000000000000001110000000000000000000000000000011000010000000000000000000000000000000000000000000000000001000000000000000
000000000000000000000000000000000000000000000010100000000000000000000000000010100000000000000000000000000000000000000000000000000000000000000000000000000110000000000000000000000000000000000000010001000000000000000000000000000000100101000000000000000000000000000000000000000000000000000000000001000000
000000000000000000000000000000000000000000000010100000000000000000000000000001000000000000000000000000000000000000000000000000000000000000000000000000000000000000000000000000000000000000000000100000000000000000000000000000000100000010000000000000000000000000000000000000000000000000000000000010100000
000000000000000000000000000000000000000000000001000000000000000000000000000000000000000000000000000000000000000000000000000000000000000000000000000000000000000000000000000000000000000000000000000000100000000000000000000000000011000000000000000000000000000000000000000000000000000000000000000010100000
000000000000000000000000000000000000000000000000000000000000000000000000000000000000000000000000000000000000000000000000000000000000000000000000000000000000000000000000000000000000000001000001000000100000000000000000000000100000000000000000000000000000000000000000000000000000000000000000000001000000
000000000000000000000000000000000000000000011000000000000000000000000000000000000000000000000000000000000000000000000000000000000000100000000000000000000000000000000000000000000000000001000000100000000000000000000000000000100000000000000000000000000000000000000000000000000000000000000000000000000000
000000000000000000000000000000000000000000100100000000000000000000000000000000000000000000000000000000000000000000000000110000000001010000000000000000000000000000000000000000000000000001000000011101000010000000000000000000100000000000000000000000000000000000000000000000000011000001100000000000000000
000000000000000000000000000000000000000000011000000000000000000000000000000000000000000000000000000000000000000000000000110000000001010000000000000000000000000000000000000000000000011100000000000001000010000000000000000000000000000000000000000000000000000000000000000000000011000001100000000000000000
000000100000000000000000000000000000000000000000000000000011000000000000000000000000000000000000000000000000000000000000000000000000100000000000000000000000000000000000000000000000011100011100000000110011000000000000000000000000000000000000000000000000000000000000000000000000000000000000000000000000
000001010000000000000000000000000000000000000000000000000011000000000000000000000000000000000000000000000000000000000000000000000000000000000000000000000000000000000000000000000000010010000000000000010011000000000000000000000000000000000000000000000000000000000000000000000000000000000000000000000000
000001010000000000000010000000000000000000000000000000000000000000000000000000000000000000000000000000000000000000000000000000011000000011000000000000000000000000000000001100000000000111000000000000000001100000000000000000000000000000000000000000000000000000000000000000000000001100000000000000000000
000000100000000000000010011100000000000000000000000000000000000000000001100000000000000000000000000000000000000000000000000000100100000100100000000000000000000000000000001010000000000011000000000110000000000000000000000000000000000000000000000000000000000000000000000000000000010010000000000000000000
000000000000000000000010000000000000000000000000000000000000000000000001100000000000000000000000000000000000000000000000000000011000000011000000000000000000000000000000000100000000000110000000011111000000000000000000000000100000000000000000000000000000000000000000000000000000001100000000000000011000
000000000000000000000000000000000000000000000000000000000000000000000000000000000000000000000000000000000000000000000000000000000000000000000000000000000000000000000000000000000000000100000000011111100000000000000000000011110000000000000000000000011000000000000000000000000000000000000000000000011000
000000110000000000000000000000000000000000000000000000000000000000000000000000000000000000000000000000000000000110000000000000000000100000000000000000000000000000000000000000000000000000000000100011000000000000000000000100001000000000000000000000011000000000000000000000000000000000000000000000000000
000000110000000000000000000000000000000000000000001100000000000000000000000000000000000000000000000000000000001001000000000000000001010000000000000000000000000000000000000000000000000000000000011110000000000000000000000110111000000010000000000000000000110000000000000000000000000000000000000000000000
000000000000000000000000000000000000000000000000001100000000000000000000000000000000000000000000000000000000000101000000000000000001010000000000000000000000000000000000000000000000000000000110011000000000000000000000000000010000000101000000000000000000100100000000000000000000000000000000000110000000
000000000000000000000000000000000000000000000000000000000000000000000000000000000000000000000000000000000000000010000000000000000000100000000000000100000000000000000000000000000000000000000101000000000000000000000000000000000000000101000000000000000000100100000000000000000000000000000000000110000000
000000000000000000000000000000000000000000000000000000000000000000000000000000000000000000000000000000010000000000000000000000000000000010000000000100000000000000000000000000000000000000000010000000000000011000000000000000100000000010000000000000000000000100000000000000000000000000000000000000000000
000000000000000000000000000000000000000000000000000000000000000000000000000000000000000000000000000000101000000000000000000000000000000101000000000100000000000000000000000000001100000000000000000000000000011000000000000000101000000000000000011000000110001000000000000000000000000000000000000000000000
000000000000000000000000000000000000000000000000000000000001110000000000000000000000000000000000000000100100000000000000000000011000000101000000000000000000000000000000000000001100000000000000000000000000000000000000000000110000011000001100011000000100010000000000000000000000000000000000000000000000
000000000000000000000000000000000000000000000000000100000000000000000000000000000000000000110000000000011000000000000000000000100100000010000000000000000000000000000000000000000000000000000000000000000000000000000000000000000000011000010010000000000011100000000000000000000000000000000000000000000000
000010000000000000000000000000000000000000000000001010000000000000000000000000000000000000110000000000000000000000000000000000100100000000000000000110000000000001100000000000000000000000000000000000000000000000000000000000000000000000001100000000000000000000000000000000000000000000000000000000000000
000101000000000000000000000000000000000000000000001010000000000000000000000000001100010000000000000000000000000000000000000000011000000000000000001001000000000001010000000000000000000000000000000000000000000000000000000000000000000000000000000000000000000000000000000000000000000000000000000000000000
000110000000000000000000000000000001000000000000000000000000000000000000000000110100011000000000000000000000000000000000000000000000000000000000000110000000000000100000000000110000000000000000000000000000000000000000001100000000000010000000000000000000000000000000000000000000000000000000000000000000
000000000000000000001100000000000010100000000000000000000000000000000000000000100000001100000000000000000000000000000000000000000000000000000000000000000000000000000000000000101000000000000000000000001100000000000000001100000000000101000000000000000000000000000000000000000000000000000000000110000000
000000000000000000010010000000000010010000000000000000000000000000000000000000101000000110000000000000000000000000000000000000000000000000000000000000000000000000000000000000010000000000000000000000001100000000000000000000000000000101000000000000000000000000000000000000000000000000000000000110000000
000000000000000000001100000000000001100000000000000000000000000000000000000000011000000000000000000000000000000000000000000000000000000000000000000000000000000000000000000000000000000000000000000000000000000000000000000000000000000010000000000000000000000000000000000000000000000000000000000000000000
000000000000000000000000000000000000000000000000000000000000000000000000000000000000000110000000000000000011000000000000000000000000000000000000000000000000000001100000000000000000000000000000000000100000000000000000000000000000000000000000000001000000000000000000000000000000000000000000000000000000
000000000000000000000000000000000000000000000000000000000000000000111000000000000000000100000000000000000100100000000000000000000000000000000000000000000000000001100000000000000000000000000000000001010000000000000000000000000000000000000000000010100000000000000000000000000000000000000010000000000000
000000000000000000000000000000000000000000000000000000000000000000110110000000000000000000000000000000000011000000000000000000000000000000000000000000000000000000000000000000000000000000000000000001010000000000000000000000000000000000000000000010100000000000000000000000000000000000000101000000000100
000000000000000000000000000000000000000000000000000000000000000000000110000000000000000001100011000000000000000000000000000000000000000000000001110000000000000000000000000000000000000000000000000000100000000000011100000000000000000000000000000001000000000000000000000000011100000000000101000000001010
000000000000000000000000000000000000000000000000000000000000000001000100000000000000000110100010110000000000000000000000000000000000000000000000000000000000000000000000000000000000000000000000000000000000000001101100000000000000000000000000000000000000000001100000000000000000000000000010000000001001
000000000000000000000000000000000000000000100000000000000000000111001100000000000000000100000000010000000000000000000000000000000000000000000000000000000000000000000000000000000000000000000000011000000011000000101000000000000000000000000000000000000000000001100000000001000001000000000000000000000110
000000000000000000000000000000000000000001010000000000000000001010000010000000000000000101000001010000000000000000000000000000000000000000000000000000000000000000000000000000000000000000000000100100000100100001110000000000000000000000000000000000000000000000000000000001000001000000000000000000000000
000000000000000000000000000000000000000001010000000000000000001011000001000000000000000011011101100000000011000000000000000000000000000000000000000000000000000000000000000000000000000000000000011000000011000000000000000000000000000000000000000000000000000000000000000001000001000000000000000000000000
000000000000000000000000000000000000000000100000000011000000000100010010000000110000000000100010000000000011000000000000000000000000000000000000000000000000000000000000000000000000000000000000000000000000000000000000000000000000001100000000000000000000000000000000000000000000000000000000000000000000
000000000000000000000000000000000000000000000000000011000000000000001100000000110000000000100010000000000000000000000000000000000000000000000000000000000000000000000000000000000000000000000000000000100000000000001000000000000000001100000000000000000110000000000000000000011100000000000000000000000000
000000010000000010000010000000000000000000000000000011000000000000000000000000000000000000011100000000000000000000000000000000000000000000010000000000000000000000000000000000000000000000000000000001010000000000001000000000000000000000000000000000000110000000000000000000000000000000000000100000000000
000000010000000010000010000000000000000000000000000000000000000000000000000000000000000000000000000000000000000000000000000000000000000000010000000000000000000000000000000000000000000000000000000001010000000000001000000000000000000000000000000000000000000000000000000000000000000000000000100000000000
000000010000000011000110000001110000000000000000000000000000000000000000000000000000000000000000000000000000000000000000000000000000000000010000000000000000000000000000000000000000000000000000000000100000000000000000000000000000000001110000000000000000000000000000000000000000000000000000100000000000
000000000000000000000000000000000000000000000000001101100000000000000000000000000000000000000000000000000000110000000000000000000000000000000000000000000000000000000000000000000000000000110000000000000000000000000000000000000000000000000000000000000000000000000000000000000000000000000000000000000000
000000000000111001101100111000000000000000000000001000000000000000000000000000000000000000000000000000000000110000000000000000000000000000000000000000000000000000000000000000000000000001001000000000000000000000000000000000000000000000000000000000000000000000001100000000000000000000000000000000000000
000110000000001010101010100000000000000000000000001001100000000000000000000000000000000000000000000000000000000000000000000000000000000000000000000000000000000000000000000000000000000001001000000000000000000000110000000000000000000000000000000000000000000000001100000000000000000000000000000000000000
000110000000000011000110000000000000000000000000000111100000000000000000000000000000000000000000000000000000000000000000000000000000000000000000000000000000000000000000000000000000000000110000000000000000000000110000000000000000000000000000000000000000000000000000000000000000000000000000000000000000
