300 300
000000000000001100001000000000000000000000000000000000000000000000000000000000000000000011000110000000000000000000000000000000000000000000010000000000000000000000000000000000000000000000000000000000000000000000000000000000000000000000000000000000000000000000000000000000000000000000000010000000000000
000000000000010010001000000000000000000000000000000000000000000000000000000000000000001010101010100000000000000000000000000000000000000000101000000000000000000000000000000000000000000000000000110000000000000000000000000011100000000000001100000000000000000000000000000000000000000000000010000000000000
000000000000001100001000000000000000000000000000000000000000000000000000000000000000111001101100111000000000000000000000000000000000000000101000000000000000000000000000000000000000000100000000000000000000000000000000000000000000000000010010000000000000000000000000000000000000000000000010000000000000
000000000000000000000000000000000000000000000000000000000000000000000110000110000000000000000000000000000000000000000000000000000000000000010000000111000011000000000000100000000000000100000000000000000000000000000000000000000000000000010100000000000000000000000000000000000000000000000000000000000000
000000000000000000000000000000000000000000000000000000000000000000001001000110000000000011000110000000000000000000000000000000000000000000000000001000100010110011000000100000000000000111010000000000000000000000000000000000000000000000001000000000000000000000000000000000000000000000000000000000000000
000000000000000000000000000000000000000000000000000000000000000000000110000000000000000010000010000000000000000000000000000000000000000000000000010000010000110100100000100000000000000000101100000011100000000000000000000000000000000000000000000000000000000000000000000000000000000000000000000000000000
000000000000000000000000000000000000000000000000000000000000000000000000000000000000000010000010000000000000000000000000000000000000000000000000001000100010110011000000000000000000000000111000000000000000000000000000000000000000000000000000000000000000000000000000000000000000000000000000000000000000
000000000000000000000000000000000000000000000000000000000000000000000000000000000000000000000000000000000000000000000000000000000000000000000000000111000011000000000000000000000000000000000000000000000000000000000001100000000000000000000000000000000000000000000000000000000000000000000000000000000000
000000000000000000000000000000000000000000000000000000000110000000000000000000000000000000000000000000000000000000000000000000000000000000000000000000000000000000000000000000000000000000001000000000000000000000000001100000000000000000000000000000000000000000000000000000000000000000000000000000011000
000000000000000000000000000000000000000000000000000000000101000000000000000000000000000000000000000000000000000000000000000000000000000000000000000000000000000000000000000000000000000000110000000011000000000000000000000000000000000000000000000000000000000000000000000000000000000000000000000000011000
000000000000000000000000000000000000000000000000000000000010000000000000000000000000000000000000000000000000000000000000000000000000000000000000000000000000000000000000000000000000000000000000000100100000000000000000000000000000000000000000000000000000000000000000000000000000000000000000000000000000
000000000000000000000000000000000000000000000000000000000000000000000000000000000000000000000000000000000000000000000000000000000000000000000000000000000000000000000000000000000000000110000000000011000000000000000000011000000000000000000000000000000000000000000000000000000000000000000000000000000000
000001100000000000000000000000000000000000000000000000000000000000000000000000000000000000000000000000000110000000000000000000000000000000000000000000000000000000000000000000000000011110000000000000000000000000000000011000000000000000000000000000000000000000000000000000000000000000000000000000001100
000000000000000000000000000000000000000000000011100000000000011000000000000000000000000000000000000000000110000000000000000000000000000000000000000000000000000000000000000000000000010001100000000000000000000000000100000000000000000000000000000000000000000000000000000000000000001100000000001000001100
000001100001100011000000000000000000000000000000000000000000011000000000000000000000000000110000000000000000000000000000000000000000000000000000000000000000000000000000000000000000000100010000000000000000000000000100000000000000000000000000000000000000000000000000000000000000001100000000001000000000
001111100001100011000000000000000000000000000000000000000000000000000000000000000000000001001000000000000000000000000000000000000000000100000000000000000000000000000010000000000000001100001000000000000000000000000100000000000011100000000000000000000000000000000000000000000000000000000000001000000000
000010000000000000000000000000000000000000110000000000000000000000000000000000000000000011011100000000000000000000000000000000000000001010000000001110000000000000000101000000000011100000000100000000000000000000000000000000000000000000000000000000000000000000000000000000000000000000000000000000000000
000000000000000000001100000000000000000000110000110000000000000000000000000000000000000011011000000000000000000000000111000000000000000110000000000000000000000000000110000000000000000000000000000000000000000000000001110000001000001000000000000000000000000000000000000000000000000000000000000000000000
000000000000000000010010000000000000000000000000110001110000000000000000000000000000000010110000001110000000000000000000000000000000000000000000000000000000000000000000000000000000000010000001000000000000000000000000000000001000001000000000000000000000000000000000000000000000000000000000000000000000
000000000000000000001100000000000000000000000000000000010000000000000000000000000000000001100000000000000000100000000000000000000000000000000000000000000000000000000000000000000000000010000101000000000000000000000000000000001000001000000000000000000000000000000000000000000000011100000000000000000000
000001100000000000000000000000000000000000000000000000011100110000000000000000000000000001000000000000000000100000000000000001110000000000000000000000000000000000000000000000000000000001110000000000000000000000000000000000000000000000000000000000000000000000000000000000000000000000000000000000000000
000010010000000000000000000000000000110000000000000000000000000000000000000000000000000111000000000000000000100000000000000000000000000000000000000000000000000000000000000110000000001010110000000000000000000000000001100000000011100000000000000000000000000000000000000000000001000001000000000000000000
000100010000000000000000000000000000110000000000000000000000111000000000000000000000000000000000000000000000000000000000000000000100000001100000000000000000000000000000000110000000000010010000000000000000000000000011101000000000000000000000000000000000000000000000000000000001000001000000000000000000
100110100000000000110000000000000000000000000000000000000000100110000000001000000000010000010000000000001100000000000000000000000100000001100000000000000000000000000000000000000000000011100000000000000000000000001101010010000000000000000000000000000000000000000000000000000001000001000000000000000000
101101000000000000110000000000000000000000000000000000000001101110001000001000000000010000010000001010001010000000000000000000000100000000000000000000000000000000000000000000000000000000000000000000000000000000001010011001000000000000000000000000000000000000000000000000000000000000000000000000000000
001100000000000000000000000000000000000000000000000000000000000101111100001000000000010000010000011001110010000000000000000000000000000000000000000000000000000000000000000000000000000000000001100000000000000000001000111010000000000000100000000000000000000000000000000000000000011100000000000000000000
011000000000000000000000000000000000000000000000000000000000000111110110000000000000000000000000000001010010000000000000000000000000000000000000000000000000000000000000000000000000000000000010010000000000000000001001100000000000000001010000000000000000000000000110000000000000000000000000000000000000
000000000000000000000000000000000000000000000000000000000010000100110100000000000000000111000000000000000100000000000000000000000000000000000000000000000000000000000000000000000000000000000001010000000000000000000101000000000000011001010000000000000000000000000110000000000000000000000000001110000000
000000000000000000000000000000000000000000000000000000000001100011111000000000000000000000000000010000110000000000000000000000000000000000000000000000000000000000000000000000000000000000000000100000000000000000000110000000010000011000100000000000000000000000000000000000000000000000000000000000000000
000000000000000000000000000000000000000000000000000000000001000001110000000000000000000000000000000100100000000000000000000000000000000000000000000000000000000000000000000000000000000000000000000000000000000000000010000100110000000000000000000000000000000000000000000000000000000000000000000000000000
000000000000000000000000000000000000000000000000000000000000000000000000000000000000000000000000000010000000000000000000000010000000000000000000000000000000000000000000000000000000000000000000000000000000000000001011000111100000000000000000000000000000000000000010000000000000000000000000000000000000
000000000000000000000000000000000000000000000000000011000000000000000000000000000000000000000000000000000000000000000000000101000000000000000000000000000000000000000000000000000000000000000000000000000000000000001000100011000000000000000000000000000000000000000010000000000000000000000000000000000000
000000000000000000000000000000000000000101000000000011000000000000000000000000000000000000000000000000000000000000000000000010000000000000000000000000000000011000000000000000000000000000000000000000000000000000011010100000000000000000000000000000000000000000000010000000000000000000000000000000000000
000000000000000000100000000000000000000110000000000000000000000000000000000000000000000000000000000000000000000000000000000000000000000000000000000000000000100100000000000000000000000000000000000000000000000000010000010000000000000000000000000000000000000000000000000000000000000000000000000000000000
000000000000000001010000000000000000000010000000000000000000000000000000000000000000000110000000000000000000000000000000000000000000000000000000000000000000010010000000000000000000000000000000000000000000000000010111100000000000000000000000000000000000000000111000111000001100000000000000000000000000
000000000000000001001000000000000000000000000000000000000000000000000000000000000000001001000100000000000000000000000000000000000000000000000000000011000000010100000000000000000000000000000000000000000000000000001000000000001000011000000000000000000000000000000000000000001100000000000000000000000000
000000000000000000110000000000000011000000000000000000000000000000000000000000000000000101001010000000000000000000100000000000000001000000000000000011000011010100000000000000000000000000000000000000000000000000000000000000001000100100000000000000000000000000000010000000000000000000000000000000000000
000000000000000000000000000000000010100000000000000000000000000000000000000000000000000010001010000000000000000001010000000000000010100000000000000000000010011000000000000000000000000000000000000000000000000000000000000000001000011000000000000000000000000000000010000000000000000000000000000000001100
000000000000000000000000000000000001000000000000000000000000000000000000000000000000000000000100000000011000000000100000000000000010100000000000000000000001001000000000000000000000000000000000000000000000000000000000000000000000000000000000010000000000000000000010000000000000000000000000000000001100
000000000000000000000000000000000000000000000000000000000000000000000000000000000000000000000000000000011000000000000000000000000001000000000000000000000001110000000000000000000000000000000000000000000000000000000110000000000000000000000000010000000000000000000000000000000000000000000000000000000000
000000000000000000000000000000000000000000000000000000000000000000000000000000000000000000000000000000000000000000000000000000000000000000000000000000000000000000000000000000000000000000000000000000000011000000000110000000000000000000000000010000000000000000000000000000000000000000000000000000000000
000000000000000000000000000110000000000000000000000000110000000000000000000000000000000000000000000000000000000000000000000000000000000000000000000000000000000000000110000000000111000000000000000000000011000000000000000000000000000000000000000000001100000000000000000000000000000000000000000000000000
000000000000000000000000001001000000000000000000000001001010000000000000000000000000000000000000000000000000000000000000000000000000000000000000000000000000000000000110000000000101000000000000000000000000000000000000000000000000000000000000000000001100000110000011000000000000000000000000000000000000
000000000000000000000000000101000000000000000000000000101111000000000000000000000000000000000000000000000000000000000000000000000000000000000000000000000000000000000000000000000010111100000000000000110000000000000000000000000000000000000000000000000000000110000011000000000000000000000000000000000000
000000000000000000000000000010000000000000000000000000011011100000000000000000000000000000000000000000000000011100111000000000000000000000000000000000000000000000000000000000000000010010000000000000000000000000000000000000000000000000000000000000000000000000000000000000000000000000000000000000000000
000000000000000000000000000000000000000000001110000000001011000000000000000000000000000000000000000000000000000000000000000000000000000000000000000000000000000000000000000000001110110010000000000001000000000000000001100000000000000000000000000000000000000000000000000000000000000000000000000000000000
000000000000000000000000000000000000000000110001000000010110000000000000000000000000000000000000000000000000000000000010000000000000000000000000000011001100000000000000000000000000000110000000000001000001100000000010010000000110000000000000000000000000000001000000000000000000000000100000000000000000
000000000000000000000000000000000000000000100001000000110100000000000000000000000000000000000000000000000000000000000010000000000000000000000000000101001100000000000000000000000010110100000000000001001100000000000001100000000110000000000000000000000000000010100000000000000000000001010000000000000000
000000000000000000000000000000000000000000110110000000011000000000000000000000000001000000000000000000000000000000000010000000000000000000000000000010000000000000000000000000000011010110000000000000000000000000000000000000000000000000000000000000000000000010100000000000000000000001000000000000000000
000000000000000000000000000000000000000000001000000000000000000000000000000000000010100000000000000000000000000000000000000000000000000000000000000000000000000000000000000000000100010110000000000000000000000000000000000000000000000000000000000000000000000001000000000000000000000000111000000000000000
000000000000000000000000000000000000000000000000000000000000000000000000000000000010010000000000000000000000000000000000000000000000000000001100000000000000000000000000000000000000001011010000000000000000000000000000000000000000000000000000000000000000000000000000000000000000000000001101100000000000
000000000000000000000000000000000000110000010000000000000000000000000000000000000001100000000000000000000000011100000000000011000000000000010010000000000000000000000000000000000110000010011000000000000000000000000000000000000000000000000000000000000000000000000000000000000000000010001101100000001110
000000000000000000000000000000000000100110101000000000000000000000000000000000000000000000000000000000000000000000000000000100100000000000001100000000000000000000000000000000001010000111000000000000001110111000000000000000000000000000000000000000000000000000000000000000000000000000001011000000000000
000000000000000000000000000000000000100000001000000000000000001000000000000000000000000000000000000000000000000000000000000010100000011110000000000000000000110000000000000000001001000001100000000000110000001000000000000000000000000000000000000000000110000000000000000000000000100000100010000000000000
000000000000000000000000000000000000010001110000000000000000001000000000000000000000000000000000000000000000000000000000000001000000010001000000000000000001001000000000000000001000100011100000000000011110110000000000000000000000000011100000000000000110000000000000000000000000000111001100000000000000
000000000000000000000000000000000000000111000000000000000000001000000000000000000000000000000000000000000000000000000000000000000000010111000000000000000000110000000000000000001101000010001000000000001000000000000000000000000000001101010000000000000000000000000000000000000001110000001000000000000000
000000000000000000000000000001010000000000000000000000000000000000000000000000000000000000000000000000000000000000000000000000000000000011000000000000000000000000000000000000111010000001110000000000000000000000000000000000000000001110011000000000000000000000000000000000000000000111110000000000000000
110000000000000000000000000011100000000000000000000000000001100011100000011001100000000000000000000000000000000000000000000000000000000111000000000000000000000000110000000000111000000001110000000000000000000000000000000000000000000100111000100000000000000000000000000000000000000111000000000000000000
110000000000000000000000000001100000010000000000000000000010010000000000010000100000000000000000000000000000000000000000000000000000000111000000000000000000000000110000000001000000000000000000000000000000000000000000000000000110000000010001010000000000000000000000000000000000001000000000000000000000
000000000000000000000001111000000001111100000000000000000010100000000000000001000000000000000000000000000000000000000000000000000000000011000000000000000000000000000000000001010110000000000000000000000000000000100000000000000111111100000011010000000000000000000000000000000000000000000000000000000000
000000001100000000000011100000000001000100000000000000000001000000000000001001000000000000000000000000000000000000000000000000000000000000000000000000000000000000000000000001111000000000000000000000000000000001010000000000000001110100000000000000000000001000000000000000000000010100000000000000000000
000000010010000000000100011111000000111000000000000000000000000000000000000000000000000000000000000000000000000000000000000000000000000000000000000000000000000000000000000000000000000000000000000000000000000001010000000000000000100000000011000000000000001000000000000000000001100000000000000000000000
000000001100000000001101101001000000000000000000000000000000000000000000000110000000000000000000000000000000000000000000000000000000000000000000000000000000000000000000000000000000000000000000000000000000000000100000000000011000011100000011000000000000001000000000000000000001001000000000000000000000
000000000000000000000101101110011100000000000000000000000000000000000000000110000000000000000000000000000000000000000000000000000000000000000000000000000000000000000000000000000000001100000000100000000000000000000000000000001111110000000001100000000000000000000000000000000000000011101000000000000000
000000000000000000000000001110001100000000000000000000000000000000000000000000000000000000000000000000000110000000000000000000000000000000000000000000000000000000000000000000000000000000000001101000000000000000000000000000000111000000011011110000000000000000000000000000000001000100001000000000000000
000000000000000000000000000111100010000000000000000000110000000000000000000000000000000000000000000000000110000000000000000000000000000000000000000000000000000000000000000000000000000000000001000110000000000000001100000000000010000000100110101000000000000000000000000000000001110011100000000000000000
000000000000000000000000000000100100000000000000000000000000000000000000000000000000000000000000000000000000000000000000000000000000000000000001000000000000000000000000110000000000000000000001110110000000000000001100000000000000000001101110010000000000000000000000000001000000000000000000000000000000
000000000000000000000000000000000100000000000000000000000000000000000000000000000000000000000000000000000000000000000100000000000000000000000001000001100000000000000000110000000000000000000000100010000000000000000000000000000000000001111100000000000000000000000000000010100000000000000000000000000000
000000000000000000000000000000000000000000000000000000000000000000000000000000000000000000000000000000000000000000001010000000000000000000000000000110010000000000000000000000000000000000000000100100000000000000000000000000000000000000111000000000000000000000000000000100010000000000000000000000000000
000000000000000000000000000000000000000000000000000000000000100000000000000000000000000000000000000000000000000000001001000000000000000000000000000111011000000000000000000000000000000000000000011100000000000000000000000000000000000000010000000000000000000000000000000010100000000001000000000000000000
000000011000000000000000000000000000011000000000000011001001111000000000000000000000000000000000000000000000000100000110000000011000000000000000001111110000000000000000000000000000000000000000000000000000000000000000000000000000000000000000000000000000000000000000000001000000000110110000000000000000
000000011000000000000000000000000000011000000000000011001011101100000000000000000000000000000000000110000000001010000000000000111000000100000000011111000000000000000000000000000000000000000000000000000000000000000000000000000000000000000000000000000000000000000000000000000000000001000000000000000000
000110000000000000000000000000000000000000000000000000000000100010000000000000000110000000000000000110001000001010000000000001000100010010000000000011000000000000000000000000000000000000000000000000000000000000000000000000000000000000000000000000000000000000000000000000001100000000000010000000000000
000110000000000000000000000000000000000000000000000000110100101100000000000001100110000000000000000000001000000100000000000001110000000010000100000000000000000110000011100000000000000000000000000000000000000000000000000000000000000000000000000000000000000000000110000100010100000000000111000000000000
000000000000000000000000000000000000000000000000000001010000011000000000000001100000000000000000000000001000000000000000000000010000001000000100000000000000001001000000000000000000000000000001000000000000000000000000000000000000000000000000000000000000000000001010001010110000000000001110000000000000
000000000001000000000000000000000000000000000000000001010000000000000000000000000000000000000000000000000000000000000000000000000000000111000000000000000000000110000000000000011001100000000010100000000000000000000000000000000000000000000000000000000000000000001010001011010100000000000000000000000000
000001100010100000000000000000000000000000000000000000000000000000000000000000000011000000000000000000000000000000000000000000000000000011111000000000000000000000000000000000011001100000000010100000000000000000000000000000000000000000000000010001100000000000000000000010001100000000000010000000000000
000001100110110000000000000000000000000000000000000000011000000000000000000000000011000000000000000000000000000000000000000001100000000000011000000000000000000000000000000000000000000000000001000000000000001000000000000000000000000000000010001011010000000000000000011010000000000000000011100000000000
000000000110110000000000000000000000000000000000000000011000000000110000000000000000000000000000000000000000000000000000000001100000000000000000000000000000000000000000000000000000000000000000000000000000010100000000000000000000000000000100101000011000000000000000001100000000000000000111100000000000
000000000000111000000000000000000000000000000000000000000000000001111000000000000000000000000000000000000000000000000000111111100000000000000000000000000000000000000000000000011000000000110000000000000000010100000000000000000010000000000110011100110000000000000000010000000000110001000100000001100000
000000000000110000000000000000000000000000001100000000000001110011011100000000000000000000000000000000000000000000000001000000100000000000000000000000000000000000000000000000011000000001001000000000000000001000000000000000000010000000000000001100000000000000000000000000000000000011000000000001100000
000000000000111000000000000000000001000000000010000000000001110100000100000000000000000000001100000000000000000000000000110001000000000110000000000000000000000000000000000000000000000000110000000000000000000000000000000000000010000000000000000000000000000000000000000000000000100000100000000000000000
000000000001000100000000011100000010100000100010000100000010001011000111000000000000000000001100000000000000000010000000000111000000001001000000000000000000000000000000000000000000000000000000000000000000000000000000000000000000000000000000000000000000000000000000011000000000000000100000000000000000
000000000000111000000000000000000010100000000000001010000010001101110100000000000000011000000000000000000000000101000000000000000000000101000000000000000000000000000000000000000000000000000000010000000000000000000000000000111000111000000000000000000000000000000000100100000000010000100000000000000000
000000000000010000000001000001000001000001000100011010000001001001110000000000000000011000000000000000000000001000100000000000000000000010000000000000000000000000000000000000000000000000000000101000000000000000000000000000000000000000000000000000000000000000000000011000000000010001000000000000000000
000000000000000000000010100010100000000000000100000100000000100000010000000000000000000011100000000000000000001000100000000000000000000000000011100000011100000000000000000000000000000000000000101000000000000000000000000000000010000000000000000000000000000000000000000000000000001110000000000000000000
000000000011000000000010100010100000000011000100000000100000000000000000000001100000000011100000000000000011100010110000000000000000000000000000100000000000000000000000000000000000000000000000010000000000000000000000000000000010000000000000000000000000000000000000000000000000000000000000000000000000
000000000011000000000001000001000000000001001000000010010010000000000000000001010000000100000000000000000100100000010000000000000000000000000001000000000000000000000000000000000000000000000000000000000000000000000000000000000010000000000000000000000000000000000000000000010000000000000000000000000000
000000000000000000000000000000000000000000010000100100100101100011000000000010010000001000000000000000000000110000110000000000000000000000000000000000000000000000000000000000000000000000000000010000000000000000000000000000000000000000000000000000000000000000000000000000101000000000000000000000000000
000000000000000000000000001100000000000000000001011100000011101111100000000001010000000110000000000000000001000100110000000000000000000000000000000000000000000000000000000000000000000000000000101000000000000000000000000000000000000000000000000000000000000000000000000000011000000000000000000000000000
000000000000000000000000001100000000000010000000000110000001111100100000000000000000000000000000000000000110000000100000000000000000000000000000000000000000000000000000000000000000000000000000101000000000000000000000000000000000000000000000000000000000000000000000000000000000000000000000000000000000
000000000000000000000000000000000011001111100000101011110000110000000000000000010000000000000000000000000000001000001000000000000000000000111000000000000000000000000000000000000000000000000000010000000000000000000000000000000000000000000000000000000000000000000000000000000000000000000000000000000000
000000000000000000000000000000000011001101110000101110110000110000000000000001000000000000000000000000000000001000001000000000000000000000000000000000000000000000000000000000000000000000000000000000000000000000000000000000000000000000000000000000000000000000000000111000000000000000000000000000001100
000000000000000000000000000000000000001100100000000011001000001000000000000000010110000000111000000000000000000011110000000000000000000000000000000000000000000000000000000000011100000000000000000000000000000000000000000000000000000000001000000000000000000000000001110000000000000000000000000000001100
000110000000000000000000000000000000000111000000000001110000011001110000000000010100000001111000000000000000000000000000000000000000000000000000000000000000100000000000000000000000000000000000000000000000000000000000000000001100000000001000000000000000000000000000000000000000000000000000000000000000
000110000000000000000000000000000000000010000000000101110000001001110000000000001000000010100000000000000000000000000000000000000000000000000000000000000001010000000000000000000000000000000000000000000000000000000000000000001100000000001000000000000000110000000000000000000000000000000000000000000000
000000000000000000001000000000000000000000000000000100000000100000000000000000000000000000110000000000111000000000000000000000000000000000000000000000000000100000000000000000000000000000000000000000000000000000000000000000000000000000000000000000000000110000000000000000000000000000000000000000000000
000000000000000000001000000000000000000000000000000000000001111101000001100000000000000010110000000001100000000000000000000000000000000000000000000000000000000000000000000000000000000000000000000000000000000000000000000000000000000000000000000000000000000000000000000000000000000000000000000000000000
000000000000000000001000000000000000000000000000000000000011011001100010100000000000001101000000011100101100000000000000000000000000000000000000000000000000000000000000000000000000000000000000000000000000000000000000000000000000000000000000000100000000000000000000000000000000000000000000000000000000
000000000000000000000000000000000000000000000000000000000001100011000001000000000000001011000000010000101100000000000000000000000000000000000000000000000000000000000000000000000000000000000000000000000000000000000000000000000000000000000000001010000000000000000000000000000000000000000001100000000000
000000000000000000000000000000000000000000000000000000000000111110000000000000000001000100000000100100000100000000001101110000000000000000000000000000000000000000000000000000000000000000000000000000000000000000000000000000000000010000000000001100000000000000000000000000000000000000110000010000000000
000000000000000000000000000000000000000000000000000000000000011100000000000000000010000100000000010000011000001100010010001000000000000000000000000000000000000000000000000000000000000000000000000000000000000000000000000000000000101000000000000000000000000000000000000000000000000000110010000000000000
000000000000000000000000000000000001100000000000000000000000001000000000000000000010001000000000011110001000001100001000101000000000000000000000000000000000000000000000000000000000000000000000000000000000000000000000000000000000101000000000000000000000000000000000000000000000000000000001100000000000
000000000000000000000000000000000001100000000000000000000000000000000000000000000010000000000000000100000000000000001000000000000000000000000000000000000000000000000000000000000000000001100000000000000000000000000000000000000000010000000000000000000000000000000000000000000000000000000000000000000000
000000000000000000000000000000000000000000000000000000000000000000000000000000000000010000000000000000000000000000000000000000000000000000000000000000000000000000000000000000000000000001100000000000000000000110000000000011000000000000000000000000000000000000000000000000000000000000000000000000000000
000000000000000110000000000000000000000010000000000000000000000000000000000000000010010000000000000000000000000000000010111001101100000000000000000000000000010000000000000000000000000000000000000000000000000110000000001100100000000000000000000000000000000000000000000000000000000000000000000000000000
000000000000000110000000000000000000000010000000000000000110000000000000000000000001100001110000000011000000000000000000001001111000000000000000000000000000101000000000000000000000000000000000000000000000000000000000010000010000000000000000000000000000000000000000000000000000000000000000000000000000
000000000000000000000000000000000000000010000000000000001001000000000000000000000001000000100000000011000000000000000000001000000000000000000000000000000001001000000000000000000000000000000000000000000000000000000000010011100000110000000000000000000000000000000000000000000000000000000000000000000000
000000000000000000000000000000000000000000000000000001000110000000000000000000000000000000000000000000000000000000000000000000000000000000000000000000000000110000000000000000000000000000000000000000000000000000000000011100000000110000000000000000000000000000000000000000000000000000000000000000000000
000000000000000000000000000000000000111000000000000001000000000000000000000000000000000000000000000000000000000000000000011000000000000000000000000000000000000000000000000000110000000000000000000000000000000000000000000000110000000000000000000000000000000000000000000000000000000000000000000000000000
000000000000000000000000000000000000000000000000000010100000011000000000000000000000000000000000000000101000000100000110111000000000000000000000000000000000000000000000000000101000000000000000000000000000001100000000000001001000000000000000000000000000000000000000000000000000000000000000000000000000
000000000000000000000000000000000000000000000000000001000000011000000000000000000000000000000000000000000100011000000010011000000000000000000011000000000000000000000000000000010000000000000000000000000000001100000000000001010000000000000000000000000000000000000000000000000000000000000000000000000000
000000000000000000000000000000000000000000000000000001000000000000000000000000000000000000000000000000100001011100110011100011000000000000000011000000000000000000000000000000000000000000001100000000000000000000000000000010010000000000000000000000000000000000000000000000000000000000000000000000000000
000000000000000000000000000000000000000000000000000000000000000000000000011100000000000000000000000000010010100110011000000111000000000000000000000000000000000000000000000000000000000000001010000000000000000000000000000100010000000000000000000000000000000000000000000000000000000000000000000000000000
000100000000000000000000000000000000000000000000000000000000000000000000100010000000000000000000000000011000110101010000000000000000000000000000000000000000000000000000000000000000000000000011000000000000000000000000000100010000110000000000000000000001100000000000000000000000000000000000000000000000
001010000000000000000000000000000000000000000001100000110000000000000000100010000000000000000000000000000101110101100000000000000000000000000000000000000000000000000000000000000000000000001011000000000000000000000000001000010000110000000000000000000001100000000000000000000000000000000000000000000000
001100000000000000000000000000000000000000000011010100110000000000000000100010000000000000000000000000000100000011000000000000000000000000000000000000000000000000000011000000000000000000001000000000000000000000000000000100100000000000000000000010000000000000000000001110000000000000000000000000000000
000000000000000000000000000000000000000011000011011000000000000000000000011100111000000000000000000000000111000000000000100000000000000000000000000000000000000000000100100000000000000000000000100000000000000000000000000100010000000000000000001010000000000000000000010010110000000000000000000000000000
000000000000000000000000000000000000000011000001010000000000000000000000000001000100000000000000000000000000000000000001110000000000000000000000000000000000000000000011000000000000000000000010100000000000000000000000000010000000000000000000000110000000000000000000010000111000000000000000000000000000
000000000000000000000000000000000000000000000001100010000000000000000000000001000010000000000000000000000000000000000001110000000000000000000000000000000000000000000000000000000000000000000000000000000000000000000000000001010000000000000000000000000000000000000000011100011000000000000000000000000000
000000000000000000000000000000000000000000000000000000000000000000000000000000100010000000000000000000000000000000000000000000000000000000000000000110000010000000000000000000000000000000000000000000000000000000000000000000100000000000000000000000000000000000000000000110000000000000000000000000000000
000000000000000000000000000000000000000000000000000000000000000000000000000000001110000000000100000000000000000000000000000110000000000000000000000110000101000000000000000000000000000000000000000000000000000000000000000000000000000000000000000000000000000000000000000010000000000000000000000000000000
000000000000000000000000000000000000000000000000000000000000000000000000000000000000000000000100000000000000000000000000000110000000000000000000000000000101000000000000000000000000000000000000000000000000000000000000000000000000000000000000000000000000000000000000000000000000000000000000000000000000
000000000000000000000000000000000000000000000000000000000001100000000000000000000000000000000100000000000000000000000000000000000000000000000000000000000010000000000000000000000000110000000000000000000000000000000000000000000000000000000000000000000000000000000000000000000000000000000000000100000000
000000000000000000000000000000000000000000000000000000000010010000000000000000000000000000000000000011100000000000000000000000000000000000000000000000000000000000000000000000000000110000000000000000000000000000000000000000000000000000000000000000000000000000000000000000000000000000000000001010000000
000000000000000000000000000000000000000000000000000000000001100000000000000000000000000001110001110000000000000000000000000000000000000000000000000001100000001100000000000000000000000001000000000000000000000000000000000000000000000000000000000000000000000000000000000000000000000000000000001010000000
000000000000000000000000000000000000000000000000000000000000000000000000000000000000000000000000000000000000000000000000000000000000000000000000000010010000010010000000000000000000000010100000000000000000000000000000000000000000000001000000000000000000000000000000000000000000000000000000000100000000
000000000000000000000000000000000000000000000000000000000000000000000000000000011000000000000100000000000000000000000000000000000000000000000000000001100000001100000000000000000000000011000000000000000000000000000000000000000000000001000000000000000000000000000000000000000000000000000000000000000000
000000000001100000000000000000000000000000000001100000000000000000000000000000011000000000000100000000000000110000000000000000000000000000000000010000000000000000000000000000000000000000000000000000000000000000000000000000000000000001000000000000000000000000000000000000000000000000000000000000000000
000000000001100000000000010000000000000101000011000000000000000000000000000000000000000000000100000000000000110000000000000000000000000010000000010000000010000000000000000000000000000000000000000000000000000000000000000000000000000000000000000000100000000000000000000000000000000000000000000000000000
000000000000000000000000010000000100001001100001011000000000000000000000000000000000000000000000000000000000000000000000000000000000000101000000010000000101000000000000000000000000000000000001100000000000000000000000000000000000000000000000000001010000000000000000000000000000000000000000000000000000
000000000000000000000000010000001001001000000010001000000000000000000001000110000000000000000000000000000000000000000000000000000000000110000000000000000101000000000000000000000000000000000010010000000000000000000001000000000000000000000000000001010000000000000000000000000000000000000000000000000000
000000000000000100000000000000000000101110000111101100000000000000000010000110000000000000000000000000000000000000000000000000000000000000000000000000000010000000000000000000000000000000000001100000000001100000000010100000000000000000000000000000100000000000000000000000000000000000000000000000000000
000000000000001010000111000111000101000010000111101000000011000000000000000000000000000000000000000000000000000000000000000000000000000000000000000000000000000000000000000000000000000000000000000000000001100000000010100000000000000000000000000000000000000000000000000000000000000000000000000000000000
000000000000010010000000000000000011100000000100110000000011000000000000000000000000000000000000000000000000000000000000000000000000000000000000000000000000000000000000011100011100000000000000000000000000000000000001000000000000000000000000000000000000000000000000000000000000000000000000000000000000
000000000000001100000000010000000011000000010000100000000000000000000000000011000000000000000000000000000000000000000000000000000000000000000000000000000000000000000000011011101100000000000000000000000000000000000000000000000000000000000000000000000000000000000000000000110000000000000000000000000000
000000000000000000000000010000000011101000010110000000000000000000000010000000000000000000000000000000000000000000000000000000000110000000000000000000000000000000000000011011101100000000000000000000000000000000000000000000000000000000000000000000000000000000000000000000110000000000000000000110000000
000000000000000000000000010000000001111000010100000000000000000000000000001100000000000000000000000000011100000000000000000000001001000000000000000000000000000000000000000000000000000000000000000000000000000000000000000000000000000000000000000000000000000000000000000000000000000000000000000110000000
000000000000000000000000000000000000010000100000000000000000000000000000000001000000001100000000000000000000000000000000000000000110000000000000000000000000000000000000000000010000000000000000000000000000000000001100000000000000000000000000000000000000000000000000000000000000000000000000000000000000
000000000000000000000000000000000000000000100100000000000000000000000000001100000000001100000000000000000000000000000000000000000000000000100000011100000000000000000000000001010000000000000000000000000000000000010010000000000000000000000000000000000000000000000000000000000000000000000000000000000000
000000000000000000000000000000000000000000100100000000000000000000000000001101000000000000000000000000000000000000000000000000000000000011110000000000000000000000000000000011010000000000000000000000000000001000001100000000000000000000000000000000000000000000000000000000000000000000001100000000000000
000000000000000000000000000000000000000000011000000000000000000000000000000011000000000000000000000000000000000000000000000000000000000101010000000000100000000000000000000011000000000000000000000000000000010100000000000000000000000000000000000000000000000000000000000000000000000000001100000000000000
000000000000000000000000000000000000000000000000000000000000000000000000000000000000000000000000000000000000000000000000000000000000000110011100000001010000000000000000000000110000000000000000000000000000010100000000000000000000000011100000000000000000000000000000000000000000000000000000000000000000
000000000000000000000000000000000000000000000000000000000000000000000000000000000000000000000000000000000000000000000000000000000000001100010000000001100000000000000000000000110000000000000000000000000000001000000000000000000000000000000000000000000000000000000000000000000000000000000000000000000000
000000000000000000100000000000000000000000000000000000000000000000000000000000000000000000000000000000000000000000000000000000000000000000000000000000000000000000000000000010100001000000000000000000000000000001110000000000000000001000001000000000000000000000000000000000000000000000000000000000000000
000000000000000001010000000000000000000000010000000000000000000000000000000000000000000000000000000000000000000000000000000000000000000000000000000000000000000000000000000011000000110000000000000000000000000000000000000000000000001000001000000000000000000000000000000000000000000000000000000000000000
000000000000000001001000000000000000000000101000000000000001000000000000000000000000000000000000000000000000000000000000000000000000000000000000000000000000000000000000000001100010001000000000000000000000000000000000000000000000001000001000000000000000000000000000000000000000000000000000000000000000
000000000000000000110000000000011000000000101000000000000010100000000000000000000011000000000000000000000000000000000000000000000000000000000000000000000000000000000000000000110100001000000000000000000000000000000000000000000000000000000000011000000000000000000000000000000000000000000000000000000000
000000000000000000000000000000100100000000010000000000000010010000000000000000000011000000000000000000000000000000000000000000000110000000000000000000110000000000000000000100100000000100000000000000000000000000000000000000000000000011100000011000000000000000000000000000000000000000000000000000000000
010000000000000000000000000000101000000000000000000000000001100000000000000000000000000000000000000010000000000000000000000000000000000000000000000000110000000000000000000100011010001100000000000000000000000000000000000000000000000000000000000000000000000000000000000000000000000000000000000000000000
101000000000000000110000000000010000000000000000000000000000000000000000000000000000000000000000000101000000000000000000000000000000000000111100001100000000000000000011011001001000011000000000000000000000000000000000000000000000000000000000000000000000000000000000000000000000000000000000000000000000
101000000000000000110000000000000000000000000000000000000000000000000000000000000000000000000000000101000000000000000000000000000000000001100100000000000000000000000100101101100000010000000000000000000000000000000000000000000011100000000000000000000000010000000000000000000000000000000000000000000000
010000000000000000000000000000000000000000000000000000000000000000000000000000000000000000000000000010000000000000000000000000000000000011001000011000000000000000000011000101000000001001000000000000000000000000000000000000000000000000010000000000000000010000000000000000000000000000000000000000000000
000000000000000000000000000000000000000000000000000000000000000000000000000000000000000000000000000000000000000000000000000000110000000001001000000000001000000000000000000010000011011001000000000000000000000000000000000000000000001000101000000000000000010000000000000000000000000000000000000000000000
000000000000000000000000000000000000000000000000000000001110110000000000000000000000000000000000000000000000000000000000000001001000000000110000000100000000000000000000000000000011000000000000000000000000000000000000000000000000001000101000000000000000000000000000000000000000000000000000000000000000
000000110000000000000000000000000000000000000000000000000100010000000000000000000000000000000000000000011000000000000000000001010000000000000000000011001000000000000000000000000101000000000000000000000000000000000000000000000000001000010000000000000111000111000000000000000000000000000000000000000000
000000110000000000000000000000000000100000000000000001000111110000000000000000000000001100000000000000011000000000000000000000100000000000000000100100100000000000000000000000000000000111000000000000000000000000000000000000000000000000000000011000000000000000000000000000000000000000000000000000000000
000000000000000000000000000000000000100000000000000010111110100000000000000000000000001100000000000000000000000000011000000000000000000000000001110011010000000000000000000000000000001001000000000000000000000000000000000000000001000000000000011000000000010000000000000000000000000000000000000000000000
000000000000000000000000000000000000100000000000000110111000000000000000000000000000000000000000000000000000000000011000000000000000000000000000001010001000000000000000000000000000001000100000000000000000000000000000000000000010100000000000000000000000010000000000000000000000000000000000000000000000
000000000000000000000000000000000000000000000000000000100000000000000000000000000000000000000000000000000000000000000000000000000000000000000000110001000000000000000000000000000000000100010000000000000000000100000000000000000100100000111000000000000000010000000000000000000000000000000000000000000000
000000000000000000000000000000000000000000000000000100011000000000000000000000000100000000000000000000000000000000000000000000000000000000000000000000111000000000000000000000000000000000000000000000000000001010000000000000000011000000000000000000000000000000000000000000000000000000000000000000001000
000000000000000000000000000000000000000000110000011100001000000000000000000000000100000000000000000000000000000000000000000000000000000000000000000000000000000000001000000000100000000000000000000000000000000100000000000000000000000010000010000000000000000000000000000000000000000000000000000000010100
000000000000000000000000000000000000000000001000011000000000000000000000000000000100000000000000000000000000000000000000000000000000000000000000000000000000000000010100000001010000000000000000000000000000000000000000000000000000000010000010000000000000000000000000000000000000000000000000000000010100
000000000000000000000000000000000000000001000000000000000000000000000000000000000000000000000000110000000000000000000000000000010000000000000000000000000000000000010100000001010000000000000000000000000000000000000000000000000000000010000010000000000000000000000000000000000000000000000000000000001000
000000000000000000000000000000000000000000110000000101000000000000000000000000000000000000000000110000000000000000000000111000011000000000000000000000000000000000001000000000100000000000000000000000000000000000000000000000000000000000000000000000000000000000000000000000000000000000000000000000000000
000000000000000000000000000000000011000000000000000011000000000000000001000000000000000100000000000000000000000000000000000000001100000000000000000000000000000000000000000000000000000000000001100000000000000000000000000000000000000000111000000000000000000000000000000000000000000000000000000000000000
000000000000000000000000000000000011000000000000000010000000000000000010100000000000000100000000000000011100000000000000000000000110000000000000000000000000000000000000000000000000000000000010100010100000000000000000000000000000000000000000000000000000000000000000000000000000000000000000000000000000
000000000000000000000000000000000000000000000000000000000000000000000010100000000000000100000000000000100100000000000000000001100000000000000000000000000000000000000000000000000000000000000010100100100000000000000000000000000000000000000000000000000000000000000000000000000000000000000000000000000000
000000000000000000000000000000000000000000000000000000000000000000000001000000000000000000000000000000000110000000000000000001110000100000000000001100000000000000000000000000000001100000000101000010100000000000000000000000000000000000000000000000000000000000000000000000000000000000000000000001100000
000000000000000000000011100000000000000000000000000000000000000000000000000000000001110001110000000001000010000000000000000000111011100000000000001100000000010000000000000000000010100000001101000000000000000000000000000000000000000000000000000000000000000000000000000000010000000000000100000001100000
000000000000000000000000000000000000000000000000000000111000000110000000000000000000000000000000010000011001100000000000000000001011100000000000000000000000101000000000000000000011000000010011000000000000000000000000000000000000000000000000000000000000000000000000000000101000000000000100000000000000
000000000000000000001000000000000000000000000100000000000000000110000000000000000000000100000000101000000010100000000000000000000000000000000000000000000000101000000000000000000000000000000100000000000000000000000000000000000000000000000000000000000000000000110000000000101000000000000100000000000000
000000000000000000001000000000000000000000001010000010000010000000000000000000000000000100000000000000001010010000000000000000000000000000000000000000000000010000000000000000000000000011000100000000000000000000000000000000000000000000000000000000000000000001001000000000010000000000000000000000000000
000000000000000000001000000000000000000000000110000010000010000000000000000000000000000100000000100001001000000000001110000000000000000000000000000000000000000000000000000000000000000110111000000000011100000000000000000000000000000000000000000000000000000000110000000000000000000000000000000000000000
000000000000000000000000000000000000000000000000000010000010000000000000000000000000000000000000000000110001100000000000000000000010000000000000000000000000000000000000000000000000000010100000011000000000000000000000000000000000000000000000000000000000000000000000001100000001100000000000000000000000
000000000000001000000011000000000000011000000000000000000000000000000000000000000000000000000000011110000000000000010010000000000111000000000000000000000000000000000000000000000000000001110000110100000000000000000000000000000000000000000000000000000000000000000000010010000001100000000000000000000000
000000000000001000000011000000000000100100000000000000111000000000000000000000000000000000000000100010000000000000011100000000001100100000000000000000000000000000000000000000000000000001100101010000000000000000000000000000000000000000000000000000000000000000000000001100000000000000000000000000000000
000000000000001000000000000000000001001000000000000000000000000000000000000000000000000000000000101110000000000000000000000000000001110000000000000110000000000000000000000000000000000000000001100000000000000000000000000000000000000000000000000000000000000000000000000000000000000000000000000000000000
000000000000000000000000000000111000110000000000000000000000000000000000000000010000000000000000010010000000000000000000000000000001010000000000000110000000000000000000000000000000000000000011000000000000000000000000000000000000000000000000000000000000000001100000000000000000000000000000000000000000
000000000000000000000000000000000000000000000000000000000001110000000000000000010000000000000000001100000000000000000000000000000000111000000000000000000000000000000000000000000000000000000000000000000000000000000000000000000000000000000000000000000000000001100000000000110000000000000000000000000000
000000000000000000000000000010000010000000000000000000000000000000000000000000010000000000000000001000000000000001100000000000000010010000000000000000000000000000000000000000000000000000000000000000000000000000000000000000000000000000000000000000011000000000000010000000110000000000000000000000000000
000000000000000000000000000010000010000000000000000000000100000100000000000000000000000000000000000110000000000001100000000000000011100000000000000000000000000000000000000000000000000100000000000000000001100000000000000000000000000000000000011000010100000000000101000000000000000000000000000000000000
000000010000000000000000000010000010000000000000000000000100000100000000000000000000000000000000000000000000000000000000000000000001000000000000000000000000000000000000000000000000001010000000000000000001100000000000000000000000000000000000100100001000000000001010000000000000000000001100000000000000
000000010000000000000000000000000000000000000000000000000100000100000000000000000000000000000000000000000000000000000000000000000000000000000000000000000000000000000000000001000000011011000000000000000000000000000000000000000000000000000000101000000000000000001100000000000000000000001100000000000000
000000010000000000000000000000111000000000000000000000000000000000000000000000000000000000000000000000000000000000000000000000000000000000000000000000000000000000000000000010100000010010000000000000000000000000000000000000000000000000000000010000000000000000000000000000000000000000000000000000000000
000000000000000000000000000000000000000000000000000000000001110000000000000000001110000001100000000000000000000000000000111101000000000000000000000000000000000000000000000010100000001100000000000000000000000000000000000000000000000000000000000000000000000000000000000000000000011000000000000000000000
000111000111000000000110000000000000000000000000000000000000000000000000000000001000000001100000000000000000000000000000111101100110000000000000000000000000000000000000000001000000000000000000000000000001100000000000000000000000000000000000000000000000000000000000000000000000011000000000000000000000
000000000000000000000110000000000000000000000000000000000000000000000000000000010010011000000000000000000000000000000000000101000000000000000000001000000000000000000000000000000000000000000000000000000010110000000000000000000000000000000000000000000000000000000000000000000000000000000000000000000000
000000010000000000000000000000000000000000000000000000000000000000000000000000001001000000000000000000000000000000001100110011000110000000000000001000000000000000000000000000000000000000000000001110000010000000000000000000000000000000000000000000000000000000000000000000000000000000000000000000000000
000000010000000000000000000000000000000000000000000000000000000000000000000000001001011100000000000000000000000000000000110000000000000000000000001000000000000000000000000000000000000000000000001110000100000000000000000000000000000000000000000000000000000000000000000000000000000000000000001000000000
000000010000000000000000000000000000000000000000000000000000000000000000000000000011000000000000000000000000000000000000000000000000000000000000000000000000000000000000000000000000000000000000010101000101000000000000000000000000000000000000000000000000001100000000000000000000000000000000010100000000
000000000000000000000000000000000000000000000000000000000011000000000000000000000000000000000000000000000000000000000000000000000000000000000011100011100000000000000000110000000000000000000000110001100011000000000000000000001100000000000000000000000000001100000000000000000000000000000000010100000000
011100000000000000000000000000000000000000000000000000000011000000000000000000000000000000000000000000000000000000000000000000000000000000000000000000000000000000000000110000000000000000000000101100100000000000000011000000010010000000000000000000000000000000000000000000000000000000000000001000000000
000000000000000000000000000000000000000000000000000000000000000000000000000000000000000000000000000000000000001100000110000000000000000000000000001000000000000000000000000000111000000000000000100100000000000000000100100000001000000000000000000000000000000000000000000000000011100000000000000000000000
000000011000000000000000000000000110000000000000000000000000000000000000000000000000010000000000000000000000010010000101000000000000000000000000001000000000000000000000000000000000000000000001000000000000000000000011000000001000100000000000000000000000000000000000000000000000000000000000000000000000
000000100100000000000000000000000110000000000000000000000000000000000000000000000000010000110000000000000000010100000000000000000000000000000000001000000000000000000000000000000000000000000001000000100000000000000000000000000000010000000000000000000000000000000000000000001000001000000000000000000000
000000010100000000000000000000000000000000000000000000000000000000000000000000000000000001010000000000000000001000000000000000000000000000000000000000000000000000000000000000000000000000000000000000100000000000000000000000000010000000000000000000000000000000000000000000001000001000000000000010000000
000110001000000000000000000000000000000000000000000000000000000000000000000000000000000001001000000000010000000000011000000000000000000000000000000000000000000000000000010000000000000000000000001001000000000000000000000000000101000000000000000000000000000000000000000000001000001000000110000101000000
000110000000000000000000000000000000000000000000000000000000000000000000000000000000000001010000000000010001000001010010000000000110000000000000000000000000000000000000101000000000000000000001001101000000000000000000000000000100000000000000110000000000001000000000000000000000000000000110000101000000
000000000000000000000000000000000000000000000000000000000000000000000011000110000000000000000000000000010001000010000000000000000110000000000000000000000000000000000000101000000000000000000001100011000000000000000000000000000000000110000000110000000000010100000000000000000011100000000000000010000000
000000000000000000000000000000100000000000000000000000000000000000000100001101000000000000000000000000000000000000000010000000000000000000000000000000000000000000000000010000000000000000000000101010001100000000000000000000000001000110000000000000000000101000000000000000000000000000000000000000000000
000000000000000000000000000000100000000000000000000000000000000000000010010001000000000110000000000111000000000001001000000000000000000000000000000000000000000000000000000000000000000000000000011100001100111001100000000000000110000000000000000000000000110000000000000000000000000001110000000000000000
000000000000000000000000000000100000000000000000000000000000000000000010000011000000000110000000000000000000000000111000000000001000000000000000000000000000000000000000000000000000000000000000011100000000000001100000000000000000000000000000000000000000000000000000000000000000000000000000000000000000
000000000000000000000000000000000000000000000000000000000000000000000000111000000000000000000000000000000000000000000001000000010100000000000000000000000000000000000000000000000000000000000000000000000000000000000110000000000000000000000000000000000000000000000000000000000000000000000000000000000000
000000000000000000000000000000000000000000000000000000000000000000000000000000111000000000000000000000000000000000000010000000001000000000000000000000000000000000000000000000000000000000000000000000000000000000001010000000000000000000000000000000000000000000000000000000000000000000000000000000000000
000000000000000000000000000000000000000000000000000000000000000000000000000000110100000000000000000000000000111000000011100000000000000000000000000000000000000000000000000000000000000000000000000000000000000000011100000000000000000000000000000000000000000000000000000000000000000000000000000000000000
000000000000000000000011000000000000000000000000000000000000000000000011000001100100000000000000000000000000011000000000000000000000000000000000000000000000000000000000000000000000000000110000000000000000000000011100000000000000000000000000000000000000000000000000000000000000000000011000000000000000
000000000000000000000011000000011000000000000000000000100000000000000011100000000000000000000000010100011011000000000000000000001000000000000000000000000000000000000000000000000000000000110000000000000000000000011000000000000011100000000010000000000000000000000000000000000000000000011000000000000000
000000000000000000000000000000011000000000000001100001010000000000000111110011000000000000000001101110011100111000000000000000010100000000000000000000000000000000000000000000000000000000000000000000000000000010110000000000000000000000000101000000000000000000000000000000000000000000000000000000000000
000000000000000000011000000000000000000000000010010010000100000000000110010001000000000000000000010001001100010000000000000000010100000000000000000000000000000000000000000000000000000000000000000000000001100010110000000000000000011000000101000000000000000000000000000000000000000000000000000000000000
000000000000000000100100000000000000000000000010100001010100000000000011100001110000000000000100000101000000000000000000000000001000000000000000000000000000000000000000000000000000000000000000000000000001010001110000000001100000001000000010000000000000000000000000000000000000011000000000000000000000
000000000000000000011000000000000000000000000100100000100110000000000001000000101001000000000100000110100000000000000000000000000000000000001100000000000000000000000000000000000000000000000000000000000000110000000000000001000000001000000000000000000000000000000000000000000000100100000000000000000000
000000000000000000000000000000000000000000000011000000000000000000000000000000000000100000000100000001110000110000000000000000000000000000001100000000000000000000000000000000000000000000000000000001000000000000000000000000001110010000000000000000000000000000000000000000000000010100000000000000000000
000000000001100000000000000000000000000000000000000000000001110000000000000000010001000000000000000000110000110000000000000000000000000000000000000000000000000000000000000000000000000000000000000001000000000000000000000001100000100000000000000000000000000000000000000000000000001000001000000000000000
000000000000100000000000000000000000000000000000000000000001001000000000000000011100000000000001110000000000000000000000000000000000000000000000000000000000000000000000000000000000000000000000000001000000000010100000000011000110000000000000000000000000000000000000000000000000000000010100000000000000
000000000100000000000000000000000000000000000000000000000001101100000000000000000000000000000000000000000000000000000000000000000000000000000000000000000000000000000000000000000000000000000000000000000000000010111000000011000010000000000000000000000000000000000000000000000000000000100100000000000000
000000000110000000000000000000000000000000000000000000000000101011000100000000000000000000000000000000000000000000000000000000000000000000000000011100000000000000000000000000000000000000000000000000000000000001000000001000011100000000000000000000000000000000000000000000000000000000011000000000000000
000000000000000000000000000000000000000000000000000000000000011000001010000000000000000000000000000000000000110000000000000000000000000000000000000000000000000000000000000000000000000000000000000000000000000000000000001110000010000000000000000000000000000000000000000000000000000000000000000000000000
000000000000000000000000000000000000000000000000000000000000000000001001000000000000000000000000000000000000110000000000000000000000000000000000000000000000011100000000000000000000000000000000000000000000001011001000001101100000000000000000000000000000000000000000000000000000000000000000000000000000
000000000000000000000000000000000000000000000000000000000000000111000110000000000000000000000000000000000000000000000000000000000000000000011000000000000000000000000000000000000000000000000000000000000000001010100010000000001000000000000000000000000000000000000000000000000000000000000000000000000000
001100000000000000000001000000000000000000000000000000000000101100000000000000000000000000000000000000000000000000000000000000000000000000100100000000000000000000000000000000000000000000000000000000000000010100110000000000001000000000000000000000000000000000000000000000000000000000000000000000000000
001100000000000000000001000000000000000000000000000000000000111000000000000000000000000000000000000000000000000000000000000000000000000000011000000000000000000000000000000000000000000000000100000000000000000000110000000000001001000000000000000000000000000000000000000000000000000000000000000000000000
000000000000000000000001000000000001100000000000000000000000010000000000000000000000000000000000000000000000000000000000000000000000000000000000000000000000000000111000000000000000000000001010000000000000000001010000000000001100000000000000000000000000000000000110000000110000000000000000000000000110
000000000000000000000000000000000010010000000000100000000000000011000000000000000000000000000000000000000000000000100000000000000000000000000000000000000000000000000000000000000000000000001010000000000000000000100000000000000000000000000000000000000000000000001001000001001000000000000000000000000110
000000000000000000000000000000000001100000000000100000000000000011000000000000000000000000000000000000000000000001100000000000000000000000000000000000000000000000000010000000000000000000000100000000000000000000000000000000000000000000000000000000000000000000000110000000110000000000000000000000000000
000000000000000000000000000000000000000000000000100000000000000000000000000000000000000000000000000000000000000010010000000000000000000000000000000000000000000000000010000000000000000000000000000000000000000000000000000000000000000000000000000000000000000000000000000000000000000000000000000000000000
000000000000000000000001100000000001100000000000000000000000000000000000000000000000000000000000000000000000000001100000000000000000000011000000000000000000000000000010000000000000000011000000011000000000000000000000000000000000000000000000000000000001000000000000001000000000000000000000000000000000
000000000000000000000001100000000010010000000000000000000000000000000000000000000000000000000000000000000000000000000000000000000000000100100000000000000000000000000000000000000000000100100000100100000000000000000000000000000000000111000000000000000110110000000000010100000000000000000000000000000000
000000000000000000000000000000000001100000110000000000000000000000000000000000000000000000000000000000000000000000000001100000000000000100100000010000000000000000000000000000000000000011000000011000000000000000000000000001100000001011000000000000000110110000000000010100000000000000000000000000000000
110000000000001100000000000000000000000001001000000000000000000000000000000000000000000000000000000000000000000000110010010000000000000011000000010000000000000000000000000000000000000000000000000000000000000000000000000010100000001000100000000000000000000000000000001000000000000000000000000000000000
110000000000001100000000000000000000000000110000000000000000000000000000000000000000000000000000000000000000000000110001100000000000000000000000010000000000000000000000000000000000000000000100000000000000000000000000000000100000000111000000000000000011011000000000000000000000000000000000000000000000
000000000000000000000000000000000000000000000000000000000000000000000000000000000000000000000000000000000000000000000000000000000000000000000000000000000000000000000000000000000000000000001010000000000000000000000000000000000000000111000000000000000011011000000000000000000000000000000000000000000000
000000000000000000000000000000000000110000000000000000000000000000000000000000000000000000000000000000000000000000000000000011000000000000000000000000000000000000000000000000000000000000001010000000000001100000000000000000010011000000000000000000000000100000000000000000000000000000000000000000000000
000000000000000000010000000000000001001000000000000000001100000000000000000000000000000000000000000000000000000000000000000011000000000000000011100000000001100000000000000000001100011100000100000000000001100000000000000000101100000000000000000000000000000000000000000000000000000000000000000000000000
000000000000000000101000000000000000110000000000000000001100000000000000000000000000000000000000000000000000000000000000000000000000000000000000000000000000010000000000000000010100000000000000000000000000000000000000000000101000000000000000000000000000000000000000000000000000000000000000000000000000
000000000000000000101000000000000000000000000000000000000000000000000000000000000000000000000000000000000000000000000000000000000000000000000000000000000000011011100100000000001000010100000000000000000000000000000000000000000000000000000000000000000000000000000000000000000000000000000000000000000000
000000000000000000010000000000000000000000000000000000000000000000000000000000000001100011000000000000000000000000000000000000000000000000000000000000000011010001100010000000000000001000000000111000000000000000000000000000000000000000000000000000000000000000000000000000000000000000000000000000000000
000000000000000000000000000000000000000000000000000000000000000000000000000000000001100100100000000000000000000000000000000000000000000000000000000000000111101001100010000000000000000000000000000000000000000000000000000000000000000000000000000000000000000000000000000000000000000000000000000000000000
000000001000000000000000000000000000000000000000000000000000000000000000000000000000000011000000000000000000000000000000000000000000000000110000000000011000000001111010000000100010100000000010000010000000000000000000000010000000000110011000000000000000000000000000000000000000000000000000000000000000
000000001000000000000000000000000000000000000000000000000000000000000000000000000000000000000000000000000000000000000000000000000000000000110000000000000001100001111100000001111000100000000010000010000000000000000000000100000000001010000000110000000000000000000000000000000000000000000000000000000000
000000001000000000000000000000000000000000000000000010100000000000000000000000000000000000000000000000000000000000000000000000000000000000000000000000000000010000110000000011111100010000000010000010000000000000000000000101000000001100000001000000000011000000000000000000000000000000000000000000000000
000000000000000000000000000000000000000000000000000010010000000000000000000000000000000000000000000000000000000000000000000000000000000000000000000000000100000000010000000110000000010000000000000000000000000000000000000010000000010100000001001000000011000000000000000000000000000000000000000000000000
000000000011100000000000000000000000000000000000000010010101000000000000000000000000000100000000000000000000000000000000000000000000000000000000000000000000000010000000000011111111100000000000111000000111000000000000000000000000111000000001010000000000000000000000000000000000000000000001100000000000
000000000000001110000000000000000000000100000000000000101100100000000000000000000000000100000000000000000000000000000000000000000000000000000000000000011011100011100000000001111111000000000000000000000000000000000000000000000001110000000011000000000000000000000000000000000000000000000001100000000000
000000000000000000000111000000000000011010000000000110100001000000000000000000000000000100000000000000000000000000000000000000000000000000000000000000011111100000000000000000100000000000000000000000000000000000000000000000000001100000000000000000000000000000000000000000000000000000000000000000000000
000000000000000000000000000000000000011011001010000000110001000000000000000000000000000000000000000000000000000000000000000000000000000000000000000000000111000000000001000000000000000000000000000000000000000000000000000000000000110000000110000100000000110000000000000000000000000000000000000000110011
000000000000000000000000000000000000011010001010000000010010000000000000000000000000000000000000000000000000000000000000000000000000000000000000000000000000000000000010100000000000000000000000000000000011100000000000000000000000010100000100000010000000110000000000000000000000000000000000000000110011
000011100000000000000000000000000000001110000010010110000011100000000000000000000000000000000000000000000100000000000000000000000000000000000000000000000000000000000001000000000000000000000000000000000000000000000000000000000000000011001000001100000000000000000000000000000000000000000000000000000000
000000000000000000000000000000000000000110000011000110000000100000000000000000000000000000000000000000001010000000000000000000000010000000110000000000000000000000000000000000000000000000000000000000000000001000000000000000000000000000000000000000000000000000001100000000000000000000000000000000000000
000000000000000000000000000000000000000000011110000000000000100000000000000000000000000000000000000000000110000000000000000000001000100000110000000000100000000110000000000000000000000000000000000000000000001000000000000000000000000000000000000000000000000000001100000000000000000000000000000000000000
000000000000000000000000000000000000000000011000000000000000000000000000000000000000000000000000000000000000000000000000000000010000000000000000000000110000000110000000000000000000000000000000000000000000001000000000000001100000000000000000000000000000000000000000000000000000000000000011100000000000
000000000000000000000000000000000000000000010000000000000000000000000000000000000000000000000000000000000000000000000000000000100000100000000000000001001000000000000000000000000000000000000000000000000000000000000000000001100000000000000000000000000000000000000000110000000000000000000000000000000000
000000000000000001100000000000000000000000000000000000000000000000000000000000000000000000000000000000000000000110000000000000100011000000000000000000101000000000000000000000000000000000000000000000000000000000000000000000000000000000000000000000000000000000000000110000000000000000000000000000000000
000000000000000001100000000000000000001100000000000000000000000000000000000000000000000000000000000000000000000110000000000000100010000000000000000000110000000000000000000000000000000000000000001010000000000000000000000000000000000000000000000000000000000000000000000000000000000000000000000000000000
000000000000000000000000000000000000001100000000000000000000000000000000000001100000000000000000000000000000000000000000000000010000000000000000000000000000000000000000000000000000000000000000010010000000000000000000000000000000000000000000000000000000000000000000000000000000000000011100000000000000
000000000000000000000000000000000000000000000001000000000000000000000000000010010000000000000000000000000000000000000000000000001110000000000000000000000110000000000000000000000000000000000000010001000000000000000000000000000001000010000000000000000000000000000000000000000000000000000000000000000000
000000000000000000000000000000000000000000000010100000000000000000000000000010100000000000000000000000000000000000000000000000000000000000000000000000000110000000000000000000000000000000000000110110000000000000000000000000000011000101000000000000000000000000000000000000000000000000000000000001000000
000000000000000000000000000000000000000000000010100000000000000000000000000001000000000000000000000000000000000000000000000000000000000000000000000000000000000000000000000000000000000000000000000110000000000000000000000000000011000010000000000000000000000000000000000000000000000000000000000010100000
000000000000000000000000000000000000000000000001000000000000000000000000000000000000000000000000000000000000000000000000000000000000000000000000000000000000000000000000000000000000000000000000000000000000000000000000000000000010000000000000000000000000000000000000000000000000000000000000000010100000
000000000000000000000000000000000000000000000000000000000000000000000000000000000000000000000000000000000000000000000000000000000000000000000000000000000000000000000000000000000000000101000000000000000000000000000000000000000000000000000000000000000000000000000000000000000000000000000000000001000000
000000000000000000000000000000000000000000011000000000000000000000000000000000000000000000000000000000000000000000000000000000000000100000000000000000000000000000000000000000000000010001100000010000000000000000000000000001110000000000000000000000000000000000000000000000000000000000000000000000000000
000000000000000000000000000000000000000000100100000000000000000000000000000000000000000000000000000000000000000000000000110000000001010000000000000000000000000000000000000000000000010000100000010001100100000000000000000000000000000000000000000000000000000000000000000000000011000001100000000000000000
000000000000000000000000000000000000000000011000000000000000000000000000000000000000000000000000000000000000000000000000110000000001010000000000000000000000000000000000000000000000101110100000000000000010000000000000000000000000000000000000000000000000000000000000000000000011000001100000000000000000
000000100000000000000000000000000000000000000000000000000011000000000000000000000000000000000000000000000000000000000000000000000000100000000000000000000000000000000000000000000000110010001000000001000110000000000000000000000000000000000000000000000000000000000000000000000000000000000000000000000000
000001010000000000000000000000000000000000000000000000000011000000000000000000000000000000000000000000000000000000000000000000000000000000000000000000000000000000000000000000000000000001111000000001011011100000000000000000000000000000000000000000000000000000000000000000000000000000000000000000000000
000001010000000000000000001000000000000000000000000000000000000000000000000000000000000000000000000000000000000000000000000000011000000011000000000000000000000000000000001100000000000000000000000000110001100000000000000000000000000000000000000000000000000000000000000000000000001100000000000000000000
000000100000000000000111001000000000000000000000000000000000000000000001100000000000000000000000000000000000000000000000000000100100000100100000000000000000000000000000001010000000000000000000000001010000000000000000000000000000000000000000000000000000000000000000000000000000010010000000000000000000
000000000000000000000000001000000000000000000000000000000000000000000001100000000000000000000000000000000000000000000000000000011000000011000000000000000000000000000000000100000000000110000000000000010000000000000000000000000000000000000000000000000000000000000000000000000000001100000000000000011000
000000000000000000000000000000000000000000000000000000000000000000000000000000000000000000000000000000000000000000000000000000000000000000000000000000000000000000000000000000000000000110000000100000111000000000000000000011110000000000000000000000011000000000000000000000000000000000000000000000011000
000000110000000000000000000000000000000000000000000000000000000000000000000000000000000000000000000000000000000110000000000000000000100000000000000000000000000000000000000000000000000000000100100000000000000000000000000011100100000000000000000000011000000000000000000000000000000000000000000000000000
000000110000000000000000000000000000000000000000001100000000000000000000000000000000000000000000000000000000001001000000000000000001010000000000000000000000000000000000000000000000000000000000010000000000000000000000000011011100000010000000000000000001010000000000000000000000000000000000000000000000
000000000000000000000000000000000000000000000000001100000000000000000000000000000000000000000000000000000000000101000000000000000001010000000000000000000000000000000000000000000000000000001000010000000000000000000000000000011100000101000000000000000001000100000000000000000000000000000000000110000000
000000000000000000000000000000000000000000000000000000000000000000000000000000000000000000000000000000000000000010000000000000000000100000000000000000000000000000000000000000000000000000000100000000000000000000000000000001111000000101000000000000000000000100000000000000000000000000000000000110000000
000000000000000000000000000000000000000000000000000000000000000000000000000000000000000000000000000000010000000000000000000000000000000010000000001110000000000000000000000000000000000000000011110000000000011000000000000011010000000010000000000000000010000010000000000000000000000000000000000000000000
000000000000000000000000000000000000000000000000000000000000100000000000000000000000000000000000000000101000000000000000000000000000000101000000000000000000000000000000000000001100000000000001000000000000011000000000000011011000000000000000011000000110110100000000000000000000000000000000000000000000
000000000000000000000000000000000000000000000000000000000000100000000000000000000000000000000000000000100100000000000000000000011000000101000000000000000000000000000000000000001100000000000000000000000000000000000000000011010000011000001100011000001010011000000000000000000000000000000000000000000000
000000000000000000000000000000000000000000000000000000000000100000000000000000010000000000110000000000011000000000000000000000100100000010000000000000000000000000000000000000000000000000000000000000000000000000000000000001100000011000010010000000001100000000000000000000000000000000000000000000000000
000010000000000000000000000000000000000000000000000000000000000000000000000000011111011000110000000000000000000000000000000000100100000000000000000110000000000001100000000000000000000000000000000000000000000000000000000000000000000000001100000000000100110000000000000000000000000000000000000000000000
000101000000000000000000000000000000000000000000000000000000000000000000000001000001111000000000000000000000000000000000000000011000000000000000001001000000000001010000000000000000000000000000000000000000000000000000000000000000000000000000000000000011100000000000000000000000000000000000000000000000
000110000000000000000000000000000001000000000000000000000000000000000000000011110000001100000000000000000000000000000000000000000000000000000000000110000000000000100000000000110000000000000000000000000000000000000000001100000000000010000000000000000001000000000000000000000000000000000000000000000000
000000000000000000001100000000000010100000000000000000000000000000000000000110110000010100000000000000000000000000000000000000000000000000000000000000000000000000000000000000101000000000000000000000001100000000000000001100000000000101000000000000000000000000000000000000000000000000000000000110000000
000000000000000000010010000000000010010000000000000000000000000000000000000010000011000100000000000000000000000000000000000000000000000000000000000000000000000000000000000000010000000000000000000000001100000000000000000000000000000101000000000000000000000000000000000000000000000000000000000110000000
000000000000000000001100000000000001100000000000000000000000000000001100000001100100001100000000000000000000000000000000000000000000000000000000000000000000000000000000000000000000000000000000000000000000000000000000000000000000000010000000000000000000000000000000000000000000000000000000000000000000
000000000000000000000000000000000000000000000000000000000000000000101100000000001000000100000000000000000011000000000000000000000000000000000000000000000000000001100000000000000000000000000000000000100000000000000000000000000000000000000000000001000000000000000000000000000000000000000000000000000000
000000000000000000000000000000000000000000000000000000000000000001000010000000000000100100000000100000000100100000000000000000000000000000000000000000000000000001100000000000000000000000000000000001010000000000000000000000000000000000000000000010100000000000000000000000000000000000000010000000000000
000000000000000000000000000000000000000000000000000000000000000001000110000000000000100100000000110000000011000000000000000000000000000000000000100000000000000000000000000000000000000000000000000001010000000000000000000000000000000000000000000010100000000000000000000000001000000000000101000000000100
000000000000000000000000000000000000000000000000000000000000000001100100000000000000011000100010000000000000000000000000000000000000000000000000100000000000000000000000000000000000000000000000000000100000000000001110000000000000000000000000000001000000000000000000000000001000000000000101000000001010
000000000000000000000000000000000000000000000000000000000000000111001000000000000000011000000000111100000000000000000000000000000000000000000000100000000000000000000000000000000000000000000000000000000000000000000010000000000000000000000000000000000000000001100000000000001000000000000010000000001001
000000000000000000000000000000000000000000100000000000000000001000000000000000000000001000110000110110000000000000000000000000000000000000000000000000000000000000000000000000000000000000000000011000000011000000010010000000000000000000000000000000000000000001100000000000000000000000000000000000000110
000000000000000000000000000000000000000001010000000000000000000000000000000000000000010110001000110100000000000000000000000000000000000000000000000000000000000000000000000000000000000000000000100100000100100000010000000000000000000000000000000000000000000000000000000011100011100000000000000000000000
000000000000000000000000000000000000000001010000000000000000000000100000000000000000001110001000111000000011000000000000000000000000000000000000000000000000000000000000000000000000000000000000011000000011000000001000000000000000000000000000000000000000000000000000000000000000000000000000000000000000
000000000000000000000000000000000000000000100000000011000000000100000011000000110000000100000000010000000011000000000000000000000000000000000000000000000000000000000000000000000000000000000000000000000000000001110000000000000000001100000000000000000000000000000000000000001000000000000000000000000000
000000000000000000000000000000000000000000000000000100100000000111000110000000110000000000011100000000000000000000000000000000000000000000000000000000000000000000000000000000000000000000000000000000100000000000100000000000000000001100000000000000000110000000000000000000001000000000000000000000000000
000000000000000000000000000000000000000000000000000011000000000000000100000000000000000000011100000000000000000000000000000000000000000000000000000000000000000000000000000000000000000000000000000001010000000000010000000000000000000000000000000000000110000000000000000000001000000000000000000000000000
000000111000000111000111000000100000000000000000000000000000000000000000000000000000000000001000000000000000000000000000000000000000000000111000000000000000000000000000000000000000000000000000000001010000000000000000000000000000000000100000000000000000000000000000000000000000000000000001110000000000
000000000000000000000000000000100000000000000000011000000000000000000000000000000000000000000000000000000000000000000000000000000000000000000000000000000000000000000000000000000000000000000000000000100000000000000000000000000000000000100000000000000000000000000000000000000000000000000000000000000000
000000000000010000101000010000100000000000000000101000000000000000000000000000000000000000000000000000000000110000000000000000000000000000000000000000000000000000000000000000000000000000110000000000000000000000000000000000000000000000100000000000000000000000000000000000000000000000000000000000000000
000000000000010000101000010000000000000000000000101000000000000000000000000000000000000000000000000000000000110000000000000000000000000000000000000000000000000000000000000000000000000001001000000000000000000000000000000000000000000000000000000000000000000000001100000000000000000000000000000000000000
000110000000010000101000010000000000000000000000110000000000000000000000000000000000000000000000000000000000000000000000000000000000000000000000000000000000000000000000000000000000000001001000000000000000000000110000000000000000000000000000000000000000000000001100000000000000000000000000000000000000
000110000000000111000111000000000000000000000000000000000000000000000000000000000000000000000000000000000000000000000000000000000000000000000000000000000000000000000000000000000000000000110000000000000000000000110000000000000000000000000000000000000000000000000000000000000000000000000000000000000000
