300 300
000000000000001100000000000000000000000000000000000000000000000000000000000000000000000111000111000000000000000000000000000000000000000000010000000010000000000000000000000000000000000000000000000000000000000000000000000001000000000000000000000000000000000000000000000000000000000000000000000000000000
000000000000010010011100000000000000000000000000000000000000000000000000000000000000010000101000010000000000000000000000000000000000000000101000000111000000000000000000000000000000000010000000000000000000000000000000000001000000000000001100000000000000000000000000000000000000000000000111000000000000
000000000000001100000000000000000000000000000000000000000000000000000000000000000000010000101000010000000000000000000000000000000000000000101000001111100111000000000000000000000000001001100000000000000000000000000000000001000000000000010010000000000000000000000000000000000000000000000000000000000000
000000000000000000000000000000000000000000000000000000000000000000000110000110000000010000101000010000000000000000000000000000000000000000010000010000010001000000000000000000000000001001101000000000000000000000000000000000000000000000010100000000000000000000000000000000000000000000000000000000000000
000000000000000000000000000000000000000000000000000000000000000000001001000110000000000000000000000000000000000000000000000000000000000000000000110010010000000001100001110000000000001001010100000001000000000000000000000000000000000000001000000000000000000000000000000000000000000000000000000000000000
000000000000000000000000000000000000000000000000000000000000000000000110000000000000000111000111000000000000000000000000000000000000000000000001110101010010000001100000000000000000000110001100000001000000000000000000000000000000000000000000000000000000000000000000000000000000000000000000000000000000
000000000000000000000000000000000000000000000000000000000000000000000000000000000000000000000000000000000000000000000000000000000000000000000000110010010000000001100000000000000000000110000100000001000000000000000000000000000000000000000000000000000000000000000000000000000000000000000000000000000000
000000000000000000000000000000000000000000000000000000000000000000000000000000000000000000000000000000000000000000000000000000000000000000000000010000010001000000000000000000000000000000001000000000000000000000000001100000000000000000000000000000000000000000000000000000000000000000000000000000000000
000000000000000000000000000000000000000000000000000000000110000000000000000000000000000000000000000000000000000000000000000000000000000000000000001111100111000000000000000000000000000000011100000000000000000000000001100000000000000000000000000000000000000000000000000000000000000000000000000000011000
000000000000000000000000000000000000000000000000000000000101000000000000000000000000000000000000000000000000000000000000000000000000000000000000000111000000000000000000000000000000000000000000000011000000000000000000000000000000000000000000000000000000000000000000000000000000000000000000000000011000
000000000000000000000000000000000000000000000000000000000010000000000000000000000000000000000000000000000000000000000000000000000000000000000000000010000000000000000000000000000000000000000000000100100000000000000000000000000000000000000000000000000000000000000000000000000000000000000000000000000000
000000000000000000000000000000000000000000000000000000000000000000000000000000000000000000000000000000000000000000000000000000000000000000000000000000000000000000000000000000000000000000000000000011000000000000000000011000000000000000000000000000000000000000000000000000000000000000000000000000000000
000000000000000000000000000000000000000000000001000000000000000000000000000000000000000000000000000000000110000000000000000000000000000000000000000000000000000000000000000000000000000000000000000000000000000000000000011000000000000000000000000000000000000000000000000000000000000000000000000000001100
000000000000000000000000000000000000000000000001000000000000011000000000000000000000000001110000000000000110000000000000000000000000000000000000000000000000000000000000000000000000000000000000000000000000000000000000000000000000000000000000000000000000000000000000000000000000001100000000000000001100
000010000001100011000000000000000000000000000001000000000000011000000000000000000000000001110000000000000000000000000000000000000000000000000000000000000000000000000000000000000000000001010000000000000000000000001110000000000001000000000000000000000000000000000000000000000000001100000000011100000000
000010000001100011000000000000000000000000000000000000000000000000000000000000000000000010001000000000000000000000000000000000000000000100000000000100000000000000000010000000000001000100010000000000000000000000000000000000000001000000000000000000000000000000000000000000000000000000000000000000000000
000010000000000000000000000000000000000000110000000000000000000000000000000000000000000101111100000000000000000000000010000000000000001010000000000100000000000000000101000000000001000100010000000000000000000000000000100000000001000000000000000000000000000000000000000000000000000000000000000000000000
000000000000000000001100000000000000000000110000110000110000000000000000000000000000000111100010000100000000000000000010000000000000000110000000000100000000000000000110000000000001000000100000000000000000000000000000100000000000000000000000000000000000000000000000000000000000000000000000000000000000
000000000000000000010010000000000000000000000000110001001100000000000000000000000000000010001100000100000000000000000010000000000000000000000000000000000000000000000000000000000000000001100000000000000000000000000000100000011100011100000000000000000000000000000000000000000000001000000000000000000000
000011100000000000001100000000000000000000000000000001101100000000000000000000000000000001100000000100000000000000000000000000100000000000000000000000000000000000000000000000000000000010011000000000000000000000000000000000000000000000000000000000000000000000000000000000000000001000000000000000000000
000010000000000000000000000000000000000000000000000001100100000000000000000000000000000001100000000000000001110000000000000000100000000000000000000000000000000000000000000000000000000001010000000000000000000000000000000000000001000000000000000000000000000000000000000000000000001000000000000000000000
000001100000000000000000000000000000110000000000000000011000000000000000000000000000000100000000000000000000000000000000000000100000000000000000000000000000000000000000000110000000000000101000000000000000000000000000000000000001000000000000000000000000000000000000000000000000000000000000000000000000
000011011100000000000000000000000000110000000000000000000000000000000000000000000000000001110000000000000000000000000000000000000000000001100000000000000000000000000000000110000000000000110000000000000000000000001100000000000001000000000000000000000000000000000000000000000011100011100000000000000000
000010110000000000110000000000000000000000000000000000000000011000000000000000000000000001000000000000000000000000000000000000001110000001100000000000000000000000000000000000000000000000000000000000000000000000001100000000000000000000000000000000000000000000000000000000000000000000000000000000000000
000000000000000000110000000000000000000000000000000000000000111000000010001100000000111000110000011001110001100000000000000000000000000000000000000000000000000000000000000000000000000001100000000000000000000000000000000101000000000000000000000000000000000000000000000000000000001000000000000000000000
000110000000000000000000000000000000000000000000000000000001000000000100100000000000000000110000010101000001100000000000000000000000000000000000000000000000000000000000000000000000000000000001100000000000000000000000000011000000000000100000000000000000000000000000000000000000001000000000000000000000
000010000000000000000000000000000000000000000000000000000000010000000100010000000000000010000000001111000000000000000000000000000000000000000000000000000000000000000000000000000000000000000010010000000000000000000001100010000000000001010000000000000000000000000110000000000000001000000000000100000000
001000000000000000000000000000000000000000000000000000000110101000001101100000000000000010000000000010000000000000000000000000000000000000000000000000000000000000000000000000000000000000000001010000000000000000000100010000111000011001010000000000000000000000000110000000000000000000000000000100000000
000000000000000000000000000000000000000000000000000000000100001000000110000000000000000010000000000001100000000000000000000000000000000000000000000000000000000000000000000000000000000000000000100000000000000000000111100011111000011000100000000000000000000000000000000000000000000000000000000100000000
000000000000000000000000000000000000000000000000000000000011111000000000000000000000000000000000000001100000000000000000000000000000000000000000000000000000000000000000000000000000000000000000000000000000000000000000000000000100000000000000000000000000000000000000000000000000000000000000000000000000
000000000000000000000000000000000000000000000000000000000001100000000000000000000000000000000000000000000000000000000000000010000000000000000000000000000000000000000000000000000000000000000000000000000000000000000001000000111000000000000000000000000000000000000000000000000000000000000000000000000000
000000000000000000000000000000000000000000000000000011000000000000000000000000000000000000000000000000000000000000000000000101000000000000000000000000000000011100000000000000000000000000000000000000000000000000000100000000111000000000000000000000000000000000000111000000000000000000000000000000000000
000000000000000000000000000000000000000000000000000011000000000000000000000000000000000000000000000000000000000000000000000010000000000000000000000000000000010100000000000000000000000000000000000000000000000001110010000000000000000000000000000000000000000000000000000000000000000000000000000000000000
000000000000000000100000000000000000001000000000000000000000000000000000000000000000000000000000000000000000000000000000000000000000000000000000000000000001100100000000000000000000000000000000000000000000000011011001011000000000000000000000000000000000000000010000010000000000000000000000000000000000
000000000000000001010000000000000000001010000000000000000000000000000000000000000000000110000000000000000000000000000000000000000000000000000000000000000001011000000000000000000000000000000000000000000000000001010000001000000000000000000000000000000000000000010000010000001100000000000000000000000000
000000000000000001001000000000000000001100000000000000000000000000000000000000000000001001000100000000000000000000000000000000000000000000000000000011000010010000000000000000000000000000000000000000000000000000100001010000000000011000000000000000000000000000010000010000001100000000000000000000000000
000000000000000000110000000000000011000000000000000000000000000000000000000000000000000101001010000000000000000000100000000000000001000000000000000011000000000000000000000000000000000000000000000000000000000000001111000000011100100100000000000000000000000000000000000000000000000000000000000000000000
000000000000000000000000000000000010100000000000000000000000000000000000000000000000000010001010000000000000000001010000000000000010100000000000000000001110000000000000000000000000000000000000000000000000000000000000000000000000011000000000000000000000000000000111000000000000000000000000000000001100
000000000000000000000000000000000001000000000000000000000000000000000000000000000000000000000100000000011000000000100000000000000010100000000000000000001100000000000000000000000000000000000000000000000000000000000000000000000000000000000000000000000000000000000000000000000000000000000000000000001100
000000000000000000000000000000000000000000000000000000000000000000000000000000000000000000000000000000011000000000000000000000000001000000000000000000000110000000000000000000000000000000000000000000000000000000000110000000000000000000000000111000000000000000000000000000000000000000000000000000000000
000000000000000000000000000000000000000000000000000000000000000000000000000000000000000000000000000000000000000000000000000000000000000000000000000000000001010000000000000000000100000000000000000000000011000000000110000000000000000000000000000000000000000000000000000000000000000000000000000000000000
000000000000000000000000000110000000000000000000000000000000000000000000000000000000000000000000000000000000000000000000000000000000000000000000000000000001110000000110000000001110000000000000000000000011000000000000000000000000000000000000000000001100000000000000000000000000000000000000000000000000
000000000000000000000000001001000000000000000000000000000000000000000000000000000000000000000000000000000000000000000000000000000000000000000000000000000000100000000110000000000001000000000000000000000000000000000000000000000000000000000000000000001100000110000011000000000000000000000000000000000000
000000000000000000000000000101000000000000000000000000000000010000000000000000000000000000000000000000000000001000010000000000000000000000000000000000000000000000000000000000000010110010000000000000000000000000000000000000000000000000000000000000000000000110000011000000000000000000000000000000000000
000000000000000000000000000010000000000000000000000000000000101000000000000000000000000000000000000000000000001000010000000000000000000000000000000000000000000000000000000000000011111011000000000000000000000000000000000000000000000000000000000000000000000000000000000000000000000000000000000000000000
000000000000000000000000000000000000000000000000000000000001001000000000000000000000000000000000000000000000001000010000000000000000000000000000000000000000000000000000000000000010011000100000000000000000000000000001100000000000000000000000000000000000000000000000000000000000000000000000000000000000
000000000000000000000000000000000000000001100011000000001001110000000000000000000000000000000000000000000000000000000000000000000000000000000000000011001100000000000000000000000000011011100000000000000000000000000010010000000110000000000000000000000000000001000000000000000000000000000000000000000000
000000000000000000000000000000000000000001100100100000010111000000000000000000000000000000000000000000000000000000000111000000000000000000000000000101001100000000000000000000001110001101000000000000000000000000000001100000000110000000000000000000000000000010100000000000000000000001000000000000000000
000000000000000000000000000000000000000001010011000001000010000000000000000000000001000000000000000000000000000000000000000000000000000000000000000010000000000000000000000000000000010110100000000000000000000000000000000000000000000000000000000000000000000010100000000000000000000010010100000000000000
000000000000000000000000000000000000000001110000000000101100000000000000000000000010100000000000000000000000000000000000000000000000000000000000000000000000000000000000000000000000001100110000000000000000000000000000000000000000000000000000000000000000000001000000000000000000000010111110000000000000
000000000000000000000000000000000001100000001000000000010000000000000000000000000010010000000000000000000000001000000000000000000000000000001100000000000000000000000000000000000000101101100000000000000100000000000000000000000000000000000000000000000000000000000000000000000000000001000001000000000100
000000000000000000000000000000000010100001101100000000000000000000000000000000000001100000000000000000000000001000000000000011000000000000010010000000000000000000000000000000011000010001100000000000001010000000000000000000000000000000000000000000000000000000000000000000000000000000010111100000000100
000000000000000000000000000000000010000001101100000000000000000000000000000000000000000000000000000000000000001000000000000100100000010001111100000000000000000000000000000000011000000000010000000000001010001100000000000000000000000000000000000000000000000000000000000000000000010000011100100000000100
000000000000000000000000000000000010100001001000000000000000000000000000000000000000000000000000000000000000000000000000000010100000011110110000000000000000110000000000000000000000000000000000000000000110000000000000000000000000000000000000000000000110000000000000000000000000101100100000100000000000
000000000000000000000000000000000001100000001000000000000000011100000000000000000000000000000000000000000000000000000000000001000000100100010000000000000001001000000000000000000000000000010000000000100100000000000000000000000000000000011000000000000110000000000000000000000000001100111101000000000000
000000000000000000000000000111000000000010010000000000000000000000000000000000000000000000000000000000000000000000000000000000000000000011100000000000000000110000000000000000000000000000101000000000011100000000000000000000000000011000100000000000000000000000000000000000000001001100000100000000000000
000000000000000000000000000101000000000011100000000000000000000001000000000000000000000000000000000000000000000000000000000000000000001000000000000000000000000000000000000000000101100000000000000000001000000000000000000000000000100100100010000000000000000000000000000000000001010000010000000000000000
110000000000000000000000010000100000000000000000000000000001100001000000010100000000000000000000000000000000000000000000000000000000000000000000000000000000000000110000000001011111000010001000000000000000000000000000000000000000101000100010000000000000000000000000000000000000000000000000000000000000
110000000000000000000001111110110000000000000000000000000010010001000000000001010000000000000000000000000000000000000000000000000000000000000000000000000000000000110000000000110001000010001000000000000000000000000000000000000000010000010000000000000000000000000000000000000000100111000000000000000000
000000000000000000000010011100000000111000000000000000000010100000000000010001010000000000000000000000000000000000000000000000000000000000000000000000000000000000000000000001000000000001110000000000000000000000100000000000000000000000001010000000000000000000000000000000000000011010000000000000000000
000000001100000000000011000000000000111000000000000000000001000000000000000000110000000000000000000000000000000000000000000000000000000000000000000000000000000000000000000001110000000000000000000000000000000001010000000000000000000000000100100000000000000000000000000000000000001110000000000000000000
000000010010000000000111000000000001000100000000000000000000000000000000001010000000000000000000000000000000000000000000000000000000000000000000000000000000000000000000000001100000000000000000000000000000000001010000000000000000001100000011000000000000011100000000000000000000000110000000000000000000
000000001100000000001100000011110110001000000000000000000000000000000000001000000000000000000000000000000000000000000000000000000000000000000000000000000000000000000000000000000000000000000000010000000000000000100000000000011000001100001110000000000000000000000000000000000011001101100000000000000000
000000000000000000001101010010000000001000000000000000000000000000000000000100000000000000000000000000000000000000000000000000000000000000000000000000000000000000000000000000000000000000000010001000000000000000000000000000011000000000011100000000000000000000000000000000000000010101010000000000000000
000000000000000000000001110010000000000000000000000000000000000000000000000000000000000000000000000000000110000000000000000000000000000000000000000000000000000000000000000000000000000000000010111000000000000000000000000000001100000000011100000000000000000000000000000001000100010100010000000000000000
000000000000000000000001100000000000100000000000000000000000000000000000000000000000000000000000000000000110000000000000000000000000000000000000000000000000000000000000000000000000000000000011000100000000000000001100000000000110000000000000000000000000000000000000000001000100010100100000000000000000
000000000000000000000000000001110011000000000000000000000000000000000000000000000000000000000000000000000000000000000000000000000000000000000000000000000000000000000000110000000000000000000000010000000000000000001100000000000110000000000100000000000000000000000000000001000001101001110000000000000000
000000000000000000000000000000000111000000000000000000000000000000000000000000000000000000000000000000000000000000000100000000000000000000000000000000000000000000000000110000000000000000000000000010000000000000000000000000000000000000010000000000000000000000000000000000000000000000000000000000000000
000000000000000000000000000000000000000000000000000000000000000000000000000000000000000000000000000000000000000000001010000000000000000000000000000000001100000000000000000000000000000000000000100010000000000000000000000000000000000000110010000000000000000000000000011100011100000000000000000000000000
000000000000000000000000000000000000000000000000000000000001011000000000000000000000000000000000000000000000000000001001000000000000000000000000000000001100000000000000000000000000000000000000100010000000000000000000000000000000000000100110000000000000000000000000000000011100000000000000000000000000
000000011000000000000000000000000000011000000000000000000001010100000000000000000000000000000000000000000000000100000110000000000000000000000000000000000000000000000000000000000000000000000000000110000000000000000000000000000000000000111000000000000000000000000000000000011100001110110011000000000000
000000011000000000000000000000000000011000000000000000000001000101000000000000000000000000000000000110000000001010000000000000000000000000000000000000000000000000000000000000000000000000000000010100000000000000000000000000000000000000011000000000000000000000000000000000001100000101000001000000000000
000110000000000000000000000000000000000000000000000000000000001101100000000000000110000000000000000110000000001010000000000000000000000100000000000000000000000000000001000000000000000000000000001000000000000000000000000000000000000000000000000000000000000000000011000011001000000011100001000000000000
000110000000000000000000000000000000000000000000000000001011010011000000000001100110000000000000000000011100000100000000000000000000001010000000000000000000000110000001000000000000000000000000000000000000000000000000000000000000000000000000000000000000000000000001100111100000000001000010000000000000
000000000000000000000000000000000000000000000000000000001000000110000000000001100000000000000000000000000000000000000000000000011000001111011000000000000000001001000001000000000000000000000001000000000000000000000000000000000000000000000000000000000000000000000011111101001000000000001110000000000000
000000000011100000000000000000000000000000000000000000010111000100000000000000000000000000000000000000000000000000000000000000011000000100000100000000000000000110000000000000011001100000000010100000000000000000000000000000000000000000000000000000000000000000000000011000000100000000000011100000000000
000001100010100000000000000000000000000000000000000000001000000000000000000000000011000000000000000000000000000000000000000000000000000010000100000000000000000000000000000000011001100000000010100000000000000000000000000000000000000000000000000001100000000000000000101001000100000000000000010000000000
000001100011100000000000000000000000000000000000000000001000000000000000000000000011000000000000000000000000000000000000000001110000000000011000000000000000000000000000000000000000000000000001000000000000001000000000000000000000000000000000000011101100000000000000111001011000000000000000100000000000
000000000000000000000000000000000000000000000000000000000000000011000000000000000000000000000000000000000000000000000000000001110000000000000000000000000000000000000000000000000000000000000000000000000000010100000000000000000000000000000110000001101110000000000000110000000000000000000001100000000000
000000000000000000000000000000000000000000000000000000000000000111000000000000000000000000000000000000000000000000000000000000100000000000000000000000000000000000000000000000011000000000110000000000000000010100000000000000000000000000000110000011101100000000000000000000000000000000000000000001100000
000000000011000000000000000000000000000000000000000000000111000100100000000000000000000000000000000000000000000010000000000000000000000000000000000000000000000000000000000000011000000001001000000000000000001000000000000000000111000000000000000011000000000000000000000000000000000000000000000001100000
000000000111000000000000001000000001000000000000000000000000000111110000000000000000000000001100000000000000000010000000000001000000000110000000000000000000000000000000000000000000000000110000000000000000000000000000000000000000000000000000000000000000000000000000000000000000000001000000000000000000
000000000011110000000000001000000010100000000000011100001001000100100000000000000000000000001100000000000000000110000000000010100000001001000000000000000000000000000000000000000000000000000000000000000000000000000000000000010000010000000000000000000000000000000000011000000000000001110000000000000000
000000000001000100000000001000000010100000000000010010000100000110100000000000000000000000000000000000000000101000000000000011000000000101000000100000000000000000000000000000000000000000000000010000000000000000000000000000010000010000000000000000000000000000000000100100000000000000000000000000000000
000000000000100100000001000001000001000000000000110111000010000000110000000000000000000000000000000000000011111000000000000000000000000010000000110000001000000000000000000000000000000000000000101000000000000000000000000000010000010000000000000000000000000000000000011000000000000010010000000000000000
000000000010100000000010100010100000000000000110111011000011000101100000000011000000000000100000000000000100110000110000000000000000000000000001010000001000000000000000000000000000000000000000101000000000000000000000000000000000000000000000000000000000000000000000000000000000000101000000000000000000
000000000000000000000010100010100000000000001011110001000000100101000000000011110000000001010000000000000111000000110000000000000000000000000000000000001000000000000000000000000000000000000000010000000000000000000000000000000111000000000000000000000000000000000000000000000000001001000000000000000000
000000000000000000000001000001000000000111001111110001110010100000000000000001101000011001100000000000000000000000100000000000000000000000000000000000000000000000000000000000000000000000000000000000000000000000000000000000000000000000000000000000000000000000000000000000010000000110000000000000000000
000000000000000000000000000000000000000001001011100010110010100000100000000000011000001011000000000000000000000000000000000000000000000000000000000000000000000000000000000000000000000000000000010000000000000000000000000000000000000000000000000000000000000000000000000000101000000000000000000000000000
000000000000000000000000001100000000000000000001001111000001000000100000000000000000000010000000000000000000000001100000000000000000000000000000000000000000000000000000000000000000000000000000101000000000000000000000000000000000000000000000000000000000000000000000000000011000000000000000000000000000
000000000000000000000000001100000001000000000000111110000000000000100000000000000000000000000000000000000000000001100000000000000000000000010000000000000000000000000000000000000000000000000000101000000000000000000000000000000000000000000000000000000000000000000000000000000000000000000000000000000000
000000000000000000000000000000000010100000110000010000011000000000000000000000000000000000000000000000000000000011010000000000000000000000010000000000000000000000000000000000000000000000000000010000000000000000000000000000000000000000000000000000000000000000000000010000000000000000000000000000000000
000000000000000000000000000000000010100001001000000000000010000001000000000000000000000000000000000000000000000111110000000000000000000000010000000000000000000000000000000000001000000000000000000000000000000000000000000000000000000000000000000000000000000000000001001000000000000000000000000000001100
000000000000000000000000000000000001000000110000000000010010000011000000000000000000000000000000000000000000000011100000000000000000000000000000000000000000000000000000000000001000000000000000000000000000000000000000000000000000000000000000000000000000000000000001001000000000000000000000000000001100
000110000000000000000000000000000000000000110000000000000010000010100000000000011010000000001000000000010000000001000000000000000000000000000000000000000000100000000000000000001000000000000000000000000000000000000000000000001100000000011100000000000000000000000000100000000000000000000000000000000000
000110000000000000000000000000000000001101000000000000001000000000100000000000011100000000001000000000111000000000000000000000000000000000000000000000000001010000000000000000000000000000000000000000000000000000000000000000001100000000000000000000000000110000000000000000000000000000000000000000000000
000000000000000000000000000000000000001001000000000000001000000010010000000000001000000000000000000010010000000000000000000000000000000000000000000000000000100000000000000000000000000000000000000000000000000000000000000000000000000000000000000000000000110000000000000000000000000000000000000000000000
000000000000000000011100000000000000000111000000000000001010000111000001100000000000001000000000011011100110000000000000000000000000000000000000000000000000000000000000000000000000000000000000000000000000000000000000000000000000000000000000000000000000000000000000000000000000000000000000000000000000
000000000000000000000000000000000000000000000000000000001000111000001010100000000000001000000000011010100111000000000000000000000000000000000000000000000000000000000000000000000000000000000000000000000000000000000000000000000000000000000000000100000000000000000000000000000000000000000000000000000000
000000000000000000000000000000000000000000000000000000001000000000011001000000000000001000000000000000000000000000000001110000000000000000000000000000000000000000000000000000000000000000000000000000000000000000000000000000000000000000000000001010000000000000000000000000000000000000000000100000000000
000000000000000000000000000000000000000000000000000000000010000001100000000000000001110000000000011101000111000000011110001000000000000000000000000000000000000000000000000000000000000000000000000000000000000000000000000000000000010000000000001100000000000000000000000000000000000000110001100000000000
000000000000000000000000000000000000000000000000000000000000100010000000000000000010110000000000011101000000001100000000110000000000000000000000000000000000000000000000000000000000000000000000000000000000000000000000000000000000101000000000000000000000000000000000000000000000000000110001100000000000
000000000000000000000000000000000001100000000000000000000000100010000000000000000011100000000000101110100000001100110101000000000000000000000000000000000000000000000000000000000000000000000000000000000000000000000000000000000000101000000000000000000000000000000000000000000000000000000001000000000000
000000000000000000000000000000000001100000000000000000000000000000000000000000000100000000000000000111000000000000110110011000000000000000000000000000000000000000000000000000000000000001100000000000000000000000000000000000000000010000000000000000000000000000000000000000000000000000000000000000000000
000000000000000000000000000000000000000000000000000000000000011100000000000000000000000000100000000100000000000000001000011101000000000000000000000000000000000000000000000000000000000001100000000000000000000110000000000000110000000000000000000000000000000000000000000000000000000000000000000000000000
000000000000000110000000000000000000000000000000000000000000000000000000000000000000000001010000000000000000000000000001001111001100000000000000000000000000010000000000000000000000000000000000000000000000000110000000110000110000000000000000000000000000000000000000000000000000000000000000000000000000
000000000000000110000000000000000000000111000000000000000110000000000000000000000010100010001000000100000000000000000000010010110100000000000000000000000000101000000000000000000000000000000000000000000000000000000001010000001000000000000000000000000000000000000000000000000000000000000000000000000000
000000000000000000000000000000000000000000000000000001001001000000000000000000000011000001010000000011000000000000000000000000011100000000000000000000000001001000000000000000000000000000000000000000000000000000000011010000011000110000000000000000000000000000000000000000000000000000000000000000000000
000000000000000000000000000000000000010000000000000011111110000000000000000000000000000000100000000000000000000000000000010000011000000000000000000000000000110000000000000000000000000000000000000000000000000000000001100000000000110000000000000000000000000000000000000000000000000000000000000000000000
000000000000000000000000000000000000010000000000000101011000000000000000000000000000000000000000000000000000000000000001100000000000000000000000000000000000000000000000000000110000000000000000000000000000000000000000100000011100000000000000000000000000000000000000000000000000000000000000000000000000
000000000000000000000000000000000000010000000000001110111000011000000000000000000000000000000000000000000000010000000000000000000000000000000000000000000000000000000000000000101000000000000000000000000000001100000000000000010000000000000000000000000000000000000000000000000000000000000000000000000000
000000000000000000000000000000000000000000000000000101010000011000000000001000000000000000000000000000000000010000110111000000000000000000000011000000000000000000000000000000010000000000000100000000000000001100000000001101011000000000000000000000000000000000000000000000000000000000000000000000000000
000000000000000000000000000000000000000000000000000011100000000000000000001000000000000000000000000000000000000101011111100000000000000000000011000000000000000000000000000000000000000000001011000000000000000000000000000000101100000000000000000000000000000000000000000000000000000000000000000000000000
000000000000000000000000000000000000000000000001000001000000000000000000001000000000000000000000000001001110011100010001000000000000000000000000000000000000000000000000000000000000000000001011000000000000000000000000000000000100000000000000000000000000000000000000000000000000000000000000000000000000
000100000000000000000000000000000000000000000011000000000000000000000000000000010000000000000000000000101000011100000000101110000000000000000000000000000000000000000000000000000000000000000100100000000000000000000000000011100000110000000000000000000001100000000000000000000000000000000000000000000000
001010000000000000000000000000000000000000000100000000110000000000000011100000111000000000000000000000101000000000011000000000000000000000000000000000000000000000000000000000000000000000000110100000000000000000000000000001100000110000000000000000000001100000000000010010000000000000000000000000000000
001100000000000000000000000000000000000000000011000000110000000000000000000001100100000000000000000000000000000000010000100000000000000000000000000000000000000000000011000000000000000000000010000000000000000000000000000001100000000000000000000000000000000000000000010010000000000000000000000000000000
000000000000000000000000000000000000000011000001000000000000000000000000000000001100000000000000000000001010000000000001110000000000000000000000000000000000000000000100100000000000000000000000000000000000000000000000000000000000000000000000000010000000000000000000111100000000000000000000000000000000
000000000000000000000000000000000000000011000000011000000000000000000000000001000011000000000000000000000010000000000011011000000000000000000000000000000000000000000011000000000000000000000000000000000000000000000000000001000000000000000000000001100000000000000001101000000000000000000000000000000000
000000000000000000000000000000000000000000000000011000000000000000000000000010010010100000000000000000000010000000000001110000000000000000000000000000000000000000000000000000000000000000000000000000000000000000000000000100010000000000000000000011000000000000000001000100000000000000000000000000000000
000000000000000000000000000000000000000000000000011000000000000000000000000001100010110000000000000000000000000000000000100000000000000000000000000110000010000000000000000000000000000000000000000000000000000000000000000011010000000000000000000000000000000000000000100010000000000000000000000000000000
000000000000000000000000000000000000000000000000000000000000000000000000000000000101100000000000000000000000000000000000000110000000000000000000000110000101000000000000000000000000000000000000000000000000000000000000000001110000000000000000000000000000000000000000011100000000000000000000000000000000
000000000000000000000000000000000000000000000000000000000000000000000000000000000111000000001110000000000000000000000000000110000000000000000000000000000101000000000000000000000000000000000000000000000000000000000000000000000000000000000000000000000000000000000000000000000000000000000000000000000000
000000000000000000000000000000000000000000000000000000000001100000000000000000000000000000000000000001000000000000000000000000000000000000000000000000000010000000000000000000000000110000000000000000000000000000000000000000000000000000000000000000000000000000000000000000000000000000000000000100000000
000000000000000000000000000000000000000000000000000000000010010000000000000000000000000000100000100001000000000000000000000000000000000000000000000000000000000000000000000000000000110000000000000000000000000000000000000000000000000000000000000000000000000000000000000000000000000000000000001010000000
000000000000000000000000000000000000000000000000000000000001100000000000000000000000000000100000100001000000000000000000000000000000000000000000000001100000001100000000000000000000000001000000000000000000000000000000000000000000000000000000000000000000000000000000000000000000000000000000001010000000
000000000000000000000000000000000000000000000001000000000000000000000000000000000000000000100000100000000000000000000000000000000000000000000000000010010000010010000000000000000000000010100000000000000000000000000000000000000000000000000000000000000000000000000000000000000000000000000000000100000000
000000000000000000000000000000000000000000000110110000000000000000000000000000011000000000000000000000000000000000000000000000000000000000000000000001100000001100000000000000000000000011000000000000000000000000000000000000000000000011100000000000000000000000000000000000000000000000000000000000000000
000000000001100000000000000000000000000000000000101000000000000000000000000000011000000000001110000000000000110000000000000000000000000000000000000000000000000000000000000000000000000000000000000000000000000000000000000000000000000000000000000000000000000000000000000000000000000000000000000000000000
000000000001100000000000000000000000000000001000000100000000000000000000000000000000000000000000000000000000110000000000000000000000000010000000111000000010000000000000000000000000000000000000000000000000000000000000000000000000000000000000000000100000000000000000000000000000000000000000000000000000
000000000000000000000000111000000000100000000000110000000000000000000000000000000000000000000000000000000000000000000000000000000000000101000000000000000101000000000000000001000000000000000001100000000000000000000000000000000000000000000000000001010000000000000000000000000000000000000000000000000000
000000000000000000000000000000000001110000000000011110000000000000000000000110000000000000000000000000000000000000000000000000000000000110000000000000000101000000000000000010100000000000000010010000000000000000000001000000000000000000000000000001010000000000000000000000000000000000000000000000000000
000000000000000100000010000010000000001100000100100000000000000000000000000110000000000000000000000000000000000000000000000000000000000000000000000000000010000000000000000000000000000000000001100000000001100000000010100000000000000000000000000000100000000000000000000000000000000000000000000000000000
000000000000001010000010000010000001100100000100100000000011000000000000000000000000000000000000000000000000000000000000000000000000000000000000000000000000000000000000001010110100000000000000000000000001100000000010100000000000000000000000000000000000000000000000000000000000000000000000000000000000
000000000000010010000010000010000001000000000010100000000011000000000000000000000000000000000000000000000000000000000000000000000000000000000000000000000000000000000000011101011010000000000000000000000000000000000001000000000000000000000000000000000000000000000000000000000000000000000000000000000000
000000000000001100000000000000000000100100000111000000000000000000000000000000000000000000000000000000000000000000000000000000000000000000000000000000000000000000000000010000001011000000000000000000000000000000000000000000000000000000000000000000000000000000000000000000110000000000000000000000000000
000000000000000000000000111000000000101001010000000000000000000000000000000000000000000000000000000000001000000000000000000000000110000000000000000000000000000000000000000000000100000000000000000000000000000000000000000000000000000000000000000000000000000000000000000000110000000000000000000110000000
000000000000000000000000000000000000010001110000000000000000000000000000000000000000000000000000000000001000000000000000000000001001000000000000000000000000000000000000000000000000000000000000000000000000000000000000000000000000000000000000000000000000000000000000000000000000000000000000000110000000
000000000000000000000000000000000000010011100000000000000000000000000000000000000000001100000000000000001000000000000000000000000110000000000000001000000000000000000000000001110000000000000000000000000000000000001100000000000000000000000000000000000000000000000000000000000000000000000000000000000000
000000000000000000000000000000000000001010000000000000000000000000000000000110000000001100000000000000000000000000000000000000000000000000110000001000000000000000000000000000001100000000000000000000000000000000010010000000000000000000000000000000000000000000000000000000000000000000000000000000000000
000000000000000000000000000000000000000000000000000000000000000000000000001001100000000000000000000000000000000000000000000000000000000000110000001000000000000000000000000010001100000000000000000000000000001000001100000000000000000000000000000000000000000000000000000000000000000000001100000000000000
000000000000000000000000000000000000000000000000000000000000000000000000001101100000000000000000000000000000000000000000000000000000000100000000000000100000000000000000000010001000000000000000000000000000010100000000000000000000000001000000000000000000000000000000000000000000000000001100000000000000
000000000000000000000000000000000000000000000000000000000000000000000000001101100000000000000000000000000000000000000000000000000000001010000000000001010000000000000000000011010000000000000000000000000000010100000000000000000000000001000000000000000000000000000000000000000000000000000000000000000000
000000000000000000000000000000000000000000000000000000000000000000000000000010000000000000000000000000000000000000000000000000000000000000000000000001100000000000000000000011100000000000000000000000000000001000100000000000000000000001000000000000000000000000000000000000000000000000000000000000000000
000000000000000000100000000000000000000000000000000000000000000000000000000000000000000000000000000000000000000000000000000000000000001110000000000000000000000000000000000001000001100000000000000000000000000000100000000000000000000000000000000000000000000000000000000000000000000000000000000000000000
000000000000000001010000000000000000000000010000000000000000000000000000000000000000000000000000000000000000000000000000000000000000000000000000000000000000000000000000000000000001100000000000000000000000000000100000000000000000011100011100000000000000000000000000000000000000000000000000000000000000
000000000000000001001000000000000000000000101000000000000001000000000000000000000000000000000000000000000000000000000000000000000000000000000000000000000000000000000000000001110001100000000000000000000000000000000000000000000000000000000000000000000000000000000000000000000000000000000000000000000000
000000000000000000110000000000011000000000101000000000000010100000000000000000000011000000000000000000000000000000000000000000000000000000000000000000000000000000000000000011000001010000000000000000000000000000000000000000000000000001000000011000000000000000000000000000000000000000000000000000000000
000000000000000000000000000000100100000000010000000000000010010000000000000000000011000000000000000000000000000000000000000000000000000000000000000000110000000000000000000100100010101100000000000000000000000000000000000000000000000001000000011000000000000000000000000000000000000000000000000000000000
010000000000000000000000000000101000000000000000000000000001100000000000000000000000000000000000000010000000000000000000000000000000000000000000000000110000000000000000001111000000101100000000000000000000000000000000000000000000000001000000000000000000000000000000000000000000000000000000000000000000
101000000000000000110000000000010000000000000000000000000000000000000000000000000000000000000000000101000000000000000000000000000000000101100000000000000000000000000110111011000000000000000000000000000000000000000000000000000001000000000000000000000000000000000000000000000000000000000000000000000000
101000000000000000110000000000000000000000000000000000000000000000000000000000000000000000000000000101000000000000000000000000000000001001100111000000000000000000000110011000000000001100000000000000000000000000000000000000000001000000000000000000000000000000000000000000000000000000000000000000000000
010000000000000000000000000000000000000000000000000000000110000000000000000000000000000000000000000010000000000000000000000000000000001000000110000000000000000000000000011101000010001100000000000000000000000000000000000000000001000000010000000000000000111000000000000000000000000000000000000000000000
000000000000000000000000000000000000000000000000000000001110000000000000000000000000000000000000000000000000000000000000000000110000001100001100000011000000000000000000000100100011000000000000000000000000000000000000000000000000000000101000000000000000000000000000000000000000000000000000000000000000
000000000000000000000000000000000000000000000000000000000100000000000000000000000000000000000000000000000000000000000000000001001000000010000000000101100000000000000000000001000001100000000000000000000000000000000000000000000000011100101000000000000010000010000000000000000000000000000000000000000000
000000110000000000000000000000000000000000000000000000000110011100000000000000000000000000000000000000011000000000000000000001010000000000110000000011010000000000000000000000000000100001000000000000000000000000000000000000000000000000010000000000000010000010000000000000000000000000000000000000000000
000000110000000000000000000000000000000000000000000100110000011100000000000000000000001100000000000000011000000000000000000000100000000000000011000000100000000000000000000000000000110001110000000000000000000000000000000000000000000000000000011000000010000010000000000000000000000000000000000000000000
000000000000000000000000000000000001110000000000000100111000001000000000000000000000001100000000000000000000000000011000000000000000000000000011000011000000000000000000000000000000010010001000000000000000000000000000000000000001000000000000011000000000000000000000000000000000000000000000000000000000
000000000000000000000000000000000000000000000000000000000000000000000000000000000000000000000000000000000000000000011000000000000000000000000000000100000000000000000000000000000000001111110000000000000000000000000000000000000010100000010000000000000000111000000000000000000000000000000000000000000000
000000000000000000000000000000000000000000000000000000111000000000000000000000000000000000000000000000000000000000000000000000000000000000000000001010000000000000000000000000000000000111100000000000000000000100000000000000000100100000010000000000000000000000000000000000000000000000000000000000000000
000000000000000000000000000000000000000000000000000000100100000000000000000000000000000000000000000000000000000000000000000000000000000000000000000100110000000000000000000000000000000000000000000000000000001010000000000000000011000000010000000000000000000000000000000000000000000000000000000000001000
000000000000000000000000000000000000000000010000000000011000000000000000000000001110000000000000000000000000000000000000000000000000000000000000000000000000000000001000000000100000000000000000000000000000000100000000000000000000000000000000000000000000000000000000000000000000000000000000000000010100
000000000000000000000000000000000000000000110000000100000000000000000000000000000000000000000000000000000000000000000000000000111000000000000000000000000000000000010100000001010000000000000000000000000000000000000000000000000000000111000111000000000000000000000000000000000000000000000000000000010100
000000000000000000000000000000000000000000110000000100000000000000000000000000000000000000000000110000000000000000000000010000100100000000000000000000000000000000010100000001010000000000000000000000000000000000000000000000000000000000000000000000000000000000000000000000000000000000000000000000001000
000000000000000000000000000000000000000000100000000100000000000000000000000000000000000000000000110000011100000000000000010000101100000000000000000000000000000000001000000000100000000000000000110000000000000000000000000000000000000000010000000000000000000000000000000000000000000000000000000000000000
000000000000000000000000000000000011000000000000000000100000000000000001000000000000000000000000000000100010000000000000010000001001000000000000000000000000000000000000000000000000000000000000000011100000000000000000000000000000000000010000000000000000000000000000000000000000000000000000000000000000
000000000000000000000000000000000011000000000000000010100000000000000010100000000000001110000000000000110000000000000000000000000101000000000000000000000000000000000000000000000000000000000000011000010000000000000000000000000000000000010000000000000000000000000000000000000000000000000000000000000000
000000000000000000000000000000000000000000000000000001100000000000000010100000000000000000000000000000110001000000000000000000000000100000000000000000000000000000000000000000000000000000001100001000010000000000000000000000000000000000000000000000000000000000000000000000000000000000000000000000000000
000000000000000000000001000000000000000000000000000000000000000000000001000000000000100000100000000000000100100000000000000000000010100000000000001100000000000000000000000000000001100000000000000100010000000000000000000000000000000000000000000000000000000000000000000000000000000000000000000001100000
000000000000000000000001000000000000000000000000000000010000000000000000000000000000100000100000000000110100010000000000000000000011010000000000001100000000010000000000000000000010100000010010000011100000000000000000000000000000000000000000000000000000000000000000000000010000000000000000000001100000
000000000000000000000001000000000000000000000000000000010000000110000000000000000000100000100000010000111100000000000000000000000000010000000000000000000000101000000000000000000011000011111001100000000000000000000000000000000000000000000000000000000000000000000000000000101000000000001110000000000000
000000000000000000000000000000000000000000000100000000010000000110000000000000000000000000000000101000001100001000000000000000000000100000000000000000000000101000000000000000000000000111111001100000000000000000000000000000000000000000000000000000000000000000110000000000101000000000000000000000000000
000000000000000000011100000000000000000000001010000000000000000000000000000000000000001110000000000000000010000000001110000000000001100000000000000000000000010000000000000000000000001000001000000000001000000000000000000000000000000000000000000000000000000001001000000000010000000000000000000000000000
000000000000000000000000000000000000000000000110000111000111000000000000000000000000000000000000100100000000000000010001000000001101100000000000000000000000000000000000000000000000010010000000000000001000000000000000000000000000000000000000000000000000000000110000000000000000000000000000000000000000
000000000000000000000000000000000000000000000000000000000000000000000000000000000000000000000000001100111011100000011011000000000001000000000000000000000000000000000000000000000000000010000100000000001000000000000000000000000000000000000000000000000000000000000000001100000001100000000000000000000000
000000000000000000000011000000000000011000000000000000010000000000000000000000000000000000000000000000011000000000100001000000000011100000000000000000000000000000000000000000000000001100001000000000000000000000000000000000000000000000000000000000000000000000000000010010000001100000000000000000000000
000000000000011100000011000000000000100100000000000000010000000000000000000000000000000000000000000010010000000000110110000000010000100000000000000000000000000000000000000000000000000000001000000000000000000000000000000000000000000000000000000000000000000000000000001100000000000000000000000000000000
000000000000000000000000000000010001001000000000000000010000000000000000000000000000000000000000000000100000000000100010000000000000010000000000000110000000000000000000000000000000000000000000000000000000000000000000000000000000000000000000000000000000000000000000000000000000000000000000000000000000
000000000000000000000000000000010000110000000000000000000000100000000000000000000000000000000000000100000000000000011100000000001000010000000000000110000000000000000000000000000000000000000000000000000000000000000000000000000000000000000000000000000000000001100000000000000000000000000000000000000000
000000000000000000000000000000010000000000000000000000000000100000000000000000111000000000000000011011000000000000000000000000001011011000000000000000000000000000000000000000000000000100000000000000000000000000000000000000000000000000000000000000000000000001100000000000110000000000000000000000000000
000000000000000000000000000000000000000000000000000000000000100000000000000000000000000000000000011010000000000001100000000000000100011000000000000000000000000000000000000000000000001110000000000000000000000000000000000000000000000000000000000000011000000000000010000000110000000000000000000000000000
000000000000000000000000000111000111000000000000000000000000000000000000000000000000000000000000001100000000000001100000000000001110011000000000000000000000000000000000000000000000011111000000000000000001100000000000000000000000000000000000011000010100000000000101000000000000000000000000000000000000
000000000000000000000000000000000000000000000000000000001110001110000000000000000000000000000000000000000000000000000000000000000100110000000000000000000000000000000000000000000000110001100000000000000001100000000000000000000000000000000000100100001000000000001010000000000000000000001100000000000000
000000111000000000000000000000010000000000000000000000000000000000000000000000000000000000000000000000000000000000000000000000000011100000000000000000000000000000000000000001000001110001110000000000000000000000000000000000000000000000000000101000000000000000001100000000000000000000001100000000000000
000000000000000000000000000000010000000000000000000000000000100000000000000000001110000000000000000000000000000000000000000011100001000000000000000000000000000000000000000010100000110001100000000000000000000000000000000000000000000000000000010000000000000000000000000000000000000000000000000000000000
000010000010000000000000000000010000000000000000000000000000100000000000000000001010000001100000000000000000000000000000011010010000000000000000000000000000000000000000000010100000011111000000000000000000000000000000000000000000000000000000000000000000000000000000000000000000011000000000000000000000
000010000010000000000110000000000000000000000000000000000000100000000000000000000110000001100000000000000000000000000000011100010000000000000000000000000000000000000000000001000000001110000000001110000000100000000000000000000000000000000000000000000000000000000000000000000000011000000000000000000000
000010000010000000000110000000000000000000000000000000000000000000000000000000000000010000000000000000000000000000000000110110100000000000000000000000000000000000000000000000000000000100000000001110000111000000000000000000000000000000000000000000000000000000000000000000000000000000000000000000000000
000000000000000000000000000000000000000000000000000000000000000000000000000000000110000000000000000000000000000000000000000000000000000000000000011100000000000000000000000000000000000000000000011001101101100000000000000000000000000000000000000000000000000000000000000000000000000000000000000000000000
000000111000000000000000000000000000000000000000000000000000000000000000000000000111001100000000000000000000000000000000000000000000000000000000000000000000000000000000000000000000000000000000101011010100000000000000000000000000000000000000000000000000000000000000000000000000000000000000001000000000
000000000000000000000000000000000000000000000000000000000000000000000000000000000100111000000000000000000000000000000000000000000000000000000001000001000000000000000000000000000000000000000000101000000100100000000000000000000000000000000000000000000000001100000000000000000000000000000000010100000000
001000000000000000000000000000000000000000000000000000000011000000000000000000000011110000000000000000000000000000000000000000000000000000000001000001000000000000000000110000000000000000000000111000111011100000000000000000000000000000000000000000000000001100000000000000000000000000000000010100000000
001000000000000000000000000000000000000000000000000000000011000000000000000000000001000000000000000000000000000000000000000000000000000000000001000001000000000000000000110000010000000000000000000000000001000000000011000000010000000000000000000000000000000000000000000000000001000000000000001000000000
001000000000000000000000000000000000000000000000000000000000000000000000000000000000000000000000000000000000001100000110000000000000000000000000000000000000000000000000000000010000000000000000000000000000000000000100100000100000000000000000000000000000000000000000000000000001000000000000000000000000
000000011000000000000000000000000110000000000000000000000000000000000000000000000000000000011000000000000000010010000110000000000000000000000000011100000000000000000000000000010000000000000000000000000000000000000011000000010000000000000000000000000000000000000000000000000001000000000000000000000000
000000100100000000000000000000000110000000000000000000000000000000000000000000000000000001001000000000000000010100000000000000000000000000000000000000000000000000000000000000000000000000000000000000000000000000000000000000000000000000000000000000000000000000000000000000000000000000000000000000000000
000000010100000000000000000000000000000000000000000000000000000000000000000000000000000011000100000000000000001000010000000000000000000000000000000000000000000000000000000000000000000000000000000000000000000000000000000000000000000000000000000000000000000000000000000000011100011100000000000010000000
000110001000000000000000000000000000000000000000000000000000000000000000000000000000000011011000000000000000000000101000000000000000000000000000000000000000000000000000010000000000000000000000000000000000000000000000000000000000000000000000000000000000000000000000000000000000000000000110000101000000
000110000000000000000000000000000000000000000000000000000000000000000001100110000000000001000000000000111000000001100000000000000110000000000000000000000000000000000000101000000000000000000000000000000000000000000000000000000000000000000000110000000000001000000000000000000001000000000110000101000000
000000000000000000000000000000000000000000000000000000000000000000000010000000100000000000110000000000000000000001100000000000000110000000000000000000000000000000000000101000000000000000000000000111000000000000000000000000000000000110000000110000000000010100000000000000000001000000000000000010000000
000000000000000000000000000000000000000000000000000000000000000000000100000001100000000000000000000010000000000000000000000000000000000000000000000000000000000000000000010000000000000000000000100101001100010000000000000000000000000110000000000000000000101000000000000000000001000000100000000000000000
000000000000000000000000000001110000000000000000000000000000000000000101100010000000000110000000000010000000000000000110000000000000000000000000000000000000000000000000000000000000000000000001110101001100010000000000000000000000000000000000000000000000110000000000000000000000000000100000000000000000
000000000000000000000000000000000000000000000000000000000000000000000110000100000000000110000000000010000000000000000110000000001000000000000000000000000000000000000000000000000000000000000001000110000000010000111110000000000000000000000000000000000000000000000000000000000000000000100000000000000000
000000000000000000000000000000000000000000000000000000000000000000000001011000000000000000000000000000000000000001000000000000010100000000000000000000000000000000000000000000000000000000000000011100000000000000011101000000000000000000000000000000000000000000000000000000000000000000000000000000000000
000000000000000000000000000000000000000000000000000000000000000000000000011000000000000000000000000000000000000000110100000000001000000000000000000000000000000000000000000000000000000000000000011100000000000000001101000000000000000000000000000000000000000000000000000000000000000000000000000000000000
000000000000000000000000000000000000000000000000000000000000000000000000011000010100000000000000000100000000001100011100000000000000000000000000000000000000000000000000000000000000000000000000000000000000000000000010000000000000000000000000000000000000000000000000000000000000000000000000000000000000
000000000000000000000011000000000000000000000000000000000000000000000000001100011100000000000000010100000111011100001110000000000000000000000000000000000000000000000000000000000000000000110000000000000000000000000000000000000001100000000000000000000000000000000000000000000000000000011000000000000000
000000000000000000000011000000011000000000000011100011100000000000000000011010001000000000000001100000000000011100000010000000001000000000000000000000000000000000000000000000000000000000110000000000000000000000000000000000000010010000000010000000000000000000000000000000000000000000011000000000000000
000000000000000000000000000000011000000000000100001110101000000000000000011011110000000000000001010000000011111000000000000000010100000000000000000000000000000000000000000000000000000000000000000000000000000000100000000000000010000100000101000000000000000000000000000000000000000000000000000000000000
000000000000000000011000000000000000000000001000000010010100000000000000000001100000000000000000011010111100110100000000000000010100000000000000000000000000000000000000000000000000000000000000000000000001100000100000000000000001111010000101000000000000000000000000000000000000000000000000000000000000
000000000000000000100100000000000000000000001000000010100100000000000000000000000000000000000001000100001000101000000000000000001000000000000000000000000000000000000000000000000000000000000000000000000001010001010000000000001010000001000010000000000000000000000000000000000000011000000000000000000000
000000000000000000011000000000000000000000001000001001110000000000000110100000000000000000001100001101010001101000000000000000000000000000001100000000000000000000000000000000000000000000000000000000000000110000000000000000001010010010000000000000000000000000000000000000000000100100000000000000000000
000000000000000000000000000000000000000000000100010001100000111000000100100000000000000000000000000000110001001000000000000000000000000000001100000000000000000000000000000000000000000000000000000000000000000000000000000001001010011100000000000000000000000000000000000000000000010100000000000000000000
000000000001100000000000000000000000000000000011100000000000000000000011100000111000000000000000100000100000110000000000000000000000000000000000000000000000000000000000000000000000000000000000000011100000000000010000000000000010000000000000000000000000000000000000000000000000001000001000000000000000
000000000001100000000000000000000000000000000000000000000000000100000000000000000000000000000000100000000000000000000000000000000000000000000000000000000000000000000000000000000000000000000000000000000000000000000000001000100000000000000000000000000000000000000000000000000000000000010100000000000000
000000000110000000000000000000000000000000000000000000000010000010000000000000000000000000000000100000000000000000000000000000000000000000000000001000000000000000000000000000000000000000000000000000000000000000000000010010000010000000000000000000000000000000000000000000000000000000100100000000000000
000000000110000000000000000000000000000000000000000000000000000100000100000000000000000000000000000000000000000000000000000000000000000000000000001000000000000000000000000000000000000000000000000000000000000000000000010001001100000000000000000000000000000000000000000000000000000000011000000000000000
000000000000000000000000000000000000000000000000000000000000000100001010000000000000000000000000000000000000110000000000000000000000000000000000001000000000001000000000000000000000000000000000000000000000000000000000100000011100000000000000000000000000000000000000000000000000000000000000000000000000
000000000000000000000000000000000000000000000000000000000001001000001001000000000000000000000000000000000000110000000000000000000000000000000000000000000000001000000000000000000000000000000000000000000000000000000000011000010000000000000000000000000000000000000000000000000000000000000000000000000000
000000000000000000000000000000000000000000000000000000000000011000000110000000000000000000000000000000000000000000000000000000000000000000011000000000000000001000000000000000000000000000000000000000000000000000000000000000000000000000000000000000000000000000000000000000000000000000000000000000000000
001100000000000000000000000000000000000000000000000000000000000000000000000000000000000000000000000000000000000000000000000000000000000000100100000000000000000000000000000000000000000000000000000000000000000000000000000000010000000000000000000000000000000000000000000000000000000000000000000000000000
001100000000000000000011100000000000000000000000000000000000000000000000000000000000000000000000000000000000000000000000000000000000000000011000000000000000000000010000000000000000000000000100000000000000000000100000000000110000000000000000000000000000000000000000000000000000000000000000000000000000
000000000000000000000000000000000001100000000000000000000000000000000000000000000000000000000000000000000000000000100000000000000000000000000000000000000000000000010000000000000000000000001010000000000000000001010000000000111000000000000000000000000000000000000110000000110000000000000000000000000110
000000000000000000000000000000000010010000000000000000000000000000000000000000000000000000000000000000000000000011011000000000000000000000000000000000000000000000010000000000000000000000001010000000000000000000100000000000001000000000000000000000000000000000001001000001001000000000000000000000000110
000000000000000000000000000000000001100000000001110000000000000000000000000000000000000000000000000000000000000010000000000000000000000000000000000000000000000000000000000000000000000000000100000000000000000000000000000000000000000000000000000000000001000000000110000000110000000000000000000000000000
000000000000000000000000000000000000000000000000000000000000000000000000000000000000000000000000000000000000000010001000000000000000000000000000000000000000000000000111000000000000000000000000000000000000000000000000000000000000000111000000000000000110110000000000000000000000000000000000000000000000
000000000000000000000001100000000001100000000000000000000000000000000000000000000000000000000000000000000000000001110000000000000000000011000000000000000000000000000000000000000000000011000000011000000000000000000000000000000000001000100000000000000110110000000000001000000000000000000000000000000000
000000000000000000000001100000000010010000000000000000000000000000000000000000000000000000000000000000000000000000000000000000000000000100100000000000000000000000000000000000000000000100100000100100000000000000000000000000110000010000010000000000000010100000000000010100000000000000000000000000000000
000000000000000000000000000000000001100000110000000000000000000000000000000000000000000000000000000000000000000000000001100000000000000100100000000000000000000000000000000000000000000011000000011000000000000000000000000000010000100010001000000000000100001000000000010100000000000000000000000000000000
110000000000001100000000000000000000000001001000000000000000000000000000000000000000000000000000000000000000000000110010010000000000000011000000111000000000000000000000000000000000000000000000000000000000000000000000000000000000100101001000000000000101101000000000001000000000000000000000000000000000
110000000000001100000000000000000000000000110000000000000000000000000000000000000000000000000000000000000000000000110001100000000000000000000000000000000000000000000000000000000000000000000100000000000000000000000000000000000000100010001000000000000100001000000000000000000000000000000000000000000000
000000000000000000000000000000000000000000000000000000000000000000000000000000000000000000000000000000000000000000000000000000000000000000000000000000000000000000000000000000000000000000001010000000000000000000000000000000000000010000010000000000000001010000000000000000000000000000000000000000000000
000000000000000000000000000000000000110000000000000000000000000000000000000000000000000000000000000000000000000000000000000011000000000000000001000000000000001000000000000000000000011100001010000000000001100000000000000000000000001000100000000000000011011000000000000000000000000000000000000000000000
000000000000000000010000000000000001001000000000000000001100000000000000000000000000000000000000000000000000000000000000000011000000000000000001000000000000011110000000000000001100100010000100000000000001100000000000000000001100000111000000000000000011011000000000000000000000000000000000000000000000
000000000000000000101000000000000000110000000000000000001100000000000000000000000000000000000000000000000000000000000000000000000000000000000001000000000000000111110000000000010100100010000000000000000000000000000000000000001000000000000000000000000000100000000000000000000000000000000000000000000000
000000000000000000101000000000000000000000000000000000000000000000000000000000000000000000000000000000000000000000000000000000000000000000000000000000000000000010010011000000001000100010000000010000000000000000000000000000000000000000000000000000000000000000000000000000000000000000000000000000000000
000000000000000000010000000000000000000000000000000000000000000000000000000000000001100011000000000000000000000000000000000000000000000000000000000000000000000001110010100000000000011100000000010000000000000000000000000000000000000000000000000000000000000000000000000000000000000000000000000000000000
000000000000000000000000000000000000000000000000000000000000000000000000000000000001100100100000000000000000000000000000000000000000000000000000000000000000000000000000100000000001000000000000010000000000000000000000000000000000000011000000000000000000000000000000000000000000000000000000000000000000
000000000000000000000000000000000000000000000000000000000000000000000000000000000000000011000000000000000000000000000000000000000000000000110000000000000000000000000010100011000011000000000000000000000000000000000000000000000000001111000000000000000000000000000000000000000000000000000000000000000000
000000011100000000000000000000000000000000000000000000000000000000000000000000000000000000000000000000000000000000000000000000000000000000110000000000000000111000000011001001000110000000000111000111000000000000000000000000000000010000100001000000000000000000000000000000000000000000000000000000000000
000000000000000000000000000000000000000000000000000111000000000000000000000000000000000000000000000000000000000000000000000000000000000000000000000000000000000000000000010000000100000000000000000000000000000000000000000000000000100111000010100000000011000000000000000000000000000000000000000000000000
000000000001000000000000000000000000000000000000000000000000000000000000000000000000000000000000000000000000000000000000000000000000000000000000000000000010100000000000010000000011111000000000010000000010000000000000000000000000011110000110100000000011000000000000000000000000000000000000000000000000
000000000001000100000000000000000000000110000000000000000011100000000000000000000000000000000000000000000000000000000000000000000000000000000000000000000011100000000000010000000000010000000000010000000010000000000000000000000000011000000010000000000000000000000000000000000000000000000001100000000000
000000000001000100000010000000000000001111000000000001100000000000000000000000000000001110000000000000000000000000000000000000000000000000000000000000000001100100100000001001000001110000000000010000000010000000000000000000000000001100000000000000000000000000000000000000000000000000000001100000000000
000000000000000100000010000000000000010111000000000011111000000000000000000000000000000000000000000000000000000000000000000000000000000000000000000000000000000100100000000011000000000000000000000000000000000000000000000000000000001100000010010000000000000000000000000000000000000000000000000000000000
000000000000000000000010000000000000001100100110001100000010000000000000000000000000000000000000000000000000000000000000000000000000000000000000000000000000000011000001000000000000000000000000000000000001000000000000000000000000000100000010100000000000110000000000000000000000000000000000000000110011
000001000000000000000000000000000000000111000111001100000000000000000000000000000000000000000000000000000000000000000000000000000000000000000000000000000000000000000010100000000000000000000000000000000001000000000000000000000000000000001001000000000000110000000000000000000000000000000000000000110011
000001000000000000000000000000000000000000000001011000011000100000000000000000000000000000000000000000000100000000000000000000000000000000000000000000000000000000000001000000000000000000000000000000000001000000000000000000000000000000000110000000000000000000000000000000000000000000000000000000000000
000001000000000000000000000000000000000000000011101000100000010000000000000000000000000000000000000000001010000000000000000000000000000000110000000000000000000000000000000000000000000000000000000000000000000000000000000000000000000000000000000000000000000000001100000000000000000000000000000000000000
000000000000000000000000000000000000000000000011000111000001010000000000000000000000000000000000000000000110000000000000000000010000000000110000000000000000000110000000000000000000000000000000000000000000011100000000000000000000000000000000000000000000000000001100000000000000000000000001000000000000
000000000000000000000000000000000000000000000000000000000000100000000000000000000000000000000000000000000000000000000000000000011100000000000000000000000000000110000000000000000000000000000000000000000000000000000000000001100000000000000000000000000000000000000000000000000000000000000001000000000000
000000000000000000000000000000000000000000000000000000000000000000000000000000000000000000000000000000000000000000000000000001100010000000000000000000001110000000000000000000000000000000000000000000000000000000000000000001100000000000000000000000000000000000000000110000000000000000000001000000000000
000000000000000001100000000000000000000000000000000000000000000000000000000000000000000000000000000000000000000110000000000111010101100000000000000000001000000000000000000000000000000000000000000000000000000000000000000000000000000000000000000000000000000000000000110000000000000000000000000000000000
000000000000000001100000000000000000001100000000000000000000000000000000000000000000000000000000000000000000000110000000000010010100010000000000000001011000000000000000000000000000000000000000000001000000000000000000000000000000000000000000000000000000000000000000000000000000000000001000000000000000
000000000000000000000000000000000000001100000000000000000000000000000000000001100000000000000000000000000000000000000000000001100010100000000000000001111000000000000000000000000000000000000000011111100000000000000000000000000000000000000000000000000000000000000000000000000000000000001000000000000000
000000000000000000000000000000000000000000000001000000000000000000000000000010010000000000000000000000000000000000000000000000000001000000000000000000101110000000000000000000000000000000000000111111110000000000000000000000000011000010000000000000000000000000000000000000000000000000001000000000000000
000000000000000000000000000000000000000000000010100000000000000000000000000010100000000000000000000000000000000000000000000000010110000000000000000000000110000000000000000000000000000000000001000100000000000000000000000000000000100101000000000000000000000000000000000000000000000000000000000001000000
000000000000000000000000000000000000000000000010100000000000000000000000000001000000000000000000000000000000000000000000000000001100000000000000000000000000000000000000000000000000000000000000110010000000000000000000000000000100000010000000000000000000000000000000000000000000000000000000000010100000
000000000000000000000000000000000000000000000001000000000000000000000000000000000000000000000000000000000000000000000000000000000000000000000000000000000000000000000000000000000000000000000000011100000000000000000000000000000011000000000000000000000000000000000000000000000000000000000000000010100000
000000000000000000000000000000000000000000000000000000000000000000000000000000000000000000000000000000000000000000000000000000000000000000000000000000000000000000000000000000000000000011000000000100000000000000000000000000100000000000000000000000000000000000000000000000000000000000000000000001000000
000000000000000000000000000000000000000000011000000000000000000000000000000000000000000000000000000000000000000000000000000000000000100000000000000000000000000000000000000000000000100001010000000000000000000000000000000000100000000000000000000000000000000000000000000000000000000000000000000000000000
000000000000000000000000000000000000000000100100000000000000000000000000000000000000000000000000000000000000000000000000110000000001010000000000000000000000000000000000000000000001100001100000000001101000000000000000000000100000000000000000000000000000000000000000000000000011000001100000000000000000
000000000000000000000000000000000000000000011000000000000000000000000000000000000000000000000000000000000000000000000000110000000001010000000000000000000000000000000000000000000011100100000000000001111100000000000000000000000000000000000000000000000000000000000000000000000011000001100000000000000000
000000100000000000000000000000000000000000000000000000000011000000000000000000000000000000000000000000000000000000000000000000000000100000000000000000000000000000000000000000000001001011000000000000100000000000000000000000000000000000000000000000000000000000000000000000000000000000000000000000000000
000001010000000000000000000000000000000000000000000000000011000000000000000000000000000000000000000000000000000000000000000000000000000000000000000000000000000000000000000000000000110000101000000000001110000000000000000000000000000000000000000000000000000000000000000000000000000000000000000000000000
000001010000000000000010000000000000000000000000000000000000000000000000000000000000000000000000000000000000000000000000000000011000000011000000000000000000000000000000001100000000000000101000000000000100000000000000000000000000000000000000000000000000000000000000000000000000001100000000000000000000
000000100000000000000010011100000000000000000000000000000000000000000001100000000000000000000000000000000000000000000000000000100100000100100000000000000000000000000000001010000000000100000000000000000000000000000000000000000000000000000000000000000000000000000000000000000000010010000000000000000000
000000000000000000000010000000000000000000000000000000000000000000000001100000000000000000000000000000000000000000000000000000011000000011000000000000000000000000000000000100000000000001000000000000000000000000000000000000000000000000000000000000000000000000000000000000000000001100000000000000011000
000000000000000000000000000000000000000000000000000000000000000000000000000000000000000000000000000000000000000000000000000000000000000000000000000000000000000000000000000000000000000010000000000001110000000000000000000000000000000000000000000000011000000000000000000000000000000000000000000000011000
000000110000000000000000000000000000000000000000000000000000000000000000000000000000000000000000000000000000000110000000000000000000100000000000000000000000000000000000000000000000000000000000000001100000000000000000000000000000000000000000000000011000000000000000000000000000000000000000000000000000
000000110000000000000000000000000000000000000000001100000000000000000000000000000000000000000000000000000000001001000000000000000001010000000000000000000000000000000000000000000000000000000011100000010000000000000000000000000000000010000000000000000000000000000000000000000000000000000000000000000000
000000000000000000000000000000000000000000000000001100000000000000000000000000000000000000000000000000000000000101000000000000000001010000000000000000000000000000000000000000000000000000000000100000000000000000000000000001000000000101000000000000000000101000000000000000000000000000000000000110000000
000000000000000000000000000000000000000000000000000000000000000000000000000000000000000000000000000000000000000010000000000000000000100000000000000100000000000000000000000000000000000000000011000000000000000000000000000001100000000101000000000000000101000000000000000000000000000000000000000110000000
000000000000000000000000000000000000000000000000000000000000000000000000000000000000000000000000000000010000000000000000000000000000000010000000000100000000000000000000000000000000000000000000000000000000011000000000000011101000000010000000000000001010101000000000000000000000000000000000000000000000
000000000000000000000000000000000000000000000000000000000000000000000000000000000000000000000000000000101000000000000000000000000000000101000000000100000000000000000000000000001100000000000000000000000000011000000000000010000110000000000000011000000000111000000000000000000000000000000000000000000000
000000000000000000000000000000000000000000000000000000000001110000000000000000010000000000000000000000100100000000000000000000011000000101000000000000000000000000000000000000001100000000000000000000000000000000000000000100100000011000001100011000000001000000000000000000000000000000000000000000000000
000000000000000000000000000000000000000000000000000000000000000000000000000000000100000000110000000000011000000000000000000000100100000010000000000000000000000000000000000000000000000000000000000000000000000000000000000010100000011000010010000000010000100110000000000000000000000000000000000000000000
000010000000000000000000000000000000000000000000000000000000000000000000000010000101000000110000000000000000000000000000000000100100000000000000000110000000000001100000000000000000000000000000000000000000000000000000000001000000000000001100000000011011100000000000000000000000000000000000000000000000
000101000000000000000000000000000000000000000000000000000000000000000000000000000001000000000000000000000000000000000000000000011000000000000000001001000000000001010000000000000000000000000000000000000000000000000000000000000000000000000000000000001000011000000000000000000000000000000000000000000000
000110000000000000000000000000000001000000000000000000000000000000000000011101101100000110000000000000000000000000000000000000000000000000000000000110000000000000100000000000110000000000000000000000000000000000000000001100000000000010000000000000000110110000000000000000000000000000000000000000000000
000000000000000000001100000000000010100000000000000000000000000000000000010010100110001000000000000000000000000000000000000000000000000000000000000000000000000000000000000000101000000000000000000000001100000000000000001100000000000101000000000000000110110000000000000000000000000000000000000110000000
000000000000000000010010000000000010010000000000000000000000000000000100011010110110000100000000000000000000000000000000000000000000000000000000000000000000000000000000000000010000000000000000000000001100000000000000000000000000000101000000000000000001000000000000000000000000000000000000000110000000
000000000000000000001100000000000001100000000000000000000000000000101110000000101000000010000000000000000000000000000000000000000000000000000000000000000000000000000000000000000000000000000000000000000000000000000000000000000000000010000000000000000000000000000000000000000000000000000000000000000000
000000000000000000000000000000000000000000000000000000000000000011110001000111000000000000000000000000000011000000000000000000000000000000000000000000000000000001100000000000000000000000000000000000100000000000000000000000000000000000000000000001000000000000000000000000000000000000000000000000000000
000000000000000000000000000000000000000000000000000000000000000010001001100000000000000000000001110000000100100000000000000000000000000000000000000000000000000001100000000000000000000000000000000001010000000000000000000000000000000000000000000010100000000000000000000000000000000000000010000000000000
000000000000000000000000000000000000000000000000000000000000000000101101000000000000000000000111111100000011000000000000000000000000000000000000000000000000000000000000000000000000000000000000000001010000000000000010000000000000000000000000000010100000000000000000000000000000000000000101000000000100
000000000000000000000000000000000000000000000000000000000000000001000011000000000000000000000100001100000000000000000000000000000000000000000001110000000000000000000000000000000000000000000000000000100000000000001101000000000000000000000000000001000000000000000000000000011100000000000101000000001010
000000000000000000000000000000000000000000000000000000000000000000101010000000000000000000000010001110000000000000000000000000000000000000000000000000000000000000000000000000000000000000000000000000000000000000000001100000000000000000000000000000000000000001100000000000000000000000000010000000001001
000000000000000000000000000000000000000000100000000000000000000000011100000000000000000010000001000000000000000000000000000000000000000000000000000000000000000000000000000000000000000000000000011000000011000000010001000000000000000000000000000000000000000001100000000001000001000000000000000000000110
000000000000000000000000000000000000000001010000000000000000000000000000000000000000000011110000000101000000000000000000000000000000000000000000000000000000000000000000000000000000000000000000100100000100100000000000000000000000000000000000000000000000000000000000000001000001000000000000000000000000
000000000000000000000000000000000000000001010000000000000000000000000010000000000000000011110000001110000011000000000000000000000000000000000000000000000000000000000000000000000000000000000000011000000011000001000000000000000000000000000000000000000000000000000000000001000001000000000000000000000000
000000000000000000000000000000000000000000100000000011000000000000000101000000110000000000010000000000000011000000000000000000000000000000000000000000000000000000000000000000000000000000000000000000000000000001010000000000000000001100000000000000000000000000000000000000000000000000000000000000000000
000000000000000000000000000000000000000000000000000100100000001010001001000000110000000000001000000000000000000000000000000000000000000000000000000000000000000000000000000000000000000000000000000000100000000001000000000000000000001100000000000000000110000000000000000000011100000000000000000000000000
000000010000000000000000000000000000000000000000000011100000001100000110000000000000000000010100000000000000000000000000000000000000000000010000000000000000000000000000000000000000000000000000000001010000000000000000000000000000000000000000000000000110000000000000000000000000000000000000100000000000
000000010000000110000011000000000000000000000000000000000000000100000000000000000000000000000000000000000000000000000000000000000000000000010000000000000000000000000000000000000000000000000000000001010000000000000000000000000000000000000000000000000000000000000000000000000000000000000000100000000000
000000010000000011000110000001110000000000000001100000000000000000000000000000000000000000011100000000000000000000000000000000000000000000010000000000000000000000000000000000000000000000000000000000100000000000000000000000000000000001110000000000000000000000000000000000000000000000000000100000000000
000000000000010010101010010000000000000000000010110100000000000000000000000000000000000000000000000000000000110000000000000000000000000000000000000000000000000000000000000000000000000000110000000000000000000000000000000000000000000000000000000000000000000000000000000000000000000000000000000000000000
000000000000011101101101110000000000000000000010001010000000000000000000000000000000000000000000000000000000110000000000000000000000000000000000000000000000000000000000000000000000000001001000000000000000000000000000000000000000000000000000000000000000000000001100000000000000000000000000000000000000
000110000000001010101010100000000000000000000010101100000000000000000000000000000000000000000000000000000000000000000000000000000000000000000000000000000000000000000000000000000000000001001000000000000000000000110000000000000000000000000000000000000000000000001100000000000000000000000000000000000000
000110000000000111000111000000000000000000000001110000000000000000000000000000000000000000000000000000000000000000000000000000000000000000000000000000000000000000000000000000000000000000110000000000000000000000110000000000000000000000000000000000000000000000000000000000000000000000000000000000000000
