300 300
000000000000001100000000000000000000000000000000000000000000000000000000000000000000000111000111000000000000000000000000000000000000000000010000000111101110000000000000000000000000000000000000000000000000000000000000000001000000000000000000000000000000000000000000000000000000000000000000000000000000
000000000000010010011100000000000000000000000000000000000000000000000000000000000000010000101000010000000000000000000000000000000000000000101000000000111001000000000000000000000000000001110000000000000000000000000000000001000000000000001100000000000000000000000000000000000000000000000111000000000000
000000000000001100000000000000000000000000000000000000000000000000000000000000000000010000101000010000000000000000000000000000000000000000101000000001110001000000000000000000000000000000100000000000000000000000000000000001000000000000010010000000000000000000000000000000000000000000000000000000000000
000000000000000000000000000000000000000000000000000000000000000000000110000110000000010000101000010000000000000000000000000000000000000000010000000011101100000000000000000000000000000010100000000000000000000000000000000000000000000000010100000000000000000000000000000000000000000000000000000000000000
000000000000000000000000000000000000000000000000000000000000000000001001000110000000000000000000000000000000000000000000000000000000000000000001100001010110000001100001110000000000000101000000000001000000000000000000000000000000000000001000000000000000000000000000000000000000000000000000000000000000
000000000000000000000000000000000000000000000000000000000000000000000110000000000000000111000111000000000000000000000000000000000000000000000001100001010010000010010000000000000000000101000000000001000000000000000000000000000000000000000000000000000000000000000000000000000000000000000000000000000000
000000000000000000000000000000000000000000000000000000000000000000000000000000000000000000000000000000000000000000000000000000000000000000000001100001010110000001100000000000000000001101111000000001000000000000000000000000000000000000000000000000000000000000000000000000000000000000000000000000000000
000000000000000000000000000000000000000000000000000000000000000000000000000000000000000000000000000000000000000000000000000000000000000000000000000000101100000000000000000000000000000100000110000000000000000000000001100000000000000000000000000000000000000000000000000000000000000000000000000000000000
000000000000000000000000000000000000000000000000000000000110000000000000000000000000000000000000000000000000000000000000000000000000000000000000000010010001000000000000000000000000000010000010000000000000000000000001100000000000000000000000000000000000000000000000000000000000000000000000000000011000
000000000000000000000000000000000000000000000000000000000101000000000000000000000000000000000000000000000000000000000000000000000000000000000000000001111001000000000000000000000000000001000010000011000000000000000000000000000000000000000000000000000000000000000000000000000000000000000000000000011000
000000000000000000000000000000000000000000000000000000000010000000000000000000000000000000100000000000000000000000000000000000000000000000000000000001111110000000000000000000000000000000011100000100100000000000000000000000000000000000000000000000000000000000000000000000000000000000000000000000000000
000000000000000000000000000000000000000000000000000000000000000000000000000000000000000001110000000000000000000000000000000000000000000000000000000000000000000000000000000000000000000000001000000011000000000000000000011000000000000000000000000000000000000000000000000000000000000000000000000000000000
000000000000000000000000000000000000000000000001000000000000000000000000000000000000000010011000000000000110000000000000000000000000000000000000000000000000000000000000000000000000000000000000000000000000000000000000011000000000000000000000000000000000000000000000000000000000000000000000000000001100
000000000000000000000000000000000000000000000001000000000000011000000000000000000000000011001000000000000110000000000000000000000000000000000000000000000000000000000000000000000000000000000000000000000000000000000000000000000000000000000000000000000000000000000000000000000000001100000000000000001100
000000000001100011000000000000000000000000000001000000010000011000000000000000000000000001100000000000000000000000000000000000000000000000000000000000000000000000000000000000000000000000000000000000000000000000001110000000000001000000000000000000000000000000000000000000000000001100000000011100000000
000110000001100011000000000000000000000000000000000000111000000000000000000000000000000000100110000000000000000000000000000000000000000100000000000100000000000000000010000000000001000000000000000000000000000000000000000000000001000000000000000000000000000000000000000000000000000000000000000000000000
001101000000000000000000000000000000000000110000000001111100000000000000000000000000000000000001000000000000000000000010000000000000001010000000000100000000000000000101000000000001000000000000000000000000000000000000100000000001000000000000000000000000000000000000000000000000000000000000000000000000
001101000000000000001100000000000000000000110000100110000010000000000000000000000000000000011001000100000000000000000010000000000000000110000000000100000000000000000110000000000001000000000000000000000000000000000000100000000000000000000000000000000000000000000000000000000000000000000000000000000000
001100000000000000010010000000000000000000000000100110010011000000000000000000000000000000000000000100000000000000000010000000000000000000000000000000000000000000000000000000000000000000000000000000000000000000000000100000011100011100000000000000000000000000000000000000000000001000000000000000000000
000100001000000000001100000000000000000000000000010110101011100000000000000000000000000000100100000100000000000000000000000000100000000000000000000000000000000000000000000000000000000110000000000000000000000000000000000000000000000000000000000000000000000000000000000000000000001000000000000000000000
000011111100000000000000000000000000000000000000000110010011000000000000000000000000000000001000000000000001110000000000000000100000000000000000000000000000000000000000000000000000000110000000000000000000000000000000000000000001000000000000000000000000000000000000000000000000001000000000000000000000
000000010100000000000000000000000000110000000000000010000010000000000000000000000000000010110000000011000000000000000000000000100000000000000000000000000000000000000000000110000000000000011100000000000000000000000000000000000001000000000000000000000000000000000000000000000000000000000000000000000000
000000011100000000000000000000000000110000000000000001111100000000000001000000000000001000000000001000010000000000000000000000000000000001100000000000000000000000000000000110000000000000100100000000000000000000001100000000000001000000000000000000000000000000000000000000000011100011100000000000000000
000001101000000000110000000000000000000000000000000000111000000000000001100000000000010010000000000000010000000000000000000000001110000001100000000000000000000000000000000000000000000000101100000000000000000000001100000000000000000000000000000000000000000000000000000000000000000000000000000000000000
000001110000000000110000000000000000000000000000000000010001110000000001110000000000011011100000000000001001100000000000000000000000000000000000000000000000000000000000000000000000000000010000000000000000000000000000000000000000000000000000000000000000000000000000000000000000001000000000000000000000
000000000000000000000000000000000000000000000000000000000000000000000000000000000000001011010000000001111101100000000000000000000000000000000000000000000000000000000000000000000000000000000001100000000000000000000000000000000000000000100000000000000000000000000000000000000000001000000000000000000000
000000000000000000000000000000000000000000000000000000000001010000000000000000000000001000000000000011000100000000000000000000000000000000000000000000000000000000000000000000000000000000000010010000000000000000000011000000100100000001010000000000000000000000000110000000000000001000000000000100000000
000000000000000000000000000000000000000000000000000000000011100000011000000000000000000000110000000011111100000000000000000000000000000000000000000000000000000000000000000000000000000000000001010000000000000000001000100110101111001001010000000000000000000000000110000000000000000000000000000100000000
000000000000000000000000000000000000000000000000000000000110000000011000000000000000000111000000000011001000000000000000000000000000000000000000000000000000000000000000000000000000000000000000100000000000000000000000000110001001001000100000000000000000000000000000000000000000000000000000000100000000
000000000000000000000000000000000000000000000000000000001100000000000000000000000000000000000000000001001000000000000000000000000000000000000000000000000000000100000000000000000000000000000000000000000000000000001000001000001101010000000000000000000000000000000000000000000000000000000000000000000000
000000000000000000000000000000000000000000000000000000000000000000000000000000000000000000000000000001010000000000000000000010000000000000000000000000000000001010000000000000000000000000000000000000000000000000000001010000000010000000000000000000000000000000000000000000000000000000000000000000000000
000000000000000000000000000000000000000000000000000011000000000000000000000000000000000000000000000000000000000000000000000101000000000000000000000000000000000001000000000000000000000000000000000000000000000000000000000000000000000000000000000000000000000000000111000000000000000000000000000000000000
000000000000000000000000000000000000000000000000000011000000000000000000000000000000000000000000000000000000000000000000000010000000000000000000000000000010001010000000000000000000000000000000000000000000001110001001110000000000000000000000000000000000000000000000000000000000000000000000000000000000
000000000000000000100000000000000000000000000000000000000000000000000000000000000000000000000000000000000000000000000000000000000000000000000000000000000110001100000000000000000000000000000000000000000000001000010000001000000000000000000000000000000000000000010000010000000000000000000000000000000000
000000000000000001010000000000000000000000000000000000000000000000000000000000000000000110000000000000000000000000000000000000000000000000000000000000001100100110000000000000000000000000000000000000000000001110011000001000000000000000000000000000000000000000010000010000001100000000000000000000000000
000000000000000001001000000000000000000000000000000000000000000000000000000000000000001001000100000000000000000000000000000000000000000000000000000011001110000110000000000000000000000000000000000000000000000000000110010000000000011000000000000000000000000000010000010000001100000000000000000000000000
000000000000000000110000000000000000000000000000000000000000000000000000000000000000000101001010000000000000000000100000000000000001000000000000000011110101000000000000000000000000000000000000000000000000000000000000100000011100100100000000000000000000000000000000000000000000000000000000000000000000
000000000000000000000000000000000000000000000000000000000000000000000000000000000000000010001010000000000000000001010000000000000010100000000000000000110001100000000000000000000000000000000000000000000000000000000100100000000000011000000000000000000000000000000111000000000000000000000000000000001100
000000000000000000000000000000000000000000000000000000000000000000000000000000000000000000000100000000011000000000100000000000000010100000000000000000100000000000000000000000000000000000000000000000000000000000000100100000000000000000000000000000000000000000000000000000000000000000000000000000001100
000000000000000000000000000000000000000000000000000000000000000000000000000000000000000000000000000000011000000000000000000000000001000000000000000000010000100000000000000000000000000000000000000000000000000000001001000000000000000000000000111000000000000000000000000000000000000000000000000000000000
000000000000000000000000000000000000000000000000000000000000000000000000000000000000000000000000000000000000000000000000000000000000000000000000000000001000001000000000000000000000000000000000000000000011000000000110000000000000000000000000000000000000000000000000000000000000000000000000000000000000
000000000000000000000000000110000000000000000000000000000000000000000000000000000000000000000000000000000000000000000000000000000000000000000000000000000000001000000110000000000000000000000000000000000011000000000000000000000000000000000000000000001100000000000000000000000000000000000000000000000000
000000000000000000000000001001000000000000000000000000000000000000000000000000000000000000000000000000000000000000000000000000000000000000000000000000000100001000000110000000000000000110000000000000000000000000000000000000000000000000000000000000001100000110000011000000000000000000000000000000000000
000000000000000000000000000101000000000000000000000000000000110000000000000000000000000000000000000000000000001000010000000000000000000000000000000000000010010000000000000000000000000101100000000000000000000000000000000000000000000000000000000000000000000110000011000000000000000000000000000000000000
000000000000000000000000000010000000000000000000000000000001010000000000000000000000000000000000000000000000001000010000000000000000000000000000000000000000110000000000000000000000000011110000000000000000000000000000000000000000000000000000000000000000000000000000000000000000000000000000000000000000
000000000000000000000000000000000000000000000000000000000000000000000000000000000000000000000000000000000000001000010000000000000000000000000000000000000000000000000000000000000000000001010000000000000000000000000001100000000000000000000000000000000000000000000000000000000000000000000000000000000000
000000000000000000000000000000000000000000000011000000000000000000000000000000000000000000000000000000000000000000000000000000000000000000000000000011001100000000000000000000000000000000001000000000000000000000000010010000000110000000000000000000000000000001000000000000000000000000000000000000000000
000000000000000000000000000000000000000110000100100000000000000000000000000000000000000000000000000000000000000000000111000000000000000000000000000101001100000000000000000000000000000000111000000000000000000000000001100000000110000000000000000000000000000010100000000000000000000000111000000000000000
000000000000000000000000000000000001001000001000100000000101000000000000000000000001000000000000000000000000000000000000000000000000000000000000000010000000000000000000000000000000000000111000000000000000000000000000000000000000000000000000000000000000000010100000000000000000000001001000000000000000
000000000000000000000000000000000011100101010000100000000101000000000000000000000010100000000000000000000000000000000000000000000000000000000000000000000000000000000000000000000000000000000000000000000000000000000000000000000000000000000000000000000000000001000000000000000000000001000000000000000000
000000000000000000000000000000000110110010010010000000000010000000000000000000000010010000000000000000000000001000000000000000000000000000000000000000000000000000000000000000000000001100000000000000001000000000000000000000000000000000000000000000000000000000000000000000000000000101001000000000000100
000000000000000000000000000000001100000000011000000000000000000000000000000000000001100000000000000000000000001000000000000011000000000000000000000000000000000000000000000000011000001100000000000000010110100000000000000000000000000000000000000000000000000000000000000000000000001100001000000000000100
000000000000000000000000000000011100000111000000000000000000000000000000000000000000000000000000000000000000001000000000000100100000000001000000000000000000000000000000000000011000000000000000000000011001100000000000000000000000000000000000000000000000000000000000000000000000000000001010010000000100
000000000000000000000000000100011100000111010010000000000000000000000000000000000000000000000000000000000000000000000000000010100000011101000000000000000000110000000000000000000000000000000000000000011001000000000000000000000000000100000000000000000110000000000000000000000000000000000011110000000000
000000000000000000000000001101010110110011100010000000000000011100000000000000000000000000000000000000000000000000000000000001000001000011000000000000000001001000000000000000000000000000111000000001100000000000000000000000000000010001000000000000000110000000000000000000000000000101000000100000000000
000000000000000000000000000000110011111101001010000000000000000000000000000000000000000000000000000000000000000000000000000000000000101101100000000000000000110000000000000000000111000000000000000001100110000000000000000000000000010001000000000000000000000000000000000000000000011011100000000000000000
000000000000000000000000000000110000111100001100000000000000000001000000000000000000000000000000000000000000000000000000000000000000010000100000000000000000000000000000000000001000100000101000000000111100000000000000000000000000100000110000000000000000000000000000000000000000100001100000000000000000
110000000000000000000000000010000000010100010000000000000001100001000000000000000000000000000000000000000000000000000000000000000000000000000000000000000000000000110000000000001000100000010000000000011100000000000000000000000000100000001100000000000000000000000000000000000000000010100000000000000000
110000000000000000000000000100110001110001010000000000000010010001000000000000000000000000000000000000000000000000000000000000000000000000000000000000000000000000110000000111001000100000100000000000001000000000000000000000000000010000100010000000000000000000000000000000000000000110110000000000000000
000000000000000000000000000110000000010000000000000000000010100000000000000011011000000000000000000000000000000000000000000000000000000000000000000000000000000000000000000100100111000001010000000000000000000000100000000000000000001100000000000000000000000000000000000000000000000000000000000000000000
000000001100000000000011101100011000000000000000000000000001000000000000000010001000000000000000000000000000000000000000000000000000000000000000000000000000000000000000000110100000000000000000000000000000000001010000000000000000000000001000000000000000000000000000000000000000000000000000000000000000
000000010010000000000000101101011000000010000000000000000000000000000000000010001000000000000000000000000000000000000000000000000000000000000000000000000000000000000000000001000000000001110001000000000000000001010000000000000000001100000010000000000000011100000000000000000000000000000000000000000000
000000001100000000000010001100000100000101000000000000000000000000000000000001010000000000000000000000000000000000000000000000000000000000000000000000000000000000000000000000000000000000000010100000000000000000100000000000000000001100000100000000000000000000000000000000000001110110110000000000000000
000000000000000000000011011000001000000110000000000000000000000000000000000000100000000000000000000000000000000000000000000000000000000000000000000000000000000000000000000000000000000000000100110000000000000000000000000000000000000000001000000000000000000000000000000000000010001001000000000000000000
000000000000000000000000110000110000000000000000000000000000000000000000000000000000000000000000000000000110000000000000000000000000000000000000000000000000000000000000000000000000000000000001100000000000000000000000000000000000000000011100000000000000000000000000000000000000001000000000000000000000
000000000000000000000000000000110000000000000000000000000000000000000000000000000000000000000000000000000110000000000000000000000000000000000000000000000000000000000000000000000000000000001001001100000000000000001100000000000000000000000000000000000000000000000000000011100100010110010000000000000000
000000000000000000000000000000000001100000000000000000000000000000000000000000000000000000000000000000000000000000000000000000000000000000000000000000000000000000000000110000000000000000000010001010000000000000001100000000000000000000101000000000000000000000000000000011101100001000100000000000000000
000000000000000000000000000000000000000000000000000000000000110000000000000000000000000000000000000000000000000000000100000000000000000000000000000000000000000000000000110000000000000000000000000011000000000000000000000000000000000010001000000000000000000000000000000000001010001000101000000000000000
000000000000000000000000000000000000000000000000000000000000110100000000000000000000000000000000000000000000000000001010000000000000000000000000000000001100000000000000000000000000000000000000011011000000000000000000000000000000000100000000000000000000000000000000011100001000100110100000000000000000
000000000000000000000000000000000000000000000000000000000000000010000000000000000000000000000000000000000000000000001001000000000000000000000000000000001100000000000000000000000000000000000000011010000000000000000000000000000000000100010000000000000000000000000000000000000000011000100000100000000000
000000011000000000000000000000000000011000000000000000000000101001000000000000000000000000000000000000000000000100000110000000000000000000000000000000000000000000000000000000000000000000000000000100000000000000000000000000000000000100000000000000000000000000000000000000000110010000000000010000000000
000000011000000000000000000000000000011000000000000000000000010011000000000000000000000000000000000110000000001010000000000000000000000000000000000000000000000000000000000000000000000000000000000000000000000000000000000000000000000011011000000000000000000000000000000000100000000000000000111000000000
000110000001000000000000000000000000000000000000000000001010001001001100000000000110000000000000000110000000001010000000000000000000000000000000000000000000000000000001000000000000000000000000000000000000000000000000000000000000000000011000000000000000000000000000000000101110000000111010111000000000
000110000001000000000000000000000000000000000000000000000110001101010000000001100110000000000000000000011100000100000000000000000000000000000000000000000000000110000001000000000000000000000000000000000000000000000000000000000000000000000000000000000000000000000000000011110110000001010001111000000000
000000000001000000000000000000000000000000000000000000000110000000000000000001100000000000000000000000000000000000000000000000000000000000000000000000000000001001000001000000000000000000000001000000000000000000000000000000000000000000000000000000000000000000000000000111001000000001110000100000000000
000000101000000000000000000000000000000000000000000000010000000100000000000000000000000000000000000000000000000000000000000000000000000000001000000000000000000110000000000000011001100000000010100000000000000000000000000000000000000000000000000000000000000000000000001000001010000000001001000000000000
000001000100011100000000000000000000000000000000000000010000001000000000000000000011000000000000000000000000000000000000000000000000000000000000000000000000000000000000000000011001100000000010100000000000000000000000000000000000000000000000000000011110000000000000000101000000000000000000010000000000
000001000010011000000000000000000000000000000000000000010001100001000000000000000011000000000000000000000000000000000000000000000000000000000000000000000000000000000000000000000000000000000001000000000000001000000000000000000000000000000000000000000001000000000000000000000000000000000100001000000000
000000100000000000000000000000000000000000000000000000000001100011100000000000000000000000000000000000000000000000000000000000000000000000000000000000000000000000000000000000000000000000000000000000000000010100000000000000000000000000000110000000010000100000000000000000000000000000000010010000000000
000000000000000000000000000000000000000000000000000000000101100000010000000000000000000000000000000000000000000000000000000000001000000000000000000000000000000000000000000000011000000000110000000000000000010100000000000000000000000000000110000000001101000000000000000000000000000000000000100001100000
000000000000000000000000000000000000000000000000001000001101100100010000000000000000000000000000000000000000000000000000000000101000000000000000000000000000000000000000000000011000000001001000000000000000001000000000000000000111000000000000000000000010000000000000000000000000000000000000000001100000
000000000000000000000000001000000001000000000000010100001101001000000000000000000000000000001100000000000000000000000000000001001000000110000000000000000000000000000000000000000000000000110000000000000000000000000000000000000000000000000000000000000000000000000000000000000000000011100000000000000000
000000000111000000000000001000000010100000000000100010000011101000000000000000000000000000001100000000000000000000000000000010110000001001000000011000000000000000000000000000000000000000000000000000000000000000000000000000010000010000000000000000000000000000000000011000000000000010000000000000000000
000000000011010000000000001000000010100000000000010100000000001110000000000000000000000000000000000000000000000000000000000011000000000101000000001100000000000000000000000000000000000000000000010000000000000000000000000000010000010000000000000000000000000000000000100100000000000100000000000000000000
000000000001011000000001000001000001000000000010001000000001111001000000000000000000000000000000000000000000000000000000000000000000000010000000010000001000000000000000000000000000000000000000101000000000000000000000000000010000010000000000000000000000000000000000011000000000000010010000000000000000
000000000000111000000010100010100000000000000010000000000001000000000000000000000000000000000000000000000000000000000000000000000000000000000000000000001000000000000000000000000000000000000000101000000000000000000000000000000000000000000000000000000000000000000000000000000000011110010000000000000000
000000000000000000000010100010100000000000000000000000000000010100000000000000000000011000000000000000001000000000000000000000000000000000000000000000001000000000000000000000000000000000000000010000000000000000000000000000000111000000000000000000000000000000000000000000000000001100010000000000000000
000000000000000000000001000001000000000110010000000000000000001000010000000000000000011000000000000000001010000000000000000000000000000000000000000000000000000000000000000000000000000000000000000000000000000000000000000000000000000000000000000000000000000000000000000000010000001001100000000000000000
000000000000000000000000000000000000000110011000000000000000110000000000000000010100010001010000000000001100000000000000000000000000000000000000000000000000000000000000000000000000000000000000010000000000000000000000000000000000000000000000000000000000000000000000000000101000000101000000000000000000
000000000000000000000000001100000000000000001100000000110000110000000000000000001100000000000000000000000000000000000000000000000000000000000000000000000000000000000000000000000000000000000000101000000000000000000000000000000000000000000000000000000000000000000000000000011000000010000000000000000000
000000000000000000000000001100000001000000011100000000000000000010010000000000001000000000000000000000000000000000000000000000000000000000010000000000000000000000000000000000000000000000000000101000000000000000000000000000000000000000000000000000000000000000000000000000000000000000000000000000000000
000000000000000000000000000000000010100011011100000000001100000000010000000000000000000000000000000000000000011100000000000000000000000000010000000000000000000000000000000000000000000000000000010000000000000000000000000000000000000000000000000000000000000000000000010000000000000000000000000000000000
000000000000000000000000000000000010100010001100000000000100000100010000000000000000000000000000000000011000010000000000000000000000000000010000000000000000000000000000000000001000000000000000000000000000000000000000000000000000000000000000000000000000000000000001001000000000000000000000000000001100
000000000000000000000000000000000001001101101100000000001010000010100000000000000000000000000000000000011000001000000000000000000000000000000000000000000000000000000000000000001000000000000000000000000000000000000000000000000000000000000000000000000000000000000001001000000000000000000000000000001100
000110000000000000000000000000000000010000011000000000000100000001000000000000000000000000000000000000001000000011000000000000000000000000000000000000000000100000000000000000001000000000000000000000000000000000000000000000001100000000011100000000000000000000000000100000000000000000000000000000000000
000110000000000000000000000000000000000001000000000000000110000000000000000000000000000000000000001000010000000001000000000000000000000000000000000000000001010000000000000000000000000000000000000000000000000000000000000000001100000000000000000000000000110000000000000000000000000000000000000000000000
000000000000000000000000000000000000100000000000000000011111000000000001000000000000001000000000000110100100000001000000000000000000000000000000000000000000100000000000000000000000000000000000000000000000000000000000000000000000000000000000000000000000110000000000000000000000000000000000000000000000
000000000000000000011100000000000000000000100000000000111111110000000001100000000000000100000000010100110010000000000100010000000000000000000000000000000000000000000000000000000000000000000000000000000000000000000000000000000000000000000000000000000000000000000000000000000000000000000000000000000000
000000000000000000000000000000000000010000100000000000100010000000011000100000000000000000000000010110010001000000011110001000000000000000000000000000000000000000000000000000000000000000000000000000000000000000000000000000000000000000000000000100000000000000000000000000000000000000000000000000000000
000000000000000000000000000000000000000100100000000000011110000000011000000000000000000000000000011011000010000000011110001000000000000000000000000000000000000000000000000000000000000000000000000000000000000000000000000000000000000000000000001010000000000000000000000000000000000000000000100000000000
000000000000000000000000000000000000000111000000000000001000000000000000000000000000111000000000000000111000000111000000100000000000000000000000000000000000000000000000000000000000000000000000000000000000000000000000000000000000010000000000001100000000000000000000000000000000000000110001100000000000
000000000000000000000000000000000000000000000000000000000000000000000000000000001100011000000000000110100000001001000000000000000000000000000000000000000000000000000000000000000000000000000000000000000000000000000000000000000000101000000000000000000000000000000000000000000000000000110001100000000000
000000000000000000000000000000000001100000000000000000000000000110000000000000011001001000000000000010100000001011000000100010000000000000000000000000000000000000000000000000000000000000000000000000000000000000000000000000000000101000000000000000000000000000000000000000000000000000000001000000000000
000000000000000000000000000000000001100000000000000000000000000010000000000000001101010001110000000000000000000101000000100100000000000000000000000000000000000000000000000000000000000001100000000000000000000000000000000011110000010000000000000000000000000000000000000000000000000000000000000000000000
000000000000000000000000000000000000000000000000000000000000001110000000000000000100000000000000000000000000000001011000000100010100000000000000000000000000000000000000000000000000000001100000000000000000000110000000000100110000000000000000000000000000000000000000000000000000000000000000000000000000
000000000000000110000000000000000000000000000000000000000000000000000000000000000011000100000100000000000000000000111010100000110111000000000000000000000000010000000000000000000000000000000000000000000000000110000110010000010000000000000000000000000000000000000000000000000000000000000000000000000000
000000000000000110000000000000000000000111000000000000000000000000000000000000000100100100000100000000000000000000011101100001110000000000000000000000000000101000000000000000000000000000000000000000000000000000001110100001000010100000000000000000000000000000000000000000000000000000000000000000000000
000000000000000000000000000000000000000000000000000000000000000000000000000000000011000100000100000000000000000000001100000000110000000000000000000000000001001000000000000000000000000000000000000000000000000000011000000001101101110000000000000000000000000000000000000000000000000000000000000000000000
000000000000000000000000000000000000010000000000000000000000000000000000000000000000000000000000000000000000000000000000010000011000000000000000000000000000110000000000000000000000000000000000000000000000000000001011111000010000010000000000000000000000000000000000000000000000000000000000000000000000
000000000000000000000000000000000000010000000000000000000000000000000000000000000000000001110000000000000000000000000001011000001000000000000000000000000000000000000000000000110000000000000000000000000000000000000111100000011010100000000000000000000000000000000000000000000000000000000000000000000000
000000000000000000000000000000000000010000000000011100000000011000000000000000000000000000000000000000000000010101000000000100000000000000000000000000000000000000000000000000101000000000000011000000000000001100000001000000000010000000000000000000000000000000000000000000000000000000000000000000000000
000000000000000000000000000000000000000000000000000000000000011000000000001000010000000000000000000000011001000101100000000000000000000000000011000000000000000000000000000000010000000000000000100000000000001100000000000000100000000000000000000000000000000000000000000000000000000000000000000000000000
000000000000000000000000000000000000000000000010000001100000000000000000001000101000000000000000000000011001000001000000001000000000000000000011000000000000000000000000000000000000000000000110110000000000000000000000000001000100000000000000000000000000000000000000000000000000000000000000000000000000
000000000000000000000000000000000000000000001101000001011000000000000000001000000000000000000000000000111010001000000000000000000000000000000000000000000000000000000000000000000000000000000100001000000000000000000000000001100110100000000000000000000000000000000000000000000000000000000000000000000000
000100000000000000000000000000000000000000001101000000001000000000000000000000100100000000000000000000001100001000000000000000000000000000000000000000000000000000000000000000000000000000001011010000000000000000000000000000000001010000000000000000000001100000000000000000000000000000000000000000000000
001010000000000000000000000000000000000000010010000000111000000000000011100000001001000000000000000000001110110000000000001000000000000000000000000000000000000000000000000000000000000000011001000000000000000000000000000000000000000000000000000000000001100000000000000000000000000000000000000000000000
001100000000000000000000000000000000000000001100000000000000000000000000000000000111000000000000000000000001000000000000110000000000000000000000000000000000000000000011000000000000000000011011000000000000000000000000000001110110000000000000000000000000000000000001100000000000000000000000000000000000
000000000000000000000000000000000000000011001100000000000000000000000000000110000000010000000000000000001100000000000000000000000000000000000000000000000000000000000100100000000000000000000110000000000000000000000000000001111000000000000000000000000000000000000000110000000000000000000000000000000000
000000000000000000000000000000000000000011000000000000000000000000000000000100100000000000000000000000001100000000000000000000000000000000000000000000000000000000000011000000000000000000000000000000000000000000000000000000010000000000000000000000000000000000000000100000000000000000000000000000000000
000000000000000000000000000000000000000000000000000000000000000000000000000000000001011100000000000000000000000000000000000000000000000000000000000000000000000000000000000000000000000000000000000000000000000000000000000000000000000000000000000001010000000000000000000000000000000000000000000000000000
000000000000000000000000000000000000000000000000000000000000000000000000000010100011100110000000000000000000000000000000000000000000000000000000000110000010000000000000000000000000000000000000000000000000000000000000000000000000000000000000000000110000000000000000000000000000000000000000000000000000
000000000000000000000000000000000000000000000000000000000000000000000000000000000010100100000000000000000000000000000000000000000000000000000000000110000101000000000000000000000000000000000000000000000000000000000000000011100000000000000000000000100000000000000000000000000000000000000000000000000000
000000000000000000000000000000000000000000000000000000000000000000000000000000000100011000001110000000000000000000000000000000000000000000000000000000000101000000000000000000000000000000000000000000000000000000000000000001011000000000000000000000000000000000000000010100000000000000000000000000000000
000000000000000000000000000000000000000000000000000000000001100000000000000000000101110000000000000001000000000000000000000000000000000000000000000000000010000000000000000000000000110000000000000000000000000000000000000001110000000000000000000000000000000000000000010100000000000000000000000100000000
000000000000000000000000000000000000000000000000000000000010010000000000000000000001100000100000100001000000000000000000000000000000000000000000000000000000000000000000000000000000110000000000000000000000000000000000000000100000000000000000000000000000000000000000011100000000000000000000001010000000
000000000000000000000000000000000000000000000000010000000001100000000000000000000000000000100000100001000000000000000000000000000000000000000000000001100000001100000000000000000000000001000000000000000000000000000000000000000000000000000000000000000000000000000000000000000000000000000000001010000000
000000000000000000000000000000000000000000000110101000000000000000000000000000000000000000100000100000000000000000000000000000000000000000000000000010010000010010000000000000000000000010100000000000000000000000000000000000000000000000000000000000000000000000000000000000000000000000000000000100000000
000000000000000000000000000000000000000000000110000100000000000000000000000000011000000000000000000000000000000000000000000000000000000000000000000001100000001100000000000000000000000011000000000000000000000000000000000000000000000011100000000000000000000000000000000000000000000000000000000000000000
000000000001100000000000000000000000000000000001100010000000000000000000000000011000000000001110000000000000110000000000000000000000000000000000000000000000000000000000000000000000000000000000000000000000000000000000000000000000000000000000000000000000000000000000000000000000000000000000000000000000
000000000001100000000000000000000000000000000000001010000000000000000000000000000000000000000000000000000000110000000000000000000000000010000000111000000010000000000000000000000000000000000000000000000000000000000000000000000000000000000000000000100000000000000000000000000000000000000000000000000000
000000000000000000000000111000000000000000000000100000000000000000000000000000000000000000000000000000000000000000000000000000000000000101000000000000000101000000000000000000000000000000000001100000000000000000000000000000000000000000000000000001010000000000000000000000000000000000000000000000000000
000000000000000000000000000000000000000000000010001100000000000000000000000110000000000000000000000000000000000000000000000000000000000110000000000000000101000000000000000010000100000000000010010000000000000000000001000000000000000000000000000001010000000000000000000000000000000000000000000000000000
000000000000000100000010000010000011100000000000001100000000000000000000000110000000000000000000000000000000000000000000000000000000000000000000000000000010000000000000000100000010000000000001100000000001100000000010100000000000000000000000000000100000000000000000000000000000000000000000000000000000
000000000000001010000010000010000000000000000100001000000011000000000000000000000000000000000000000000000000000000000000000000000000000000000000000000000000000000000000100000100001000000000000000000000001100000000010100000000000000000000000000000000000000000000000000000000000000000000000000000000000
000000000000010010000010000010000000010000001000000000000011000000000000000000000000000000000000000000000000000000000000000000000000000000000000000000000000000000000000110000000101000000000000000000000000000000000001000000000000000000000000000000000000000000000000000000000000000000000000000000000000
000000000000001100000000000000000000011111100000010000000000000000000000000000000000000000000000000000000000000000000000000000000000000000000000000000000000000000000000000010001000000000000000000000000000000000000000000000000000000000000000000000000000000000000000000000110000000000000000000000000000
000000000000000000000000111000000001000011100000100000000000000000000000000010000000000000000000000000001000000000000000000000000110000000000000000000000000000000000000011100001100000000000000000000000000000000000000000000000000000000000000000000000000000000000000000000110000000000000000000110000000
000000000000000000000000000000000000111000000110000000000000000000000000000111000000000000000000000000001000000000000000000000001001000000000000000000000000000000000000000000000110000000000000000000000000000000000000000000000000000000000000000000000000000000000000000000000000000000000000000110000000
000000000000000000000000000000000000001100000000000000000000000000000000001111100000001100000000000000001000000000000000000000000110000000000000001000000000000000000000000000001110000000000000000000000000000000001100000000000000000000000000000000000000000000000000000000000000000000000000000000000000
000000000000000000000000000000000000000000000000000000000000000000000000010000010000001100000000000000000000000000000000000000000000000000110000001000000000000000000000000000000000000000000000000000000000000000010010000000000000000000000000000000000000000000000000000000000000000000000000000000000000
000000000000000000000000000000000000000000000000000000000000000000000000110010011000000000000000000000000000000000000000000000000000000101110000001000000000000000000000000000000000000000000000000000000000001000001100000000000000000000000000000000000000000000000000000000000000000000001100000000000000
000000000000000000000000000000000000000000000000000000000000000000000001110101011100000000000000000000000000000000000000000000000000001111100000000000100000000000000000000000000000000000000000000000000000010100000000000000000000000001000000000000000000000000000000000000000000000000001100000000000000
000000000000000000000000000000000000000000000000000000000000000000000000110010011000000000000000000000000000000000000000000000000000010101000000000001010000000000000000000000000000000000000000000000000000010100000000000000000000000001000000000000000000000000000000000000000000000000000000000000000000
000000000000000000000000000000000000000000000000000000000000000000000000010000010000000000000000000000000000000000000000000000000000111011100000000001100000000000000000000011100000000000000000000000000000001000100000000000000000000001000000000000000000000000000000000000000000000000000000000000000000
000000000000000000100000000000000000000000000000000000000000000000000000001111100000000000000000000000000000000000000000000000000000010101000000000000000000000000000000000011100000000000000000000000000000000000100000000000000000000000000000000000000000000000000000000000000000000000000000000000000000
000000000000000001010000000000000000000000010000000000000000000000000000000111000000000000000000000000000000000000000000000000000000001110000000000000000000000000000000000000000010000000000000000000000000000000100000000000000000011100011100000000000000000000000000000000000000000000000000000000000000
000000000000000001001000000000000000000000101000000000000001000000000000000010000000000000000000000000000000000000000000000000000000000100000000000000000000000000000000000010001110000000000000000000000000000000000000000000000000000000000000000000000000000000000000000000000000000000000000000000000000
000000000000000000110000000000011000000000101000000000000010100000000000000000000011000000000000000000000000000000000000000000000000000000000000000000000000000000000000000101001100000000000000000000000000000000000000000000000000000001000000011000000000000000000000000000000000000000000000000000000000
000000000000000000000000000000100100000000010000000000000010010000000000000000000011000000000000000000000000000000000000000000000000000000000000000000110000000000000000000101000000000000000000000000000000000000000000000000000000000001000000011000000000000000000000000000000000000000000000000000000000
010000000000000000000000000000101000000000000000000000000001100000000000000000000000000000000000000010000000000000000000000000000000000000000000000000110000000000000011000010000000000000000000000000000000000000000000000000000000000001000000000000000000000000000000000000000000000000000000000000000000
101000000000000000110000000000010000000000000000000000000000000000000000000000000000000000000000000101000000000000000000000000000000110100000000000000000000000000000101000000000000000110000000000000000000000000000000000000000001000000000000000000000000000000000000000000000000000000000000000000000000
101000000000000000110000000000000000000000000000000000000000000000000000000000000000000000000000000101000000000000000000000000000000111100000011000000000000000000000110000010000010000110000000000000000000000000000000000000000001000000000000000000000000000000000000000000000000000000000000000000000000
010000000000000000000000000000000000000000000000000000001000000000000000000000000000000000000000000010000000000000000000000000000001000100000011000000000000000000000000001100100100001100000000000000000000000000000000000000000001000000010000000000000000111000000000000000000000000000000000000000000000
000000000000000000000000000000000000000000000000000000001110000000000000000000000000000000000000000000000000000000000000000000110000111000000000000000000000000000000000001001000000001000000000000000000000000000000000000000000000000000101000000000000000000000000000000000000000000000000000000000000000
000000000000000000000000000000000000000000000000000000011000001100000000000000000000000000000000000000000000000000000000000001001000111000000000000000000000000000000000000111000000000000000000000000000000000000000000000000000000011100101000000000000010000010000000000000000000000000000000000000000000
000000110000000000000000000000000000000000000000000000000100000010000000000000000000000000000000000000011000000000000000000001010000001000000000000011000000000000000000000000000000011100000000000000000000000000000000000000000000000000010000000000000010000010000000000000000000000000000000000000000000
000000110000000000000000000000000000000000000000000000000010000010000000000000000000001100000000000000011000000000000000000000100000000000000011000110110000000000000000000000000000000111000000000000000000000000000000000000000000000000000000011000000010000010000000000000000000000000000000000000000000
000000000000000000000000000000000001110000000000000000000010000010000000000000000000001100000000000000000000000000011000000000000000000000000011001000110000000000000000000000000000000011101000000000000000000000000000000000000001000000000000011000000000000000000000000000000000000000000000000000000000
000000000000000000000000000000000000000000000000000000000000011100000000000000000000000000000000000000000000000000011000000000000000000000000000011101110000000000000000000000000000000000001100000000000000000000000000000000000010100000010000000000000000111000000000000000000000000000000000000000000000
000000000000000000000000000000000000000000000000000011000110000000000000000000000000000000000000000000000000000000000000000000111000000000000000001100000000000000000000000000000000000001101100000000000000000100000000000000000100100000010000000000000000000000000000000000000000000000000000000000000000
000000000000000000000000000000000000000000000000000001111100000000000000000000000000000000000000000000000000000000000000000001001000000000000000000000000000000000000000000000000000000000110000000000000000001010000000000000000011000000010000000000000000000000000000000000000000000000000000000000001000
000000000000000000000000000000000000000000010000000000111000000000000000000000001110000000000000000000000000000000000000000000000100000000000000000000000000000000001000000000100000000000000000000000000000000100000000000000000000000000000000000000000000000000000000000000000000000000000000000000010100
000000000000000000000000000000000000000000110000000100010000000000000000000000000000000000000000000000000000000000000000000000011100000000000000000000000000000000010100000001010000000000000000000001000000000000000000000000000000000111000111000000000000000000000000000000000000000000000000000000010100
000000000000000000000000000000000000000000110000001010000000000000000000000000000000000000000000110000111010000000000000010010001110000000000000000000000000000000010100000001010000000000000000000010100000000000000000000000000000000000000000000000000000000000000000000000000000000000000000000000001000
000000000000000000000000000000000000000000100000001010000000000000000000000000000000000000000000110000010101000000000000010010000100000000000000000000000000000000001000000000100000000000000000000110000000000000000000000000000000000000010000000000000000000000000000000000000000000000000000000000000000
000000000000000000000000000000000011000000000000000100000000000000000001000000000000000000000000000001010111000000000000010001110000000000000000000000000000000000000000000000000000000000000000000000110000000000000000000000000000000000010000000000000000000000000000000000000000000000000000000000000000
000000000000000000000000000000000011000000000000000000000000000000000010100000000000001110000000000011101010000000000000000000000000000000000000000000000000000000000000000000000000000000000000000000000000000000000000000000000000000000010000000000000000000000000000000000000000000000000000000000000000
000000000000000000000000000000000000000000000000000000000000000000000010100000000000000000000000000010100100000000000000000000011100000000000000000000000000000000000000000000000000000000111000000000011000000000000000000000000000000000000000000000000000000000000000000000000000000000000000000000000000
000000000000000000000001000000000000000000000000000000000000000000000001000000000000100000100000000001000111000000000000000000001100011000000000001100000000000000000000000000000001100000100100000000001000000000000000000000000000000000000000000000000000000000000000000000000000000000000000000001100000
000000000000000000000001000000000000000000000000000000000000000000000000000000000000100000100000010000000100000000000100000000000000001100000000001100000000010000000000000000000010100000011000000000000000000000000000000000000000000000000000000000000000000000000000000000010000000000000000000001100000
000000000000000000000001000000000000000000000000000000000000000110000000000000000000100000100000101000001000000000001110000000000001101000000000000000000000101000000000000000000011111110000000000001100000000000000000000000000000000000000000000000000000000000000000000000101000000000001110000000000000
000000000000000000000000000000000000000000000100000000000000000110000000000000000000000000000000001100010000000000001110000000000000110000000000000000000000101000000000000000000000001110000001110000000000000000000000000000000000000000000000000000000000000000110000000000101000000000000000000000000000
000000000000000000011100000000000000000000001010000000000000000000000000000000000000001110000000000000000010000000000000000000000110110000000000000000000000010000000000000000000000000000000101000000001000000000000000000000000000000000000000000000000000000001001000000000010000000000000000000000000000
000000000000000000000000000000000000000000000110000111000111000000000000000000000000000000000000000000111100000000000100000000000000000000000000000000000000000000000000000000000000000000000000000000001000000000000000000000000000000000000000000000000000000000110000000000000000000000000000000000000000
000000000000000000000000000000000000000000000000000000000000000000000000000000000000000000000000000000000000000000011001100000000001011000000000000000000000000000000000000000000000001110000000000000001000000000000000000000000000000000000000000000000000000000000000001100000001100000000000000000000000
000000000000000000000011000000000000011000000000000000010000000000000000000000000000000000000000001100001100000001110001100000000001011000000000000000000000000000000000000000000000001110000000000000000000000000000000000000000000000000000000000000000000000000000000010010000001100000000000000000000000
000000000000011100000011000000000000100100000000000000010000000000000000000000000000000000000000010011010010000001110001100000000011001000000000000000000000000000000000000000000000001010000000000000000000000000000000000000000000000000000000000000000000000000000000001100000000000000000000000000000000
000000000000000000000000000000010001001000000000000000010000000000000000000000000000000000000000110111010100000001100000000000000001011100000000000110000000000000000000000000000000000100000000000000000000000000000000000000000000000000000000000000000000000000000000000000000000000000000000000000000000
000000000000000000000000000000010000110000000000000000000000100000000000000000000000000000000000010001110000000000000000000000000110011000000000000110000000000000000000000000000000000000000000000000000000000000000000000000000000000000000000000000000000000001100000000000000000000000000000000000000000
000000000000000000000000000000010000000000000000000000000000100000000000000000111000000000000000110000010000000000000000000000000110000000000000000000000000000000000000000000000000010101000000000000000000000000000000000000000000000000000000000000000000000001100000000000110000000000000000000000000000
000000000000000000000000000000000000000000000000000000000000100000000000000000000000000000000000101001100000000000000000000000000010000000000000000000000000000000000000000000000000011111000000000000000000000000000000000000000000000000000000000000011000000000000010000000110000000000000000000000000000
000000000000000000000000000111000111000000000000000000000000000000000000000000000000000000000000000000000000000000000000000000000000000000000000000000000000000000000000000000000001101110110000000000000001100000000000000000000000000000000000011000010100000000000101000000000000000000000000000000000000
000000000000000000000000000000000000000000000000000000001110001110000000000000000000000000000000101000000000000000000000000000000000100000000000000000000000000000000000000000000000110101100000000000000001100000000000000000000000000000000000100100001000000000001010000000000000000000001100000000000000
000000111000000000000000000000010000000000000000000000000000000000000000000000001100000000000000000000000000000000000000000000000000110000000000000000000000000000000000000001001101111011110110000000000000000000000000000000000000000000000000101000000000000000001100000000000000000000001100000000000000
000000000000000000000000000000010000000000000000000000000000100000000000000000010000000000000000000000000000000000000000000000010110010000000000000000000000000000000000000010100000110101100000000000000000000000000000000000000000000000000000010000000000000000000000000000000000000000000000000000000000
000010000010000000000000000000010000000000000000000000000000100000000000000000100000000001100000000000000000000000000000010111010100010000000000000000000000000000000000000010100001101110110000000000000000000000000000000000000000000000000000000000000000000000000000000000000000011000000000000000000000
000010000010000000000110000000000000000000000000000000000000100000000000000000000000001011100000000000000000000000000000101011010000100000000000000000000000000000000000000001000000011111000000000000000000000000000000000000000000000000000000000000000000000000000000000000000000011000000000000000000000
000010000010000000000110000000000000000000000000000000000000000000000000000000011010001111000000000000000000000000000000100000011001000000000000000000000000000000000000000000000000010101000000000000011111100000000000000000000000000000000000000000000000000000000000000000000000000000000000000000000000
000000000000000000000000000000000000000000000000000000000000000000000000000000000100000110000000000000000000000000000000010001100000000000000000011100000000000000000000000000000000000000000001010001000000001000000000000000000000000000000000000000000000000000000000000000000000000000000000000000000000
000000111000000000000000000000000000000000000000000000000000000000000000000000000000000110000000000000000000000000000000001100000000000000000000000000000000000000000000000000000000000100000010010001101010001000000000000000000000000000000000000000000000000000000000000000000000000000000000001000000000
000000000000000000000000000000000000000000000000000000000000000000000000000000000000000000000000000000000000000000000000000000000000000000000001000001000000000000000000000000000000000100000010001000000101101000000000000000000000000000000000000000000000001100000000000000000000000000000000010100000000
001000000000000000000000000000000000000000000000000000000011000000000000000000000000000000000000000000000000000000000000000000000000000000000001000001000000000000000000110000000000000000000010101100000000001000000000000000000000000000000000000000000000001100000000000000000000000000000000010100000000
001000000000000000000000000000000000000000000000000000000011000000000000000000000000000000000000000000000000000000000000000000000000000000000001000001000000000000000000110000010000000000000001000100111000000000000011000000000000000000000000000000000000000000000000000000000001000000000000001000000000
001000000000000000000000000000000000000000000000000000000000000000000000000000000000000000001000000000000000001100000110000000000000000000000000000000000000000000000000000000010000000000000000111000000000000000000100100000000000000000000000000000000000000000000000000000000001000000000000000000000000
000000011000000000000000000000000110000000000000000000000000000000000000000000000000000000010100000000000000010010000110000000000000000000000000011100000000000000000000000000010000000000000000000000000000000000000011000000000000000000000000000000000000000000000000000000000001000000000000000000000000
000000100100000000000000000000000110000000000000000000000000000000000000000000000000000000010010000000000000010100000000000000000000000000000000000000000000000000000000000000000000000000000000000000000000000000000000000000000000000000000000000000000000000000000000000000000000000000000000000000000000
000000010100000000000000000000000000000000000000000000000000000000000000000000000000000000100010000000000000001000000000000000000000000000000000000000000000000000000000000000000000000000000000000000000000000000000000000000000000000000000000000000000000000000000000000000011100011100000000000010000000
000110001000000000000000000000000000000000000000000000000000000000000011100000000000000000001110000000000000000000000000000000000000000000000000000000000000000000000000010000000000000000000000000010000000000000000000000000000000000000000000000000000000000000000000000000000000000000000110000101000000
000110000000000000000000000000000000000000000000000000000000000000000100100000000000000010001100000000111000000000000000000000000110000000000000000000000000000000000000101000000000000000000000010001000000000000000000000000000000000000000000110000000000001000000000000000000001000000000110000101000000
000000000000000000000000000000000000000000000000000000000000000000001001100000000000000010011000000000000000000000000000000000000110000000000000000000000000000000000000101000000000000000000010000000111000000000000100000000000000000110000000110000000000010100000000000000000001000000000000000010000000
000000000000000000000000000000000000000000000000000000000000000000010110100000110000000000000000000010000000000000000000000000000000000000000000000000000000000000000000010000000000000000000010000000111100010000001110000000000000000110000000000000000000101000000000000000000001000000100000000000000000
000000000000000000000000000001110000000000000000000000000000000000010111000000110000000001000000000010000000000000000010000000000000000000000000000000000000000000000000000000000000000000000000010000110100010000000001000000000000000000000000000000000000110000000000000000000000000000100000000000000000
000000000000000000000000000000000000000000000000000000000000000000011000001110000000000000000000000010000000000000000010000000001000000000000000000000000000000000000000000000000000000000000011100110001000010000100000100000000000000000000000000000000000000000000000000000000000000000100000000000000000
000000000000000000000000000000000000000000000000000000000000000000000100000110000000000000000000000000000000000000000010000000010100000000000000000000000000000000000000000000000000000000000010100000000000000001000000100000000000000000000000000000000000000000000000000000000000000000000000000000000000
000000000000000000000000000000000000000000000000000000000000000000000000000010000000000000000000000000000000000000010000000000001000000000000000000000000000000000000000000000000000000000000001100000000000000000110001000000000000000000000000000000000000000000000000000000000000000000000000000000000000
000000000000000000000000000000000000000000000000000001110000000000000000001110000000000000000000000000000001000000101000000000000000000000000000000000000000000000000000000000000000000000000000000000000000000000000000000000000000000000000000000000000000000000000000000000000000000000000000000000000000
000000000000000000000011000000000000000000000010000001001000000000000000000100000000000000000000000000000111000000010000000000000000000000000000000000000000000000000000000000000000000000110000000000000000000000000000000000000000000000000000000000000000000000000000000000000000000000011000000000000000
000000000000000000000011000000011000000000000010000011011000000000000000001100000000000000000000000000000100100000000000000000001000000000000000000000000000000000000000000000000000000000110000000000000000000000100000000000000000100000000010000000000000000000000000000000000000000000011000000000000000
000000000000000000000000000000011000000000000000110101000100000000000000001101100000000000000000000001110111000000000000000000010100000000000000000000000000000000000000000000000000000000000000000000000000000001010000000000000001100000000101000000000000000000000000000000000000000000000000000000000000
000000000000000000011000000000000000000001000110100000011100000000000111000010000000000000000000000001001000000000000000000000010100000000000000000000000000000000000000000000000000000000000000000000000001100010001000000000000010010000101101000000000000000000000000000000000000000000000000000000000000
000000000000000000100100000000000000000001000101000001111100010000000111000000000000000000000000000000110001000000000000000000001000000000000000000000000000000000000000000000000000000000000000000000000001010001010000000000000001010001010010000000000000000000000000000000000000011000000000000000000000
000000000000000000011000000000000000000001000001001000000000101000000011000000000000000000000000000011000000010000000000000000000000000000001100000000000000000000000000000000000000000000000000000000000000110000100000000000000001000010010000000000000000000000000000000000000000100100000000000000000000
000000000000000000000000000000000000000000010001100000000001101100000110100000000000000000000000000011000000111000000000000000000000000000001100000000000000000000000000000000000000000000000000000000000000000000000000000000000000000001100000000000000000000000000000000000000000010100000000000000000000
000000000001100000000000000000000000000000000000000000000000101100000111011000111000000000000001110011100000000000000000000000000000000000000000000000000000000000000000000000000000000000000000000011100000000000000000000000000000001110000000000000000000000000000000000000000000001000001000000000000000
000000000001100000000000000000000000000000000101100000000000011010000000010000000000000000000001110000000000011000000000000000000000000000000000000000000000000000000000000000000000000000000000000000000000000000000000110000000000000110000000000000000000000000000000000000000000000000010100000000000000
000000000110000000000000000000000000000000000000000000000000011011000110010000000000000000000000000000000000000000000000000000000000000000000000001000000000000000000000000000000000000000000000000000000000000000000011010000101000000000000000000000000000000000000000000000000000000000100100000000000000
000000000110000000000000000000000000000000000011000000000000001010001000000000000000000000000000000000000000000000000000000000000000000000000000001000000000000000000000000000000000000000000000000000000000000000000010000000100100000000000000000000000000000000000000000000000000000000011000000000000000
000000000000000000000000000000000000000000000000000000000000000100011001100000000000000000000000000000000000110000000000000000000000000000000000001000000000001000000000000000000000000000000000000000000000000000000011100001100100000000000000000000000000000000000000000000000000000000000000000000000000
000000000000000000000000000000000000000000000000000000000000000000001001000000000000000000000000000000000000110000000000000000000000000000000000000000000000001000000000000000000000000000000000000000000000000000000000000001101110000000000000000000000000000000000000000000000000000000000000000000000000
000000000000000000000000000000000000000000000000000000000000000000000110000000000000000000000000000000000000000000000000000000000000000000011000000000000000001000000000000000000000000000000000000000000000000000000000000011001000000000000000000000000000000000000000000000000000000000000000000000000000
001100000000000000000000000000000000000000000000000000000000000000000000000000000000000000000000000000000000000000000000000000000000000000100100000000000000000000000000000000000000000000000000000000000000000000000000000001100000000000000000000000000000000000000000000000000000000000000000000000000000
001100000000000000000011100000000000000000000000000000000000000000000000000000000000000000000000000000000000000000000000000000000000000000011000000000000000000000010000000000000000000000000100000000000000000000100000000000100000000000000000000000000000000000000000000000000000000000000000000000000000
000000000000000000000000000000000001100000000000000000000000000000000000000000000000000000000000000000000000001100000000000000000000000000000000000000000000000000010000000000000000000000001010000000000000000001010000000000000000000000000000000000000001000000000110000000110000000000000000000000000110
000000000000000000000000000000000010010000000000000000000000000000000000000000000000000000000000000000000000010100000000000000000000000000000000000000000000000000010000000000000000000000001010000000000000000000100000000000000000000000000000000000000011100000001001000001001000000000000000000000000110
000000000000000000000000000000000001100000000001110000000000000000000000000000000000000000000000000000000000010000000000000000000000000000000000000000000000000000000000000000000000000000000100000000000000000000000000000000000000000101000000000000000100010000000110000000110000000000000000000000000000
000000000000000000000000000000000000000000000000000000000000000000000000000000000000000000000000000000000000010001000000000000000000000000000000000000000000000000000111000000000000000000000000000000000000000000000000000000000000001010100000000000000100010000000000000000000000000000000000000000000000
000000000000000000000001100000000001100000000000000000000000000000000000000000000000000000000000000000000000001000100000000000000000000011000000000000000000000000000000000000000000000011000000011000000000000000000000000000000000000000000000000000000110001000000000001000000000000000000000000000000000
000000000000000000000001100000000010010000000000000000000000000000000000000000000000000000000000000000000000000100100000000000000000000100100000000000000000000000000000000000000000000100100000100100000000000000000000000000110000100000001000000000000111011000000000010100000000000000000000000000000000
000000000000000000000000000000000001100000110000000000000000000000000000000000000000000000000000000000000000000011000000100000000000000100100000000000000000000000000000000000000000000011000000011000000000000000000000000000111001000000000100000000001100110000000000010100000000000000000000000000000000
110000000000001100000000000000000000000001001000000000000000000000000000000000000000000000000000000000000000000000111100010000000000000011000000111000000000000000000000000000000000000000000000000000000000000000000000000000000000100000001000000000001111111100000000001000000000000000000000000000000000
110000000000001100000000000000000000000000110000000000000000000000000000000000000000000000000000000000000000000000111111100000000000000000000000000000000000000000000000000000000000000000000100000000000000000000000000000000000001000000000100000000000011001100000000000000000000000000000000000000000000
000000000000000000000000000000000000000000000000000000000000000000000000000000000000000000000000000000000000000000011111000000000000000000000000000000000000000000000000000000000100011100001010000000000000000000000000000000000000100000001000000000000110111000000000000000000000000000000000000000000000
000000000000000000000000000000000000110000000000000000000000000000000000000000000000000000000000000000000000000000000000000011000000000000000001000000000000011000000000000000001010000000001010000000000001100000000000000000000000000000000000000000000100011000000000000000000000000000000000000000000000
000000000000000000010000000000000001001000000000000000001100000000000000000000000000000000000000000000000000000000000000000011000000000000000001000000000000011101000000000000010001000001000100000000000001100000000000000000001100001010100000000000000010001000000000000000000000000000000000000000000000
000000000000000000101000000000000000110000000000000000001100000000000000000000000000000000000000000000000000000000000000000000000000000000000001000000000000000001000001000000010001000001000000000000000000000000000000000000001100000101000000000000000010001000000000000000000000000000000000000000000000
000000000000000000101000000000000000000000000000000000000000000000000000000000000000000000000000000000000000000000000000000000000000000000000000000000000000000001000001110000010001000001000000010000000000000000000000000000000000000000000000000000000001110000000000000000000000000000000000000000000000
000000000000000000010000000000000000000000000000000000000000000000000000000000000001100011000000000000000000000000000000000000000000000000000000000000000000000000000001010000010000000000000000010000000000000000000000000000000000000100000000000000000000100000000000000000000000000000000000000000000000
000000000000000000000000000000000000000000000000000000000000000000000000000000000001100100100000000000000000000000000000000000000000000000000000000000000000000000000000100000010000000000000000010000000000000000000000000000000000011010111000000000000000000000000000000000000000000000000000000000000000
000000000000000000000000000000000000000000000000000000000000000000000000000000000000000011000000000000000000000000000000000000000000000000110000000000000000000000001000001100010010000000000000000000000000000000000000000000000000011111000010000000000000000000000000000000000000000000000000000000000000
000000011100000000000000000000000000000000000000000000000000000000000000000000000000000000000000000000000000000000000000000000000000000000110000000000000000010000001000001010010010001000000111000111000000000000000000000000000000100100000010000000000000000000000000000000000000000000000000000000000000
000000000000000000000000000000000000000000000000000011000000000000000000000000000000000000000000000000000000000000000000000000000000000000000000000000000010110000001000001000011111000100000000000000000000000000000000000000000000110010000001000000000011000000000000000000000000000000000000000000000000
000000000001000000000000000000000000000000000000000101000000000000000000000000000000000000000000000000000000000000000000000000000000000000000000000000000111101000000000000011001111000010000000010000000010000000000000000000000000000011011001000000000011000000000000000000000000000000000000000000000000
000000000001000100000000000000000000000000000000001001000011100000000000000000000000000000000000000000000000000000000000000000000000000000000000000000000101000000000000000011000010000100000000010000000010000000000000000000000000000011010000100000000000000000000000000000000000000000000001100000000000
000000000001000100000010000000000000000000000000010010000000000000000000000000000000001110000000000000000000000000000000000000000000000000000000000000000011110000000000000000000001110000000000010000000010000000000000000000000000000000001000110000000000000000000000000000000000000000000001100000000000
000000000000000100000010000000000000000000000011110000110000000000000000000000000000000000000000000000000000000000000000000000000000000000000000000000000001100011000000000111000000100000000000000000000000000000000000000000000000000000000010001000000000000000000000000000000000000000000000000000000000
000000000000000000000010000000000000001100000111010000011000000000000000000000000000000000000000000000000000000000000000000000000000000000000000000000000000000011000001000000000000000000000000000000000001000000000000000000000000000000000100010000000000110000000000000000000000000000000000000000110011
000001000000000000000000000000000000001100000100100000000000000000000000000000000000000000000000000000000000000000000000000000000000000000000000000000000000000000000010100000000000000000000000000000000001000000000000000000000000000000000111100000000000110000000000000000000000000000000000000000110011
000001000000000000000000000000000000000000001101100000111000000000000000000000000000000000000000000000000100000000000000000000000000000000000000000000000000000000000001000000000000000000000000000000000001000000000000000000000000000000000010000000000000000000000000000000000000000000000000000000000000
000001000000000000000000000000000000000000000101000001001000000000000000000000000000000000000000000000001010000000000000000000000000000000110000000000000000000000000000000000000000000000000000000000000000000000000000000000000000000000000000000000000000000000001100000000000000000000000000000000000000
000000000000000000000000000000000000000000000010000010010000000000000000000000000000000000000000000000000110000000000000000000000100000000110000000000000000000110000000000000000000000000000000000000000000011100000000000000000000000000000000000000000000000000001100000000000000000000000001000000000000
000000000000000000000000000000000000000000000000000010100000000000000000000000000000000000000000000000000000000000000000000000001000100000000000000000001100000110000000000000000000000000000000000000000000000000000000000001100000000000000000000000000000000000000000000000000000000000000001000000000000
000000000000000000000000000000000000000000000000000011000000000000000000000000000000000000000000000000000000000000000000000000000100110000000000000000010010000000000000000000000000000000000000000000000000000000000000000001100000000000000000000000000000000000000000110000000000000000000001000000000000
000000000000000001100000000000000000000000000000000000000000000000000000000000000000000000000000000000000000000110000000000000000100001000000000000000001100000000000000000000000000000000000000000000000000000000000000000000000000000000000000000000000000000000000000110000000000000000000000000000000000
000000000000000001100000000000000000001100000000000000000000000000000000000000000000000000000000000000000000000110000000000011000100100000000000000001000000000000000000000000000000000000000000100000000000000000000000000000000000000000000000000000000000000000000000000000000000000000001000000000000000
000000000000000000000000000000000000001100000000000000000000000000000000000001100000000000000000000000000000000000000000000011101100011000000000000010100000000000000000000000000000000000000001111000111000000000000000000000000000000000000000000000000000000000000000000000000000000000001000000000000000
000000000000000000000000000000000000000000000001000000000000000000000000000010010000000000000000000000000000000000000000000000110000000000000000000010100000000000000000000000000000000000000011000101001000000000000000000000000011000010000000000000000000000000000000000000000000000000001000000000000000
000000000000000000000000000000000000000000000010100000000000000000000000000010100000000000000000000000000000000000000000000000011101000000000000000001000000000000000000000000000000000000000110100110011000000000000000000000000000100101000000000000000000000000000000000000000000000000000000000001000000
000000000000000000000000000000000000000000000010100000000000000000000000000001000000000000000000000000000000000000000000000000011001000000000000000000000000000000000000000000000000000000000011000001100000000000000000000000000100000010000000000000000000000000000000000000000000000000000000000010100000
000000000000000000000000000000000000000000000001000000000000000000000000000000000000000000000000000000000000000000000000000000000110000000000000000000000000000000000000000000000000000000000001011000000000000000000000000000000011000000000000000000000000000000000000000000000000000000000000000010100000
000000000000000000000000000000000000000000000000000000000000000000000000000000000000000000000000000000000000000000000000000000000000000000000000000000000000000000000000000000000001110000100001000000000000000000000000000000100000000000000000000000000000000000000000000000000000000000000000000001000000
000000000000000000000000000000000000000000011000000000000000000000000000000000000000000000000000000000000000000000000000000000000000100000000000000000000000000000000000000000000001110011010000001000000000000000000000000000100000000000000000000000000000000000000000000000000000000000000000000000000000
000000000000000000000000000000000000000000100100000000000000000000000000000000000000000000000000000000000000000000000000110000000001010000000000000000000000000000000000000000000001110101011000000000010100000000000000000000100000000000000000000000000000000000000000000000000011000001100000000000000000
000000000000000000000000000000000000000000011000000000000000000000000000000000000000000000000000000000000000000000000000110000000001010000000000000000000000000000000000000000000000001101011000000000101100000000000000000000000000000000000000000000000000000000000000000000000011000001100000000000000000
000000100000000000000000000000000000000000000000000000000011000000000000000000000000000000000000000000000000000000000000000000000000100000000000000000000000000000000000000000000000001101010000000001000000000000000000000000000000000000000000000000000000000000000000000000000000000000000000000000000000
000001010000000000000000000000000000000000000000000000000011000000000000000000000000000000000000000000000000000000000000000000000000000000000000000000000000000000000000000000000000000101100000000000001000000000000000000000000000000000000000000000000000000000000000000000000000000000000000000000000000
000001010000000000000010000000000000000000000000000000000000000000000000000000000000000000000000000000000000000000000000000000011000000011000000000000000000000000000000001100000000001110000000000000100010000000000000000000000000000000000000000000000000000000000000000000000000001100000000000000000000
000000100000000000000010011100000000000000000000000000000000000000000001100000000000000000000000000000000000000000000000000000100100000100100000000000000000000000000000001010000000001110000000000000001110000000000000000000000000000000000000000000000000000000000000000000000000010010000000000000000000
000000000000000000000010000000000000000000000000000000000000000000000001100000000000000000000000000000000000000000000000000000011000000011000000000000000000000000000000000100000000000000000000000000000100000000000000000000000000000000000000000000000000000000000000000000000000001100000000000000011000
000000000000000000000000000000000000000000000000000000000000000000000000000000000000000000000000000000000000000000000000000000000000000000000000000000000000000000000000000000000000000000000000000000000000000000000000000000000000000000000000000000011000000000000000000000000000000000000000000000011000
000000110000000000000000000000000000000000000000000000000000000000000000000000000000000000000000000000000000000110000000000000000000100000000000000000000000000000000000000000000000000000000000000000000000000000000000000000000000000000000000000000011100000000000000000000000000000000000000000000000000
000000110000000000000000000000000000000000000000001100000000000000000000000000000000000000000000000000000000001001000000000000000001010000000000000000000000000000000000000000000000000000000000000000000000000000000000000000000000000010000000000000000111100000000000000000000000000000000000000000000000
000000000000000000000000000000000000000000000000001100000000000000000000000000000000000000000000000000000000000101000000000000000001010000000000000000000000000000000000000000000000000000000000000000000000000000000000000000111000000101000000000000000101100000000000000000000000000000000000000110000000
000000000000000000000000000000000000000000000000000000000000000000000000000000000000000000000000000000000000000010000000000000000000100000000000000100000000000000000000000000000000000000000000000000000000000000000000000000100100000101000000000000000100101100000000000000000000000000000000000110000000
000000000000000000000000000000000000000000000000000000000000000000000000000000000000000000000000000000010000000000000000000000000000000010000000000100000000000000000000000000000000000000000000000000000000011000000000000000101100000010000000000000000110011100000000000000000000000000000000000000000000
000000000000000000000000000000000000000000000000000000000000000000000000000000000000000000000000000000101000000000000000000000000000000101000000000100000000000000000000000000001100000000000000000000000000011000000000000000000000000000000000011000000000000100000000000000000000000000000000000000000000
000000000000000000000000000000000000000000000000000000000001110000000000000000000000000000000000000000100100000000000000000000011000000101000000000000000000000000000000000000001100000000000000000000000000000000000000000000000000011000001100011000000000000000000000000000000000000000000000000000000000
000000000000000000000000000000000000000000000000000000000000000000000000000000000000000000110000000000011000000000000000000000100100000010000000000000000000000000000000000000000000000000000000000000000000000000000000000000000000011000010010000000000000100000000000000000000000000000000000000000000000
000010000000000000000000000000000000000000000000000000000000000000000000000000000000000000110000000000000000000000000000000000100100000000000000000110000000000001100000000000000000000000000000000000000000000000000000001010000000000000001100000000001100010000000000000000000000000000000000000000000000
000101000000000000000000000000000000000000000000000000000000000000000000111000000000000000000000000000000000000000000000000000011000000000000000001001000000000001010000000000000000000000000000000000000000000000000000001001000000000000000000000000001100010000000000000000000000000000000000000000000000
000110000000000000000000000000000001000000000000000000000000000000001110000100000000000100000000000000000000000000000000000000000000000000000000000110000000000000100000000000110000000000000000000000000000000000000000000010000000000010000000000000000000011000000000000000000000000000000000000000000000
000000000000000000001100000000000010100000000000000000000000000000010001001100000011001010000000000000000000000000000000000000000000000000000000000000000000000000000000000000101000000000000000000000001100000000000000000100000000000101000000000000000000011000000000000000000000000000000000000110000000
000000000000000000010010000000000010010000000000000000000000000000010001110101001110000100000000000000000000000000000000000000000000000000000000000000000000000000000000000000010000000000000000000000001100000000000000000000000000000101000000000000000001001000000000000000000000000000000000000110000000
000000000000000000001100000000000001100000000000000000000000000000110000000000001110000000000000000000000000000000000000000000000000000000000000000000000000000000000000000000000000000000000000000000000000000000000000000000000000000010000000000000000000010000000000000000000000000000000000000000000000
000000000000000000000000000000000000000000000000000000000000000000010010000000000000000000000000000000000011000000000000000000000000000000000000000000000000000001100000000000000000000000000000000000100000000000000000000000000000000000000000000001000000100000000000000000000000000000000000000000000000
000000000000000000000000000000000000000000000000000000000000000000001100000000000000000000000000000000000100100000000000000000000000000000000000000000000000000001100000000000000000000000000000000001010000000000000010000000000000000000000000000010100000000000000000000000000000000000000010000000000000
000000000000000000000000000000000000000000000000000000000000000000000000000000000000000000000000000000000011000000000000000000000000000000000000000000000000000000000000000000000000000000000000000001010000000000000001000000000000000000000000000010100000000000000000000000000000000000000101000000000100
000000000000000000000000000000000000000000000000000000000000000000100000000000000000000000000000111100000000000000000000000000000000000000000001110000000000000000000000000000000000000000000000000000100000000000000000000000000000000000000000000001000000000000000000000000011100000000000101000000001010
000000000000000000000000000000000000000000000000000000000000000001010011000000000000000000100001000010000000000000000000000000000000000000000000000000000000000000000000000000000000000000000000000000000000000000000000010000000000000000000000000000000000000001100000000000000000000000000010000000001001
000000000000000000000000000000000000000000100000000000000000000000110101000000000000000000001001000001000000000000000000000000000000000000000000000000000000000000000000000000000000000000000000011000000011000000000001100000000000000000000000000000000000000001100000000001000001000000000000000000000110
000000000000000000000000000000000000000001010000000000000000000000100000100000000000000010000101000010000000000000000000000000000000000000000000000000000000000000000000000000000000000000000000100100000100100000000000000000000000000000000000000000000000000000000000000001000001000000000000000000000000
000000000000000000000000000000000000000001010000000001000000000000000000100000000000000010000000110110000011000000000000000000000000000000000000000000000000000000000000000000000000000000000000011000000011000011100000000000000000000000000000000000000000000000000000000001000001000000000000000000000000
000000000000000000000000000000000000000000100000000011100000000000100000010000110000000000000100001100000011000000000000000000000000000000000000000000000000000000000000000000000000000000000000000000000000000010100000000000000000001100000000000000000000000000000000000000000000000000000000000000000000
000000000000000000000000000000000000000000000000000100110000000000010000100000110000000000000000001110000000000000000000000000000000000000000000000000000000000000000000000000000000000000000000000000100000000011100000000000000000001100000000000000000110000000000000000000011100000000000000000000000000
000000010000000000000000000000000000000000000000001110011000001000001111000000000000000000000000000000000000000000000000000000000000000000010000000000000000000000000000000000000000000000000000000001010000000000000000000000000000000000000000000000000110000000000000000000000000000000000000100000000000
000000010000000110000011000000000000000000000000000000000000110000000000000000000000000000000100000000000000000000000000000000000000000000010000000000000000000000000000000000000000000000000000000001010000000000000000000000000000000000000000000000000000000000000000000000000000000000000000100000000000
000000010000000011000110000001110000000000000110001100100000011000000000000000000000000000001010000000000000000000000000000000000000000000010000000000000000000000000000000000000000000000000000000000100000000000000000000000000000000001110000000000000000000000000000000000000000000000000000100000000000
000000000000010010101010010000000000000000001011100001100000000000000000000000000000000000001100000000000000110000000000000000000000000000000000000000000000000000000000000000000000000000110000000000000000000000000000000000000000000000000000000000000000000000000000000000000000000000000000000000000000
000000000000011101101101110000000000000000011000111111000000000000000000000000000000000000000000000000000000110000000000000000000000000000000000000000000000000000000000000000000000000001001000000000000000000000000000000000000000000000000000000000000000000000001100000000000000000000000000000000000000
000110000000001010101010100000000000000000001100100011000000000000000000000000000000000000000000000000000000000000000000000000000000000000000000000000000000000000000000000000000000000001001000000000000000000000110000000000000000000000000000000000000000000000001100000000000000000000000000000000000000
000110000000000111000111000000000000000000000000001100000000000000000000000000000000000000000000000000000000000000000000000000000000000000000000000000000000000000000000000000000000000000110000000000000000000000110000000000000000000000000000000000000000000000000000000000000000000000000000000000000000
