300 300
000000000000001100001000000000000000000000000000000000000000000000000000000000000000000000000100000000000000000000000000000000000000000000010000000000000000000000000000000000000000000000000000000000000000000000000000000000000000000000000000000000000000000000000000000000000000000000000010000000000000
000000000000010010001000000000000000000000000000000000000000000000000000000000000000000000001000000000000000000000000000000000000000000000101000000000000010100000000000000000000000000011100000000000000000000000000000000011100000000000001100000000000000000000000000000000000000000000000010000000000000
000000000000001100001000000000000000000000000000000000000000000000000000000000000000001100001111000000000000000000000000000000000000000000101000000011100010100000000000000000000000000010100001010000000000000000000000000000000000000000010010000000000000000000000000000000000000000000000010000000000000
000000000000000000000000000000000000000000000000000000000000000000000110000110000000001101101001000000000000000000000000000000000000000000010001100001000000010000000000100000000000000011000000011000000000000000000000000000000000000000010100000000000000000000000000000000000000000000000000000000000000
000000000000000000000000000000000000000000000000000000000000000000001001000110000000011000101100000000000000000000000000000000000000000000000011100000000000010001100000100000000000000000000100100000000000000000000000000000000000000000001000000000000000000000000000000000000000000000000000000000000000
000000000000000000000000000000000000000000000000000000000000000000000110000000000000000101000010000000000000000000000000000000000000000000000001010000000011101010010000100000000000000000000000011100000000000000000000000000000000000000000000000000000000000000000000000000000000000000000000000000000000
000000000000000000000000000000000000000000000000000000000000000000000000000000000000000000000000000000000000000000000000000000000000000000000000110000000110001001100000000000000000000000001011000000000000000000000000000000000000000000000000000000000000000000000000000000000000000000000000000000000000
000000000000000000000000000000000000000000000000000000000000000000000000000000000000000000000000000000000000000000000000000000000000000000000000000000101100101110000000000000000000000000000111000000000000000000000001100000000000000000000000000000000000000000000000000000000000000000000000000000000000
000000000000000000000000000000000000000000000000000000010010000000000000000000000000000000000100000000000000000000000000000000000000000000000000000001011011100000000000000000000000000000000100100000000000000000000001100000000000000000000000000000000000000000000000000000000000000000000000000000011000
000000000000000000000000000000000000000000000000000011000010000000000000000000000000000000000000000000000000000000000000000000000000000000000000000010010001000100000000000000000000000000000010110001100000000000000000000000000000000000000000000000000000000000000000000000000000000000000000000000011000
000000000000000000000000000000000000000000000000000111000001000000000000000000000000000000000000000000000000000000000000000000000000000000000000000001100000111100000000000000000000000000000001100001100000000000000000000000000000000000000000000000000000000000000000000000000000000000000000000000000000
000000000000000000000000000000000000000000000000001000010001000000000000000000000000000110010000000000000000000000000000000000000000000000000000000000000000001000000000000000000000000000110000000000000000000000000000011000000000000000000000000000000000000000000000000000000000000000000000000000000000
000000000000000000000000000000000000000000000000000010100000000000000000000000000000001010101100000000000110000000000000000000000000000000000000000000000000000000000000000000000000000000110000000000000000000000000000011000000000000000000000000000000000000000000000000000000000000000000000000000001100
000000000000000000000000000000000000000000000011100101101110011000000000000000000000000000100100000000000110000000000000000000000000000000000000000000000000000000000000000000000000000000000000000000000000000000000100000000000000000000000000000000000000000000000000000000000000001100000000001000001100
000000000001100011000000000000000000000000000000000100010100011000000000000000000000000011000000000000000000000000000000000000000000000000000000000000000000000000000000000000000000000000000000000000000000000000000100000000000000000000000000000000000000000000000000000000000000001100000000001000000000
000000000001100011000000000000000000000000000000001000011000000000000000000000000000000001101000000000000000000000000000000000000000000100000000000000000000000000000010000000000000000000000000000000000000000000000100000000000011100000000000000000000000000000000000000000000000000000000000001000000000
000000000000000000000000000000000000000000110000001000000000000000000000000000000000000000010000000000000000000000000000000000000000001010000000001110000000000000000101000000000011100000000000000000000000000000000000000000000000000000000000000000000000000000000000000000000000000000000000000000000000
000000000000000000001100000000000000000000110000000100000000000000000000000000000000000000000000000000000000000000000111000000000000000110000000000000000000000000000110000000000000000000100000000000000000000000000001110000001000001000000000000000000000000000000000000000000000000000000000000000000000
000000011000000000010010000000000000000000000000000000000000000000000000000000000000000000000000000000000010000000000000000000000000000000000000000000000000000000000000000000000000000000001000000000000000000000000000000000001000001000000000000000000000000000000000000000000000000000000000000000000000
000000011000000000001100000000000000000000000000000000000110000000000000000000000000000000000000000000001100000000000000000000000000000000000000000000000000000000000000000000000000000001000001110000000000000000000000000000001000001000000000000000000000000000000000000000000000011100000000000000000000
000110000000000000000000000000000000000000000000000000010000100000000000000000000000000000000000000000001100000000000000000001110000000000000000000000000000000000000000000000000000000000100110110000000000000000000000000000000000000000000000000000000000000000000000000000000000000000000000000000000000
001001000000000000000000000000000000110000000000000000011100010000000000000000000000000000000000000001101110000000000000000000000000000000000000000000000000000000000000000110000000000000110011100000000000000000000000000000000110000000000000000000000000000000000000000000000001000001000000000000000000
000110000000000000000000000000000000110000000000000010000000001100000001100000000000001101000000000010100011000000000000000000000100000001100000000000000000000000000000000110000000000000010110000000000000000000001100000000011011000000000000000000000000000000000000000000000001000001000000000000000000
000000000110000000110000000000000000000000000000000100001001100100000010010000000000011001110000001001001110000000000000000000000100000001100000000000000000000000000000000000000000000000101000000000000000000000001100000000001101100000000000000000000000000000000000000000000001000001000000000000000000
000000000110000000110000000000000000000000000000000100000110000100000001010000000000100101100000010000000001000000000000000000000100000000000000000000000000000000000000000000000000000000000000000000000000000000000000000001111000000000000000000000000000000000000000000000000000000000000000000000000000
000000000000000000000000000000000000000000000000000011010001011000000000100000000000101000000000100000110111000000000000000000000000000000000000000000000000000000000000000000000000000001011000000000000000001000000000000011110000000000100000000000000000000000000000000000000000011100000000000000000000
000000000000000000000000000000000000000000000000000001110100000000000000000000000000011000000000101000001000000000000000000000000000000000000000000000000000000000000000000000000000000000110000000000000000011100000000000100000000000001010000000000000000000000000110000000000000000000000000000000000000
000000000000000000000000000000000000000000000000000000000011100000011000000000000000000000000000010000000000000000000000000000000000000000000000000000000000000000000000000000000000000000000000000000000000100110000000001100000000000001010000000000000000000000000110000000000000000000000000001110000000
000000000000000000000000000000000000000000000000000000000000000000011000000000000000000000000000001111010000000000000000000000000000000000000000000000000000000000100000000000000000000000000000000000000001111000000000011100000000000000100000000000000000000000000000000000000000000000000000000000000000
000000000000000000000000000000000000000000000000000000000000000000000000000000000000000000000000000011100000000000000000000000000000000000000000000000000000000001010000000000000000000000000000000000000000110000000000011100000000000000000000000000000000000000000000000000000000000000000000000000000000
000000000000000000000000000000000000000000000000000000000000000000000000000000000000000000000000000000000000000000000000000010000000000000000000000000000000000010001000000000000000000000000000000000000000000000000010001010000000000000000000000000000000000000000010000000000000000000000000000000000000
000000000000000000000000000000000000000000000000000000000000000000000000000000000000000000000000000000000000000000000000000101000000000000000000000000000000000001010000000000000000000000000000000000000000000000010000000110000000000000000000000000000000000000000010000000000000000000000000000000000000
000000000000000000000000000000000000000000000000000000000000000000000000000000000000000000000000000000000000000000000000000010000000000000000000000000000000000000100000000000000000000000000000000000000110000000000000000010001111000000000000000000000000000000000010000000000000000000000000000000000000
000000000000000000100000000000000000000000000000000000000000000000000000000000000000000000000000000000000000000000000000000000000000000000000000000000000000000000000000000000000000000000000000000000001110000000000000000000000111000000000000000000000000000000000000000000000000000000000000000000000000
000000000000000001010000000000000000000000000000000000000000000000000000000000000000000110000000000000000000000000000000000000000000000000000000000000010000000000000000000000000000000000000000000000000110010010000000000000000010000000000000000000000000000000111000111000001100000000000000000000000000
000000000000000001001000000000000000000000000000000000000000000000000000000000000000001001000100000000000000000000000000000000000000000000000000000000001110010000000000000000000000000000000000000000000000001011000011000000001000011000000000000000000000000000000000000000001100000000000000000000000000
000000000000000000110000000000000000000000000000000000000000000000000000000000000000000101001010000000000000000000100000000000000001000000000000000000001100101000000000000000000000000000000000000000000000011000010000100000001000100100000000000000000000000000000010000000000000000000000000000000000000
000000000000000000000000000000000000000000000000000000000000000000000000000000000000000010001010000000000000000001010000000000000010100000000000000000000000101000000000000000000000000000000000000000000000000101101001000000001000011000000000000000000000000000000010000000000000000000000000000000001100
000000000000000000000000000000000000000000000000000000000000000000000000000000000000000000000100000000011000000000100000000000000010100000000000000000000000010100000000000000000000000000000000000000000000100000111110000000000000000000000000010000000000000000000010000000000000000000000000000000001100
000000000000000000000000000000000000000000000000000000000000000000000000000000000000000000000000000000011000000000000000000000000001000000000000000000000000001100000000000000000000000000000000000000000000111000001000000000000000000000000000010000000000000000000000000000000000000000010000000000000000
000000000000000000000000000000000000000000000000000000000000000000000000000000000000000000000000000000000000000000000000000000000000000000000000000000000000010100000000000000000000000000110000000000000001110000000000000000000000000000000000010000000000000000000000000000000000000000110000000000000000
000000000000000000000000000110000000000000000000000000000000000000000000000000000000000000000000000000000000000000000000000000000000000000000000000000000000001000000110000000000000000000101000000000000001000000000000000000000000000000000000000000001100000000000000000000000000000001011000000000000000
000000000000000000000000001001000000000000000000000000000000000000000000000000000000000000000000000000000000000000000000000000000000000000000000000000000000000000000110000000000000000000101100000000000000000000000000000000000000000000000000000000001100000110000011000000000000000001001000000000000000
000000000000000000000000000101000000000000000000000000000000110000000000000000000000000000000000000000000000000000000000000000000000000000000000000000000000000000000000000000000000000000011000000000000000000000000000000000000000000000000000000000000000000110000011000000000000000110110100000000000000
000000000000000000000000000010000000000000000000011000000000110000000000000000000000000000000000000000000000011100111000000000000000000000000000000000000000000000000000000000000000000000010000000000000000000000000000000000000000000000000000000000000000000000000000000000000000001001001110000000000000
000000000000000000000000000000000000000000000000011000000000000000000000000000000000000000000000000000000000000000000000000000000000000000000000000000000000000000000000000000000000000000000000000000000000000000000001100000000000000000000000000000000000000000000000000000000000011111000000100000000000
000000000000000000000000000000000000000000000000000000000000000000000000000000000000000000000000000000000000000000000010000000000000000000000000000011001100000000000000000000000000000000000000000000000000000000000010010000000110000000000000000000000000000001000000000000000000001001000000111000000000
000000000000000000000000000000000000000001100000000000000000000000000000000000000000000000000000000000000000000000000010000000000000000000000000000101001100000000000000000000000000000000001000000000000000000000000001100000000110000000000000000000000000000010100000000000000000000111000000100000000000
000000000000000000000000000010000000000001100000000000000000000000000000000000000001000000000000000000000000000000000010000000000000000000000000000010000000000000000000000000000000000000001000000000000000000000000000000000000000000000000000000000000000000010100000000000000000000000100010100000000000
000000000000000000000000000101000001100000111000000000000000000000000000000000000010100000000000000000000000000000000000000000000000000000000000000000000000000000000000000000000000000000001000000000000000000000000000000000000000000000000000000000000000000001000000000000000000000001001010000000000000
000000000000000000000000000001100000010000011100000000000000000000000000000000000010010000000000000000000000000000000000000011100000000000000000000000000000000000000000000000000000001100000000000000000000000000000000000000000000000000000000000000000000000000000000000000000000000000000110000000000000
000000000000000000000000001101000000100110101110000000000000000000000000000000000001100000000000000000000000011100000000000011100000000000000000000000000000000000000000000001000000001100000000000000000000000000000000000000000000000000000000000000000000000000000000000000000000000100010000000000001110
000000000000000000000000000010000000101111110011000000000000000000000000000000000000000000000000000000000000000000000000000100011110110000000000000000000000000000000000000010010000000000000000000000000000000000000000000000000000010000000000000000000000000000000000000000000000111000010011000000000000
000000000000000000000000000010110000010011100001100000000000001000000000000000000000000000000000000000000000000000000000000110010000110000000000000000000000110000000000000100001000000000011000000000000000000000000000000000000000010000000000000000000110000000000000000000000000000000011110000000000000
000000000000000000000000001010110000001100000011000000000000001000000000000000000000000000000000000000000000000000000000000011010001100000000000000000000001001000000000001101011000000000100100000000000011100000000000000000000000010000000000000000000110000000000000000000000000000110001100000000000000
000000000000000000000000000000010000000110100010000000000000001000000000001000000010000000000000000000000000000000000000000001000000000000000000000000000000110000000000001000100000000000011000000000000110010000000000000000000000000000000000000000000000000000000000000000000000100100000000000000000000
000000000000000000000000000001100000000110010000000000000000000000000000000100000100000000000000000000000000000000000000000000011100000000000000000000000000000000000000101101101000000000000000000000011000001000000000000000000000000000000000000000000000000000000000000000000000000000000000000000000000
110000000000000000000000001101100000000000110000000000000001100011100001000110001100010000000000000000000000000000000000000000000000000000000000000000000000000000110000000110001000111000000000000000011101110000000000000000000000000000000000000000000000000000000000000000000000000000000000000000000000
110000000000000000000000000010000000000000000000000000000010010000000000000101010100000000000000000000000000000000000000000000000000000000000000000000000000000000110000110111110000000000000000000000100000000000000000000000000000000000001100000000000000000000000000000000111000000000000000000000000000
000000000000000000000000000000011000000000000000000000000010100000000010010010001001001000000000000000000000000000000000000000000000000000000000000000000000000000000000010001000000001000000000000000011000000000100000000000000000000000001010000000000000000000000000000001001000000000000000000000000000
000000001100000000000011000000011000000000000000000000000001000000000000000110001100000000000000000000000000000000000000000000000000000000000000000000000000000000000000001100000000001110000000000000001000000001010000000000000000000000001000000000000000001000000000000010001000000000000000000000000000
000000010010000000000011000000000000000010000000000000000000000000000001100100000100110000000000000000000000000000000000000000000000000000000000000000000000000000000000000000000000001110001100000000000000000001010000000000000000000000000000100000000000001000000000000000000000000000000000000000000000
000000001100000000000000000000000000000101000000000000000000000000000011111010001011111000000000000000000000000000000000000000000000000000000000000000000000000000000000000000000000001010001100000000000000000000100000000000000000000000000000010000000000001000000000000000000000000110000000000000000000
000000000000000000000000000000110000000110000000000000000000000000000001011010001011010000000000000000000000000000000000000000000000000000000000000000000000000000000000000000000000000000110000001110000000000000000000000000000000000000001000010000000000000000000000000001100000001010000000000000000000
000000000000000000000000000001001000000000000000000000000000000000000000001101110110000000000000000000000110000000000000000000000000000000000000000000000000000000000000000000000000000100010000000000000000000000000000000000000000000001010000110000000000000000000000000011010000011000000000000000000000
000000000000000000000110110001001000000000000000000000000000000000000000000000000000000000000000000000000110000000000000000000000000000000000000000000000000000000000000000000000000000011100000000000000000000000001100000000000000000011000100000000000000000000000000000001010000000111000000000000000000
000000000000000000000100010000110000000000000000000000000000000000000000000001010000000000000000000000000000000000000000000000000000000000000000000000000000000000000000110000000000000011000000000000000000000000001100000000000000000001000000000000000000000000000000000001001000011000000000000000000000
000000000000000000000100010000000000000000000000000000000000000000000000000000100000000000000000000000000000000000000100000000000000000000000000000000000000000000000000110000000000000000000000000000000000000000000000000000000000000000000001000000000000000000000000011100110000001110000000000000000000
000000000000000000000010100000000000000000000000000000000100000000000000000000100000000000000000000000000000000000001010000000000000000000000000000000001100000000000000000000000000000000000000000000000000000000000000000000000000000000100000000000000000000000000000000000000000001010001000000000000000
000000000000000000000001000000000000000000000000000000001110000000000000000000000000000000000000000000000000000000001001000000000000000000000000000000001100000000000000000000000000000000000000110001110000000000000000000000000000000000011010000000000000000000000000000000000000000100010110000000000000
000000011000000000000000000000000000011000000000000000011011000000000000000000000000000000000000000000000000000100000110000000000000000000000000000000000000000000000000000000000000000000000001010001011000000000000000000000000000000000000101000000000000000000000000000000000000001000010010000000000000
000000011000000000000000000000000000011000000000000000101000000000000000000000000000000000000000000110000000001010000000000000000000000000000000000000000000000000000000000000000000000000000000100000101100000000000000000000000000000000000001000000000000000000000000000000000010101000100010000000000000
000110000000000000000000000000000000000000000000000000011001000000000000000000000110000000000000000110001000001010000000000000000000000000000000000000000000000000000000000000000000000000000000000000101000000000000000000000000000000000000000000000000000110000000000000001000011101101100100000000000000
000110000011100000000000000000000000000000000000000000000001000000000000000001100110000000000000000000001000000100000000000000000000000000000000000000000000000110000011100000000000000000000000000000110000000000000000000000000000000000001100000000000001001000000000000011000011011000001000000000000000
000000000000000000000000000000000000000000000000000000010001001100000000000001100000000000000000000000001000000000000000000000000000000000000000000000000000001001000000000000000000000000000000000010000000000000000000000000000000000000000000000000000001001000000000000101000000001111110000000000000000
000000000000000000000000000000000000000000000000000000001100000000000000000000000000000000000000000000000000000000000000000000000000000000000000000000000000000110000000000000011001100000000001000011000000000000000000000000000000000000000000000000000011111000000000000110000000001101000000000000000000
000001100000000000000000000000000000000000000000000000011000010001000000000000000011000000000000000000000000000000000000000000000100000000000000000000000000000000000000000000011001100000000010100000000000000000000000000000000000000000000000000000011011000000000000000000000000000000000000000000000000
000001100001000000000000000000000000000000000000000000000000011000100000000000000011000000000000000000000000000000000000000010000111000000000000000000000000000000000000000000000000000000000001100000000000001000000000000000000000000000000000000000000100000000000000000000000000000000000000000000000000
000000110001100000000000000000000000000000000000001000000000000110100000000000000000000000000000000000000000000000000000001111000001100000000000000001110000000000000000000000000000000000000000000000000000010100000000000000000000000000000110000000000000000000000000000000000000000000000000000000000000
000000000010011000000000000000000000000000000000001000000000000001000000000000000000000000000000000000000000000000000000001100100011000000000000000000010000000000000000000000011000000000110000000000000000010100000000000000000010000000000110000000000000000000000000000000000000000010100000000001100000
000000000000011000000000000000000000000000000000001000000000000000000000000000000000000000000000000000000000000000000000011111100000000000000000000000100000000000000000000000011000000001001000000000000000001000000000000000000010000000000000000000000000000000000000000000000000000100000000000001100000
000000000000011000000000000000000001000000000000000000000000000000000000000000000000000000001100000000000000000000000001100000000000000110000000000000000000000000000000000000000000000000110000000000000000000000000000000000000010000000000000000000000000000000000000000000000000010010000000000000000000
000011000000110000000000011100000010100000000011100000000011000000000000000000000000000000001100000000000000000000000001100000000000001001000000000000000000000000000000000000000000000000000000000000000000000000000000000000000000000000000000000000000000000000000000011000000000011100000000000000000000
000111000001100000000000000000000010100000000000000000000011000000000000000000000000000000000000000000000000000000000001100000000000000101000000000000000000000000000000000000000000000000000000010000000000000000000000000000111000111000000000000000000000000000000000100100000000011101011000000000000000
000000000011000000000001000001000001000000000000001000000000000000000000000000000000000000000000000000000000000000000000011100000000000010000000000000000000000000000000000000000000000000000000101000000000000000000000000000000000000000000000000000000000000000000000011000000000000000100100000000000000
000000000011000000000010100010100000000000000000001000000111000000000000000000000000000000000000000000000000000000000000001100000000000000000000000000011100000000000000000000000000000000000000101000000000000000000000000000000010000000000000000000000000000000000000000000000000001100101000000000000000
000000000100000000000010100010100000000000000000001000001101100000000000000000000000000000000000000000000000000000000000000000000000000000000000000000000000000000000000000000000000000000000000010000000000000000000000000000000010000000000000000000000000000000000000000000000000110111010000000000000000
000000000000000000000001000001000000000000000000000000000110100000000000000000000000000000000000000000000000000000000000000000000000000000000000000000000000000000000000000000000000000000000000000000000000000000000000000000000010000000000000000000000000000000000000000000010000110000110000000000000000
000000000000000000000000000000000011000000000000000000010000001110000000000000000000000000000000000000000010000000000000000000000000000000000000000000000000000000000000000000000000000000000000010000000000000000000000000000000000000000000000000000000000000000000000000000101000110001110000000000000000
000000000000000000000000001100000010100000000000000000000011101111100000000000000000000000000000000000000000011100000000000000000000000000000000000000000000000000000000000000000000000000000000101000000000000000000000000000000000000000000000000000000000000000000000000000011000001111110000000000000000
000000000000000000000000001100011000101100000000000000000111100000100000000000000000000000000000000001000100011100000000000000000000000000000000000000000000000000000000000000000000000000000000101000000000000000000000000000000000000000000000000000000000000000000000000000000000000100000000000000000000
000000000000000000000000000000011110100100000000000000000110000000000000000000000000000000000000000110000111000100000000000000000000000000111000000000000000000000000000000000000000000000000000010000000000000000000000000000000000000000000000000000000000000000000000000000000000000000000000000000000000
000000000000000000000000000000000100110100000000000011001011001100010000000000000000010000000000000011000010100110000000000000000000000000000000000000000000000000000000000000000000000000000000000000000000000000000000000000000000000000000000000000000000000000000000111000000000000000000000000000001100
000000000000000000000000000000000000000000100000000010111110110000010000000000000001010000000000000000000011100100000000000000000000000000000000000000000000000000000000000000011100000000000000000000000000000000000000000000000000000000001000000000000000000000000001110000000000000000000000000000001100
000110000000000000000000000000000000000000100000000000010010100000000000000000000000110000000000000000000001011000000000000000000000000000000000000000000000100000000000000000000000000000000000000000000000000000000000000000010100000000001000000000000000000000000000000000000000000000000000000000000000
000110000000000000000000000000000000000000000000000010001110010001110000000000000000000000000000000000000000110000000000000000000000000000000000000000000001010000000000000000000000000000000000000000000000000000000000000000110100000000001000000000000000110000000000000000000000000000000000000000000000
000000000000000000001000000000000001110000000000000110000000100000101000000000000000100000000000000000000000000000011000000000000000000000000000000000000000100000000000000000000000000000000000000000000000000000000000000000011000000000000000000000000000110000000000000000000000000000000000000000000000
000000000000000000001000000000000001110000000000001010001000100001101000000000000001110000000000000000000000000000101100000000000000000000000000000000000000000000000000000000000000000000000000000000000000000000000000000000000000000000000000000000000000000000000000000000000000000000000000000000000000
000000000000000000001000000000000010110010000000000100011000010000010000000000000011011000000000001100000000000000110000000000000000000000000000000000000000000000000000000000000000000000000000000000000000000000000000000110010000000000000000000100000000000000000000000000000000000000000000000000000000
000000000000000000000000000000000111110010000000000000000101100000000000000000000110000000000000010010000000000000011011000000000000000000000000000000000000000000000000000000000000000000000000000000000000000000000000000000100000000000000000001010000000000000000000000000000000000000000001100000000000
000000000000000000000000000000000110100101000000000000000000000111000000000000001110000000000000100000100000000000011100010000000000000000000000000000000000000000000000000000000000000000000000000000000000000000000000000000000000000000000000001100000000000000000000000000000000000000110000010000000000
000000000000000000000000000000000000011011100000000000000000001001000000000000000100000011000000110111110000000000010000111000000000000000000000000000000000000000000000000000000000000000000000000000000000000000000000000000000000000000000000000000000000000000000000000000000000000000110010000000000000
000000000000000000000000000000000000000001100000000000000000011000000100000000000010000011000000010000101100000000010010000000000000000000000000000000000000000000000000000000000000000000000000000000000000000000000000000000000000000000000000000000000000000000000000000000000000000000000001100000000000
000000000000000000000000000000000000000000000000000000000000001101001110000000000000000000000000001001000000000001100001001100000000000000000000000000000000000000000000000000000000000001100000000000000000000000000000000000000000000000000000000000000000000000000000000000000000000000000000000000000000
000000000000000000000000000000000000000000000000000000000000001100111011000000000000000000000000001010000000000001110000000000000000000000000000000000000000000000000000000000000000000001100000000000000000000000000000000000000000000000000000000000000000000000000000000000000000000000000000000000000000
000000000000000110000000000000000000000011100000000000000000000011111010000001010000000000000000000000000000000000011000000000000000000000000000000000000000010000000000000000000000000000000000000000000000000000000000000000000000000000000000000000000000000000000000000000000000000000000000000000000000
000000000000000110000000000000000000000010110000000000000000000001111100000001001011100000001110000000000000000000000001000000000000000000000000000000000000101000000000000000000000000000000000000000000000000000000000000000000000000000000000000000000000000000000000000000000000000000000000000000000000
000000000000000000000000000000000000000000100000001110000000000000111000000001010010010000000000000000000000000000000001110000000000000000000000000000000001001000000000000000000000000000000000000000000000000000000000000000010100010000000000000000000000000000000000000000000000000000000000000000000000
000000000000000000000000000000000000110001100000001001000000000000000000000000010100010000100000000000000000000000000000000000000000000000000000000000000000110000000000000000000000000000000000000000000000000000000010000000011011110100000000000000000000000000000000000000000000000000000000000000000000
000000000000000000000000000000000000110000000000110001000000000000000000000000000001100000100000000000000000000000000000000000000000000000000000000000000000000000000000000000110000000000000001100000000000000000000010000001100011000100000000000000000000000000000000000000000000000000000000000000000000
000000000000000000000000000000000000111000000101000101000000000000000000000000000000000000100000000000000000000001000001001000000000000000000000000000000000000000000000000000101000000000000000010000000000000000000010000110101010010000000000000000000000000000000000000000000000000000000000000000000000
000000000000000000000000000000000000000000001000000110000000011000000000000000010000000000000000000000000000000010010001001011000000000000000011000000000000000000000000000000010000000000000000000000000000000000000000000001100110100000000000000000000000000000000000000000000000000000000000000000000000
000000000000000000000000000000000000000000001101000011010110001000000000011100101000000000000000000000000000000000001000100001000000000000000011000000000000000000000000000000000000000000000000000000000000000000000000000000011111000000000000000000000000000000000000000000000000000000000000000000000000
000000000000000000000000000000000000000000000101011011000001000000000000000001000010000000000000000000000000000010001000001110000000000000000000000000000000000000000000000000000000000000000000000000000000000000000000000000001110000000000000000000000000000000000000000110000000000000000000000000000000
000100000000000000000000000000000000000000001100010110101010000000000001000000000000010000000000000000000000000000001000000100000000000000000000000000000000000000000000000000000000000000000000000000000000000000000000000000000000000000000000000000000001100000000000001001100000000000000000000000000000
001010000000000000000000000000000000000000001000101101101000000000000001000000110000000001000000000000000000000000001000000000000000000000000000000000000000000000000000000000000000000000000000000000000000000000000000000001100000000000000000000000000001100000000000010000010000000000000000000000000000
001100000000000000000000000000000000000000001011100010110000000000000001001110000000000000000000000000000010000001010000000000000000000000000000000000000000000000000011000000000000000000000000000000000000000000000000000001010000000000000000000000000000000000000000000100010000000000000000000000000000
000000000000000000000000000000000000000000110000000010000100000000000000001110000010010001000000000000000101000000100000000000000000000000000000000000000000000000000100100000000000000000000000000000000000000000000000000000100000000000000000000000000000000000000000000101110000000000000000000000000000
000000000000000000000000000000000000000000010001000000010000000000000000010001000000000100000000000000000101000000000000000000000000000000000000000000000000000000000011000000000000000000000000000000000000000000000000001110000000000000000000000000000000000000000000001100000000000000000000000000000000
000000000000000000000000000000000000000000010001000000000000000000000000001001100001000000110000000000000010000000000000000000000000000000000000000000000000000000000000000000000000000000000000000000000000000000000000000010000000000000000000000000000000000000000000000110000000000000000000000000000000
000000000000000000000000000000000000000000001110000000000000000000000000001000010010110000111100000000000000000000000000000000000000000000000000000110000010000000000000000000000000000000000000000000000000000000000000111100000000000000000000000000000000000000000011001110100000000000000000000000000000
000000000000000000000000000000000000000000000000000000000000000000000000000000001010001001000010000000000000000000000000000000000000000000000000000110000101000000000000000000000000000000000000000000000000000000000001110000000000000000000000000000000000000000000011111000110000000000000000000000000000
000000000000000000000000000000000000000000000000000000000000000000000000000001010010000001010110000000000000000000000000000000000000000000000000000000000101000000000000000000000000000000000000000000000000000000000011011000000000000000000000000000000000000000000001110100000000000000000000000000000000
000000000000000000000000000000000000000000000011100000000001100000000000000000100000111001011100000000000000000000000000000000000000000000000000000000000010000000000000000000000000110000000000000000000000000000000001011000000000000000000000000000000001000000000000011110111100000000000000000100000000
000000000000000000000000000000000000000000000100010000000010010000000000000000000000100001000000000011100000000000000000000000000000000000000000000000000000000000000000000000000000110000000000000000000000000000000000110000000000000000000000000000000101000000000100001110110110000000000000001010000000
000000000000000000000000000000000000000000001000111000000001100000000000000000000000000001100001110000000000000000000000000000000000000000000000000001100000001100000000000000000000000001000000000000000000000000000000000000000000000000000000000000000011000000000010000000110100000000000000001010000000
000000000000000000000000000000000000000000000100110100000000000000000000000000000000000000000000000000000000000000000000000000000000000000000000000010010000010010000000000000000000000010100000000000000000000000000000000000000000000001000000000000000000000000000110000000111000000000000000000100000000
000000000000000000000000000000000000000000000000000000000000000000000000000000011000000000000100000000000000000000000000000000000000000000000000000001100000001100000000000000000000000011000000000000000000000000000000000000000000000001000000000000000000000000000100000000010000000000000000000000000000
000000000001100000000000000000000000000000000110100000000000000000000000000000011000000000000100000000000000110000000000000000000000000000000000010000000000000000000000000000000000000000000000000000000000000000000000000000000000000001000000000000000000000000000000011100000000000000000000000000000000
000000000001100000000000010000000000000000000101100000000000000000000000000000000000000000000100000000000000110000000000000000000000000010000000010000000010000000000000000000000000000000000000000000000000000000000000000000000000000000000000000000100000000000000000011100000000000000000000000000000000
000000000000000000000000010000000000000000000101100000000000000000000000000000000000000000000000000000000000000000000000000000000000000101000000010000000101000000000000000000000010000000000001100000000000000000000000000000000000000000000000000001010000000000000000001000000000000000000000000000000000
000000000000000000000000010000000000000000000101000000000000000000000000000000000000000000000000000000000000000000000000000000000000000110000000000000000101000000000000000000000010000000000010010000000000000000000001000000000000000000000000000001010000000000000000000000000000000000000000000000000000
000000000000000100000000000000000000000110000110000000000000000000000000000000000000000000000000000000000000000000000000000000000000000000000000000000000010000000000000000000000010000000000001100000000001100000000010100000000000000000000000000000100000000000000000000000000000000000000000000000000000
000000000000001010000111000111000000001010000000000000000011000000000000000000000000000000000000000000000000000000000000000000000000000000000000000000000000000000000000000001100000000000000000000000000001100000000010100000000000000000000000000000000000000000000000000000000000000000000000000000000000
000000000000010010000000000000000000001000000000000000000011000000000000000000000000000000000000000000000000000000000000000000000000000000000000000000000000000000000000000010010000111000000000000000000000000000000001000000000000000000000000000000000000000000000000000000000000000000000000000000000000
000000000000001100000000010000000000000010000000000000000000000000000000000000000000000000000000000000000000000000000000000000000000000000000000000000000000000000000000000010010000000000000000000000000000000000000000000000000000000000000000000000000000000000000000000000110000000000000000000000000000
000000000000000000000000010000000000011001000000000000000000000000000000000000000000000000000000000000000000000000000000000000000110000000000000000000000000000000000000000001100010000000000000000000000000000000000000000000000000000000000000000000000000000000000000000000110000000000000000000110000000
000000000000000000000000010000000000001001100000000000000000000000000000000000000000000000000000000000011100000000000000000000001001000000000000000000000000000000000000000000000010000000000000000000000000000000000000000000000000000000000000000000000000000000000000000000000000000000000000000110000000
000000000000000000000000000000000000000100010000000000000000000000000000000000000000001100000000000000000000000000000000000000000110000000000000000000000000000000000000010000000010000000000000000000000000000000001100000000000000000000000000000000000000000000000000000000000000000000000000000000000000
000000000000000000000000000000000000000011010000000000000000000000000000000000000000001100000000000000000000000000000000000000000000000000000000011100000000000000000000010000000000000000000000000000000000000000010010000000000000000000000000000000000000000000000000000000000000000000000000000000000000
000000000000000000000000000000000000000001110000000000000000000000000001100000001100000000000000000000000000000000000000000000000000000000000000000000000000000000000000010000000000000000000000000000000000001000001100000000000000000000000000000000000000000000000000000000000000000000001100000000000000
000000000000000000000000000000000000000000000000000000000000000000000010010000010010000000000000000000000000000000000000000000000000000000000000000000100000000000000000000011000000000000000000000000000000010100000000000000000000000000000000000000000000000000000000000000000000000000001100000000000000
000000000000000000000000000000000000000000000000000000000000000000000001100000001100000000000000000000000000000000000000000000000000100000000000000001010000000000000000000100100000000000000000000000000000010100000000000000000000000011100000000000000000000000000000000000000000000000000000000000000000
000000000000000000000000000000000000000000000000000000000000000000000000000000000000000000000000000000000000000000000000000000000000100000000000000001100000000000000000000010100000000000000000000000000000001000000000000000000000000000000000000000000000000000000000000000000000000000000000000000000000
000000000000000000100000000000000000000000000000000000000000000000000000000010000000000000000000000000000000000000000000000000000000100000000000000000000000000000000001000001000000000000000000000000000000000001110000000000000000001000001000000000000000000000000000000000000000000000000000000000000000
000000000000000001010000000000000000000000010000000000000000000000000000000101000000000000000000000000000000000000000000000000000000000000000000000000000000000000000011100000000000000000000000000000000000000000000000000000000000001000001000000000000000000000000000000000000000000000000000000000000000
000000000000000001001000000000000000000000101000000000000001000000000000000101000000000000000000000000000000000000000000000000000000001110000000000000000000000000000100010000111000000000000000000000000000000000000000000000000000001000001000000000000000000000000000000000000000000000000000000000000000
000000000000000000110000000000011000000000101000000000000010100000000000000010000011000000000000000000000000000000000000000000000000000000000000000000000000000000000010110000111000000000000000000000000000000000000000000000000000000000000000011000000000000000000000000000000000000000000000000000000000
000000000000000000000000000000100100000000010000000000000110110000000000000000000011000000000000000000000000000000000000000000000000000000000000000000110000000000010010000001000100000000000000000000000000000000000000000000000000000011100000011000000000000000000000000000000000000000000000000000000000
010000000000000000000000000000101000000000000000000000000101110000000000000000000000000000000000000010000000000000000000000000000000000000000000000000110000000000000000000001101100000000000000000000000000000000000000000000000000000000000000000000000000000000000000000000000000000000000000000000000000
101000000000000000110000000000010000000000000000000000001000000000000000000000000000000000000000000101000000000000000000000000000000000000000000000000000000000000011000000000000000000000000000000000000000000000000000000000000000000000000000000000000000000000000000000000000000000000000000000000000000
101000000000000000110000000000000000000000000000000000010001100000000000000000000000000000000000000101000000000000000000000010000000000000000011000000000000000000000000000000000000000000000000000000000000000000000000000000000011100000000000000000000000010000000000000000000000000000000000000000000000
010000000000000000000000000000000000000000000000000000011001100000000000000000000000000000000000000010000000000000000000000111100000000000000011000000000100000000000000000000000000110011000000000000000000000000000000000000000000000000010000000000000000010000000000000000000000000000000000000000000000
000000000000000000000000000000000000000000000000000000001001100000000000000000000000000000000000000000000000000000000000001000100000000000000000000000001110000000000000000000000000110011000000000000000000000000000000000000000000001000101000000000000000010000000000000000000000000000000000000000000000
000000000000000000000000000000000000000000000000000000000000000000000000000000000000000000000000000000000000000000000000000110000000000000000000000000010011000000000000000000000000000000000000000000000000000000000000000000000000001000101000000000000000000000000000000000000000000000000000000000000000
000000110000000000000000000000000000000000000000000000000000000000000000000000000000000000000000000000011000000000000000000110110000000000000000000000111001000000000000000000000000000000000000000000000000000000000000000000000000001000010000000000000111000111000000000000000000000000000000000000000000
000000110000000000000000000000000000100000000000000000000010000000000000000000000000001100000000000000011000000000000000000011011000000000000000100000111001110000000000000000000000000000000000000000000000000000000000000000000000000000000000011000000000000000000000000000000000000000000000000000000000
000000000000000000000000000000000000100000000000000000010110000000000000000000000000001100000000000000000000000000011000000001111100000000000001100000110001100000000000000000000000000000000000000000000000000000000000000000000001000000000000011000000000010000000000000000000000000000000000000000000000
000000000000000000000000000000000000100000000000000000011100000000000000000000000000000000000000000000000000000000011000000000111000000000000011111000011000000000000000000000000000000000000000000000000000000000000000000000000010100000000000000000000000010000000000000000000000000000000000000000000000
000000000000000000000000000000000000000000000000000000000000100000000000000000000000000000000000000000000000000000000000000000010000000000000010111000001000000000000000000000000000000000001000000000000000000100000000000000000100100000111000000000000000010000000000000000000000000000000000000000000000
000000000000000000000000000000000000000000000000000000000001010000000000000000000100000000000000000000000000000000000000000000000000000000000001100010000000000000000000000000000000000000001000000000000000001010000000000000000011000000000000000000000000000000000000000000000000000000000000000000001000
000000000000000000000000000000000000000000110000000000000001001000000000000000000100000000000000000000000000000000000000000000000000000000000000000010000000000000001000000000100000000000010010000000000000000100000000000000000000000010000010000000000000000000000000000000000000000000000000000000010100
000000000000000000000000000000000000000000001000000000000000110000000000000000000100000000000000000011000000000000000000000000000000000000000000100000000000000000010100000001010000000000000001000000000000000000000000000000000000000010000010000000000000000000000000000000000000000000000000000000010100
000000000000000000000000000000000000000001000000000100000000000000000000000000000000000000000000000111100000000000000000000000000000000000000000110100000000000000010100000001010000000000000110000000000000000000000000000000000000000010000010000000000000000000000000000000000000000000000000000000001000
000000000000000000000000000000000000000000110000001010000000000000000000000000000000000000000000001101010000000000000000111000000000000000000000001100000000000000001000000000100000000000000001000011000000000000000000000000000000000000000000000000000000000000000000000000000000000000000000000000000000
000000000000000000000000000000000011000000000000000110000000000000000001000000000000000100000000000100011000000000000000000000000000000000000000000000000000000000000000000000000000000000100000110100100000000000000000000000000000000000111000000000000000000000000000000000000000000000000000000000000000
000000000000000000000000000000000011000000000000000000000000000000000010100000000000000100000000001100011000000000000000000000000000100000000000000000000000000000000000000000000000000001000000001011000000000000000000000000000000000000000000000000000000000000000000000000000000000000000000000000000000
000000000000000000000000000000000000000000000000000000000000000000000010100000000000000100000000001001000000000000100000000001000011100000000000000000000000000000000000000000000000000000110000000000000000000000000000000000000000000000000000000000000000000000000000000000000000000000000000000000000000
000000000000000000000000000000000000000000000000000000000000000000000001000000000000000000000000000011000000000001110000000001011110100000000000001100000000000000000000000000000000000000110010110000000000000000000000000000000000000000000000000000000000000000000000000000000000000000000000000001100000
000000000000000000000011100000000000000000000000000000000000000000000000000000000001110001110000000001000000000001110000000000011110000000000000001100000000010000000000000000000000000000000001000000000000000000000000000000000000000000000000000000000000000000000000000000010000000000000100000001100000
000000000000000000000000000000000000000000000000000000000000000110000000000000000000000000000000000000000000000000000000000000000000000000000000000000000000101000000000000000000000000000000000000000000000000000000000000000000000000000000000000000000000000000000000000000101000000000000100000000000000
000000000000000000001000000000000000000000000100000000000000000110000000000000000000000100000000000001100000000000000000000000000000000000000000000000000000101000000000000000000000000000000000000000000000000000000000000000000000000000000000000000000000000000110000000000101000000000000100000000000000
000000000000000000001000000000000000000000001010000010000010000000000000000000000000000100000000000000000000000000000000000000000000000000000000000000000000010000000000000000000000000000000000000000000000000000000000000000000000000000000000000000000000000001001000000000010000000000000000000000000000
000000000000000000001000000000000000000000000110000010000010000000000000000000000000000100000000000110000000000100000000000000000000000000000000000000000000000000000000000000000000000000000000000000011100000000000000000000000000000000000000000000000000000000110000000000000000000000000000000000000000
000000000000000000000000000000000000000000000000000010000010000000000000000000000000000000000000000111000000001100000000000000000000001000000000000000000000000000000000000000000000000000000000000000000000000000000000000000000000000000000000000000000000000000000000001100000001100000000000000000000000
000000000000001000000011000000000000011000000000000000000000000000000000000000000000000000000000000100100000011001011000000000000000110110000000000000000000000000000000000000000000000000000000000000000000000000000000000000000000000000000000000000000000000000000000010010000001100000000000000000000000
000000000000001000000011000000000000100100000000000000111000000000000000000000000000000000000000000011000000000100100100000000000001010110000000000000000000000000000000000000000000011000000000000000000000000000000000000000000000000000000000000000000000000000000000001100000000000000000000000000000000
000000000000001000000000000000000001001000000000000000000000000000000000000000000000000000000000000000000000000100101010000000000011010100000000000110000000000000000000000000100000011000000000000000000000000000000000000000000000000000000000000000000000000000000000000000000000000000000000000000000000
000000000000000000000000000000111000110000000000000000000000000000000000000000010000000000000000000000000000000000100010000000000101110100000000000110000000000000000000000001110000000000000000000000000000000000000000000000000000000000000000000000000000000001100000000000000000000000000000000000000000
000000000000000000000000000000000000000000000000000000000001110000000000000000010000000000000000000000000000000000101111000000000011001000000000000000000000000000000000000000000000000000000000000000000000000000000000000000000000000000000000000000000000000001100000000000110000000000000000000000000000
000000000000000000000000000010000010000000000000000000000000000000000000000000010000000000000000000000000000000000110001000000000001110000000000000000000000000000000000001100000100000100100000000000000000000000000000000000000000000000000000000000011000000000000010000000110000000000000000000000000000
000000000000000000000000000010000010000000000000000000000100000100000000000000000000000000000000000000000000000000001101000000000001110000000000000000000000000000000000001110011010000100110000000000000000000000000000000000000000000000000000011000010100000000000101000000000000000000000000000000000000
000000010000000000000000000010000010000000000000000000000100000100000000000000000100000000000000000000000000000000000110000000000000000000000000000000000000000000000000011001001010000100011000000000000010000000000000000000000000000000000000100100001000000000001010000000000000000000001100000000000000
000000010000000000000000000000000000000000000000000000000100000100000000000000000100000000000000000000000000000000000000000000000000000000000000000000000000000000000000001011001000000011100100000000001111110000000000000000000000000000000000101000000000000000001100000000000000000000001100000000000000
000000010000000000000000000000111000000000000000000000000000000000000000000000011010000000000000000000000000000000000000000000000000000000000000000000000000000000000000000100101110000001111000000000001010000000000000000000000000000000000000010000000000000000000000000000000000000000000000000000000000
000000000000000000000000000000000000000000000000000000000001110000000000000000000000000000000000000000000000000000000000000000010000000000000000000000000000000000000000000011010010000000000000000000001010001000000000000000000000000000000000000000000000000000000000000000000000011000000000000000000000
000111000111000000000110000000000000000000000000000000000000000000000000000000000000000000000000000000000000000000000000000000111000111000000000000000000000000000000000000001000100000100000000000000000100010000000000000000000000000000000000000000000000000000000000000000000000011000000000000000000000
000000000000000000000110000000000000000000000000000000000000000000000000000000000000000000000000000000000000000000000000000001100100000000000000001000000000000000000000000000100100001010000000000000000011100000000000000000000000000000000000000000000000000000000000000000000000000000000000000000000000
000000010000000000000000000000000000000000000000000000000000000000000000000000000110000000000000000000000000000000000000000000100100100100000000001000000000000000000000000000000000001010000100000000000000000100000000000000000000000000000000000000000000000000000000000000000000000000000000000000000000
000000010000000000000000000000000000000000000000000000000000000000000000000000000110000000000000000000000000000000000000000000011000100100000000001000000000000000000000000000000000000100001010000000000000000100000000000000000000000000000000000000000000000000000000000000000000000000000000001000000000
000000010000000000000000000000000000000000000000000000000000000000000000000000000000000000000000000000000000000000000000000000001000011000000000000000000000000000000000000000000000000000001010000000000000000100000000000000000000000000000000000000000000001100000000000000000000000000000000010100000000
000000000000000000000000000000000000000000000000000000000011000000000000000000000000000000000000000000000000000000000000000000000000000000000011100011100000000000000000110000000000000000000100000000000000000000000000000000000000000000000000000000000000001100000000000000000000000000000000010100000000
011100000000000000000000000000000000000000000000000000000011000000000000000000000000000000000000000000000000000000000000000000000110100000000000000000000000000000000000110000000000000000000000000000000000000000000011000000000000000000000000000000000000000000000000000000000000000000000000001000000000
000000000000000000000000000000000000000000000000000000000000000000000001110000000000000000000000100000000000001100000110000000000011100000000000001000000000000000000000000000111000000000000000000000000000000000000100100000000000000000000000000000000000000000000000000000000011100000000000000000000000
000000011000000000000000000000000110000000000000000000000000000000000010010000000000000000000001110000000000010010000110000000000001000000000000001000000000000000000000000000000000000000000000101000000000000000000011000000000000000000000000000000000000000000000000000000000000000000000000000000000000
000000100100000000000000000000000110000000000000000000000000000000000000001000000000000000000011111000000000010100000000000000000000000000000000001000000000000000000000000000000000000000000001000000001100000000000000000000000000000000000000000000000000000000000000000000001000001000000000000000000000
000000010100000000000000000000000000000000000000000000000000000000000001100000000000000000000110001100000000001000000000000000000000000000000000000000000000000000000000000000000000000000000000000000011011000000000000000000000000000000000000000000000000000000000000000000001000001000000000000010000000
000110001000000000000000000000000000000000000000000000000000000000000001011000100000000000000011111000010000000000000000000000000000000000000000000000000000000000000000010000000000000000000000000000011000000000000000000000000000000000000000000000000000000000000000000000001000001000000110000101000000
000110000000000000000000000000000000000000000000000000000000000011100000110001010000000000000001110000010000000000000000000000000110000000000000000000000000000000000000101000000000000000000001101100000000010000000100000000000000000000000000110000000000001000000000000000000000000000000110000101000000
000000000000000000000000000000000000000000000000000000000000000010010000000000000000000000000000100000010000000000000000000000000110000000000000000000000000000000000000101000000000000000000000010110001100010000000100000000000000000110000000110000000000010100000000000000000011100000000000000010000000
000000000000000000000000000000100000000000000000000000000000000001001000000100001100000000000000000000000000000000000000000000000000000000000000000000000000000000000000010000000000000000000000110100000111000000000100000000000000000110000000000000000000101000000000000000000000000000000000000000000000
000000000000000000000000000000100000000000000000000000100000000001110000001000000010000000000000000111000000000000000000000000000000000000000000000000000000000000000000000000000000000000000011001000000110000000000000000000000000000000000000000000000000110000000000000000000000000001110000000000000000
000000000000000000000000000000100000000000000000000000110000000110000000001000011100000000000000000000000000000000000111000000001000000000000000000000000000000000000000000000000000000000000100110000000000000000000000000000000000000000000000000000000000000000000000000000000000000000000000000000000000
000000000000000000000000000000000000000000000000000000101100000100100000000110111000000000000000000000000000000000000000000000010100000000000000000000000000000000000000000000000000000000001000000000000000000000000000000000000000000000000000000000000000000000000000000000000000000000000000000000000000
000000000000000000000000000000000000000000000000000000011100000011100000000000000000000000000000000000000000111000010000000000001000000000000000000000000000000000000000000000000000000000000110000000000000000000000000000000000000000000000000000000000000000000000000000000000000000000000000000000000000
000000000000000000000000000000000000000000000110000000001100000000111000011000000000000000000000000000000001001000101000000000000000000000000000000000000000000000000000000000000000000000000011000000000000000000100000000000000000001000000000000000000000000000000000000000000000000000000000000000000000
000000000000000000000011000000000000000000000000000000010000010000010000000000000000000000000000000000000001001100010000000000000000000000000000000000000000000000000000000000000000000000000000000000000000000000100000000000000000001000000110000000000000000000000000000000000000000000011000000000000000
000000000000000000000011000000011000000000000000111000000000111000010001001000000000000000000000000000011011011100000000000000001000000000000000000000000000000000000000000000000000000000000000000000000000000000100000000000000000001000000110000000000000000000000000000000000000000000011000000000000000
000000000000000000000000000000011000000000000000010000000001000000000001110000000000000000000000000000110001100000000000000000010100000000000000000000000000000000000000000000000000000000000000000000000011000000000000000000000000000000000000000000000000000000000000000000000000000000000000000000000000
000000000000000000011000000000000000000000000000000010000011111100000010100001010000000000000000000010000000000000000000000000010100000000000000000000000000000000000000000000000000000000000000000000000011101100000000000000000000000000000000000000000000000000000000000000000000000000000000000000000000
000000000000000000100100000000000000000000000000110010000010010110000000000010011000000000000000000011001000000000000000000000001000000000000000000000000000000000000000000000000000000000000000000000000000110010000000000000000000000000000000000000000000000000000000000000000000011000000000000000000000
000000000000000000011000000000000000000000000000010010000110110011100001000011000100000000000000000100000100000000000000000000000000000000001100000000000000000000000000000000000000000000000000000000000000111010111000000000000000001100000000000000000000000000000000000000000000100100000000000000000000
000000000000000000000000000000000000000000000000000000000100110000100001111001101100000000000000000000101000000000000000000000000000000000001100000000000000000000000000000000000000000000000000000001000000011010000100010000000000001010000000000000000000000000000000000000000000010100000000000000000000
000000000001100000000000000000000000000000000010000000001001000001001010001000101100000000000000001100010000000000000000000000000000000000000000000000000000000000000000000000000000000000000000000001000000001100000010111100000000000110000000000000000000000000000000000000000000001000001000000000000000
000000000000100000000000000000000000000000001101000000000101000001000010101000110000000000000000001100000000000000000000000000000000000000000000000000000000000000000000000000000000000000000000000001000000000111101000000000000000000000000000000000000000000000000000000000000000000000010100000000000000
000000000100000000000000000000000000000000001001111000000000000000001000000000000000000000000000001100000000000000000000000000000000000000000000000000000000000000000000000000000000000000000000000000000000000000001000000100000000000000000000000000000000000000000000000000000000000000100100000000000000
000000000110000000000000000000000000000000000001111000000000110110110001110000000000000000000000000000000000000000000000000000000000000000000000011100000000000000000000000000000000000000000000000000000000000000000000111000000000000000000000000000000000000000000000000000000000000000011000000000000000
000000000000000000000000000000000000000000000000011000000001001000111000000000000000000000000000000000000000000000000000000000000000000000000000000000000000000000000000000000000000000000000000000000000000000000000000000000000000000000000000000000000000000000000000000000000000000000000000000000000000
000000000000000000000000000000000000000000000100100000000001001010001100000000000000000000000000000000000000001100000000000000000000000000000000000000000000011100000000000000000000000000000000000000000000000000000010100111100000000000000000000000000000000000000000000000000000000000000000000000000000
000000000000000000000000000000000000000000000011100000000000110010000000000000000000000000000000000000000000010010000000000000000000000000011000000000000000000000000000000000000000000000000000000000000000000000000001000100001000000000000000000000001000000000000000000000000000000000000000000000000000
001100000000000000000001000000000000000000000000000000000000000000000100000000000000000000000000000000000000001100000000000000000000000000100100000000000000000000000000000000000000000000000000000000000000000000000000000000000000000000000000000000011110000000000000000000000000000000000000000000000000
001100000000000000000001000000000000000000000000000000000000000000101100000000000000000000000000000000000000000000000000000000000000000000011000000000000000000000000000000000000000000000000100000000000000000000100000000100000100000000000000000000100110000000000000000000000000000000000000000000000000
000000000000000000000001000000000001100000000000000000000000000000010000000000000000000000000000000000001000000000000000000000000000000000000000000000000000000000111000000000000000000000001010000000000000000001010000000010000100000000000000000000100001000110000110000000110000000000000000000000000110
000000000000000000000000000000000010010000000000100000000000000000000000000000000000000000000000000000000110000000000000000000000000000000000000000000000000000000000000000000000000000000001010000000000000000000100000000010000000000010000000000000011110000101001001000001001000000000000000000000000110
000000000000000000000000000000000001100000000000100000000000000000000000000000000000000000000000000000000110000000000000000000000000000000000000000000000000000000000010000000000000000000000100000000000000000000000000000001111000000101000000000000000110000010000110000000110000000000000000000000000000
000000000000000000000000000000000000000000000000100000000000000000000000000000000000000000000000000000000110000000000000000000000000000000000000000000000000000000000010000000000000000000000000000000000000000000000000000011000000000101000000000000000000001100000000000000000000000000000000000000000000
000000000000000000000001100000000001100000000000000000000000000000000000000000000000000000000000000000001000000000000000000000000000000011000000000000000000000000000010000000000000000000000000011000000000000000000000000000000000000010000000000000000000001000000000001000000000000000000000000000000000
000000000000000000000001100000000010010000000000000000000000000000000000000000000000000000000000000000000000000000000000000000000000000100100000000000000000000000000000000000000010000001100000100100000000000000000000000000000000000000000000000000000000010100000000010100000000000000000000000000000000
000000000000000000000000000000000001100000110000000000000000000000000000000000000000000000000000000000000000001100000000000000000000000100100000010000000000000000000000000000000010000011010000011000000000000000000000000000000001100000001100000000000000001000000000010100000000000000000000000000000000
110000000000001100000000000000000000000001001000000000000000000000000000000000000000000000000000000000000000010110000000000000000000000011000000010000000000000000000000000000000010000011011000000000000000000000000000000000000010010000010010000000000110001000000000001000000000000000000000000000000000
110000000000001100000000000000000000000000110000000000000000000000000000000000000000000000000000000000000000010110000000000000000000000000000000010000000000000000000000000000000000000010001000000000000000000000000000000000000001100000001100000000000110000000000000000000000000000000000000000000000000
000000000000000000000000000000000000000000000000000000000000000000000000000000000000000000000000000000000000001000000000000000000000000000000000000000000000000000000000000000000000000101110000000000000000000000000000000000000000000000000000000000001110000000000000000000000000000000000000000000000000
000000000000000000000000000000000000110000000000000000000000000000000000000000000000000000000000000000000000000000000000000011000000000000000000000000000000000000000000000000000000000010100000000000000001100000000000000000000000000000000000000000001100000000000000000000000000000000000000000000000000
000000000000000000010000000000000001001000000000000000001100000000000000000000000000000000000000000000000000000000000000000011000000000000000011100000000000000000000000000000000000000000000000000000000001100000000000000000000000000000000000000000011000000000000000000000000000000000000000000000000000
000000000000000000101000000000000000110000000000000000001100000000000000000000000000000000000000000000000000000000000000000000000000000000000000000000000000000000000000000100000000000000000000000000000000000000000000000000000100001000000000000000001101100000000000000000000000000000000000000000000000
000000000000000000101000000000000000000000000000000000000000000000000000000000000000000000000000000000000000000000000000000000000000000000000000000000000000000000000000011110000000110000000000000000000000000000000000000000000010010100000000000000101011100000000000000000000000000000000000000000000000
000000000000000000010000000000000000000000000000000000000000000000000000000000000001100011000000000000000000000000000000000000000000000000000000000000000000000000000000000001000000110000000000111000000000000000000000000000000100000000000000000000111000000000000000000000000000000000000000000000000000
000000000000000000000000000000000000000000000000000000000000000000000000000000000001100100100000000000000000000000000000000000000000000000000000000000000000000000000111101011000000000000000000000000000000000000000000000000000000101100000000000000001101100000000000000000000000000000000000000000000000
000000001000000000000000000000000000000000000000000000100000000000000000000000000000000011000000000000000000000000000000000000000000000000110000000000000000000000001010101000000000000000000010000010000000000000000000000000100000100000000000000000000101000000000000000000000000000000000000000000000000
000000001000000000000000000000000000000000000000000000100000000000000000000000000000000000000000000000000000000000000000000000000000000000110000000000000100000000001000101000000000000000000010000010000000000000000000000001010000000000000000000000000010000000000000000000000000000000000000000000000000
000000001000000000000000000000000000000000000000000000000000000000000000000000000000000000000000000000000000000000000000000000000000000000000000000000001010000000000110000000000000000110000010000010000000000000000000000001001000000000001001100000000000000000000000000000000000000000000000000000000000
000000000000000000000000000000000000000000000000000000000000000000000000000000000000000000000000000000000000000000000000000000000000000000000000000000001010000000000011110000000000000110000000000000000000000000000000000000110001100000011101100000000000000000000000000000000000000000000000000000000000
000000000011100000000000000000000000000000000000000000000000000000000000000000000000000100000000000000000000000000000000000000000000000000000000000000000100000000000000000010000000100000000000111000000111000000000000000000001100100000010011100000000000000000000000000000000000000000000001100000000000
000000000000001110000000000000000000000000000000000000000000000000000000000000000000000100000000000000000000000000000000000000000000000000000000000000000000000000000000000101000001010000000000000000000000000000000000000000001001000000011010110000000000000000000000000000000000000000000001100000000000
000000000000000000000111000000000000000000000000000000000000000000000000000000000000000100000000000000000000000000000000000000000000000000000000000000000000000011000000000101000001010000000000000000000000000000000000000000000111000000000100110000000000000000000000000000000000000000000000000000000000
000000000000000000000000000000000000001100000000000000000000000000000000000000000000000000000000000000000000000000000000000000000000000000000000000000000000000011000001000010000000100000000000000000000000000000000000000000000000000000000001100000000000110000000000000000000000000000000000000000110011
000000000000000000000000000000000000001100000000000000000000000000000000000000000000000000000000000000000000000000000000000000000000000000000000000000000000000000000010100000000000000000000000000000000011100000000000000000000000000000000111000000000000110000000000000000000000000000000000000000110011
000011100000000000000000000000000000000000000000000000000000000000000000000000000000000000000000000000000100000000000000000000000011100000000000000000000000000000000001000000000000000000000000000000000000000000000000000000000000000000001001100000000000000000000000000000000000000000000000000000000000
000000000000000000000000000000000000000000000000000000000000000000000000000000000000000000000000000000001010000000000000000000000010010000110000000000000000000000000000000000000000000000000000000000000000001000000000000000000000000000000011100000000000000000001100000000000000000000000000000000000000
000000000000000000000000000000000000000000000000000000000000000000000000000000000000000000000000000000000110000000000000000000001000010000110000000000000000000110000000000000000000000000000000000000000000001000000000000000000000000000000001100000000000000000001100000000000000000000000000000000000000
000000000000000000000000000000000000000000000000000000000000000000000000000000000000000000000000000000000000000000000000000000001010110000000000000000001100000110000000000000000000000000000000000000000000001000000000000001100000000000000000000000000000000000000000000000000000000000000011100000000000
000000000000000000000000000000000000000000000000000000000000000000000000000000000000000000000000000000000000000000000000000000000001100000000000000000010010000000000000000000000000000000000000000000000000000000000000000001100000000000000000000000000000000000000000110000000000000000000000000000000000
000000000000000001100000000000000000000000000000000000000000000000000000000000000000000000000000000000000000000110000000000000100101000000000000000000001100000000000000000000000000000000000000000000000000000000000000000000000000000000000000000000000000000000000000110000000000000000000000000000000000
000000000000000001100000000000000000001100000000000000000000000000000000000000000000000000000000000000000000000110000000000000110100000000000000000001000000000000000000000000000000000000001100000000000000000000000000000000000000000000000000000000000000000000000000000000000000000000000000000000000000
000000000000000000000000000000000000001100000000000000000000000000000000000001100000000000000000000000000000000000000000000000000110010000000000000010100000000000000000000000000000000000001100000000010000000000000000000000000000000000000000000000000000000000000000000000000000000000011100000000000000
000000000000000000000000000000000000000000000001000000000000000000000000000010010000000000000000000000000000000000000000000000011100110000000000000010100000000000000000000000000000000000000000000000101000000000000000000000000001000010000000000000000000000000000000000000000000000000000000000000000000
000000000000000000000000000000000000000000000010100000000000000000000000000010100000000000000000000000000000000000000000000000000001010000000000000001000000000000000000000000000000000110000000000000110000000000000000000000000011000101000000000000000000000000000000000000000000000000000000000001000000
000000000000000000000000000000000000000000000010100000000000000000000000000001000000000000000000000000000000000000000000000000001000000000000000000000000000000000000000000000000000001000100000111000000000000000000000000000000011000010000000000000000000000000000000000000000000000000000000000010100000
000000000000000000000000000000000000000000000001000000000000000000000000000000000000000000000000000000000000000000000000000000001000001000000000000000000000000000000000000011010000001000100000000000000000000000000000000000000010000000000000000000000000000000000000000000000000000000000000000010100000
000000000000000000000000000000000000000000000000000000000000000000000000000000000000000000000000000000000000000000000000000000000000010000000000000000000000000000000000000011110001100000100000000000000000000000000000000000000000000000000000000000000000000000000000000000000000000000000000000001000000
000000000000000000000000000000000000000000011000000000000000000000000000000000000000000000000000000000000000000000000000000000000000100000000000000000000000000000000000000100010001110001000010010000000000000000000000000001110000000000000000000000000000000000000000000000000000000000000000000000000000
000000000000000000000000000000000000000000100100000000000000000000000000000000000000000000000000000000000000000000000000110000000000000000000000000000000000000000000000000011100000110100110111001000000000000000000000000000000000000000000000000000000000000000000000000000000011000001100000000000000000
000000000000000000000000000000000000000000011000000000000000000000000000000000000000000000000000000000000000000000000000110000000000000000000000000000000000000000000000000011100000000000001111111000000000000000000000000000000000000000000000000000000000000000000000000000000011000001100000000000000000
000000100000000000000000000000000000000000000000000000000011000000000000000000000000000000000000000000000000000000000000000000000000000000000000000000000000000000000000000000100000000001111000010000000000000000000000000000111000000000000000000000000000000000000000000000000000000000000000000000000000
000001010000000000000000000000000000000000000000000000000011000000000000000000000000000000000000000000000000000000000000000000000000000000000000000000000000000000000000000000000000000000110000000000000000000000000000000000000000000000000000000000000000000000000000000000000000000000000000000000000000
000001010000000000000000001000000000000000000000000000000000000000000000000000000000000000000000000000000000000000000000000000011000000011000000000000000000000000000000001100000000000000000000000000000000000000000000000000101000000000000000000000000000000000000000000000000000001100000000000000000000
000000100000000000000111001000000000000000000000000000000000000000000001100000000000000000000000000000000000000000000000000000100100000100100000000000000000000000000000001010000000000000000000000000110000000000000000000001000000000000000000000000000000000000000000000000000000010010000000000000000000
000000000000000000000000001000000000000000000000000000000000000000000001100000000000000000000000000000000000000000000000000000011000000011000000000000000000000000000000000100000000000000000000000000110000000000000000000001000100000000000000000000000000000000000000000000000000001100000000000000011000
000000000000000000000000000000000000000000000000000000000000000000000000000000000000000000000000000000000000000000000000000000000000000000000000000000000000000000000000000000000000000000000000000000000000000000000000000000000000000000000000000000000011000000000000000000000000000000000000000000011000
000000110000000000000000000000000000000000000000000000000000000000000000000000000000000000000000000000000000000110000000000000000000100000000000000000000000000000000000000000000000000000000000000000000000000000000000000001100100000000000000000000000000100000000000000000000000000000000000000000000000
000000110000000000000000000000000000000000000000001100000000000000000000000000000000000000000000000000000000001001000000000000000001010000000000000000000000000000000000000000000000000000000000000000000000000000000000000000000000000010000000000000000011110000000000000000000000000000000000000000000000
000000000000000000000000000000000000000000000000001100000000000000000000000000000000000000000000000000000000000101000000000000000001010000000000000000000000000000000000000000000000000000000000000000000000000000000000000000000000000101000000000000000000001100000000000000000000000000000000000110000000
000000000000000000000000000000000000000000000000000000000000000000000000000000000000000000000000000000000000000010000000000000000000100000000000000000000000000000000000000000000000000000000000000000000000000000000000000000000000000101000000000000000100000010000000000000000000000000000000000110000000
000000000000000000000000000000000000000000000000000000000000000000000000000000000000000000000000000000010000000000000000000000000000000010000000001110000000000000000000000000000000000000000000000000000000011000000000000000000000000010000000000000000000010110000000000000000000000000000000000000000000
000000000000000000000000000000000000000000000000000000000000100000000000000000000000000000000000000000101000000000000000000000000000000101000000000000000000000000000000000000001100000000000000000000000000011000000000000000000000000000000000011000000110000000000000000000000000000000000000000000000000
000000000000000000000000000000000000000000000000000000000000100000000000110000000000000000000000000000100100000000000000000000011000000101000000000000000000000000000000000000001100000000000000000000000000000000000000000000011000011000001100011000000100000000000000000000000000000000000000000000000000
000000000000000000000000000000000000000000000000000000000000100000000001001000000000000000110000000000011000000000000000000000100100000010000000000000000000000000000000000000000000000000000000000000000000000000000000000000011000011000010010000000000000000000000000000000000000000000000000000000000000
000010000000000000000000000000000000000000000000000000000000000000000000100010000000000000110000000000000000000000000000000000100100000000000000000110000000000001100000000000000000000000000000000000000000000000000000000000000000000000001100000000000000000000000000000000000000000000000000000000000000
000101000000000000000000000000000000000000000000000000000000000000000000100111000000000000000000000000000000000000000000000000011000000000000000001001000000000001010000000000000000000000000000000000000000000000000000000000000000000000000000000000000010000000000000000000000000000000000000000000000000
000110000000000000000000000000000001000000000000000000000000000000011000000010100000000100000000000000000000000000000000000000000000000000000000000110000000000000100000000000110000000000000000000000000000000000000000000000000000000010000000000000000001000000000000000000000000000000000000000000000000
000000000000000000001100000000000010100000000000000000000000000000100100011000100000001010000000000000000000000000000000000000000000000000000000000000000000000000000000000000101000000000000000000000001100000000000000000000000000000101000000000000000101100000000000000000000000000000000000000110000000
000000000000000000010010000000000010010000000000000000000000000001000000010111000000000100000000000000000000000000000000000000000000000000000000000000000000000000000000000000010000000000000000000000001100000000000000000000010000000101000000000000000001100000000000000000000000000000000000000110000000
000000000000000000001100000000000001100000000000000000000000000001000100001110000000000000000000000000000000000000000000000000000000000000000000000000000000000000000000000000000000000000000000000000000000000000000000000000001100000010000000000000000000100000000000000000000000000000000000000000000000
000000000000000000000000000000000000000000000000000000000000000001001000000000000000000000000000000000000011000000000000000000000000000000000000000000000000000001100000000000000000000000000000000000100000000000000000000000011000000000000000000001111101000000000000000000000000000000000000000000000000
000000000000000000000000000000000000000000000000000000000000000000110000000000000000000000000000000000000100100000000000000000000000000000000000000000000000000001100000000000000000000000000000000001010000000000000000000000000000000000000000000010110000010000000000000000000000000000000010000000000000
000000000000000000000000000000000000000000000000000000000000000000000000000000000000000000000000000000000011000000000000000000000000000000000000100000000000000000000000000000000000000000000000000001010000000000000000000000000000000000000000000010111100110000000000000000001000000000000101000000000100
000000000000000000000000000000000000000000000000000000000000000000000000000000000000000000000000000000000000000000000000000000000000000000000000100000000000000000000000000000000000000000000000000000100000000000000000000000000000000000000000000001000001000000000000000000001000000000000101000000001010
000000000000000000000000000000000000000000000000000001100000000000000000000000000000000000000000000000000000000000000000000000000000000000000000100000000000000000000000000000000000000000000000000000000000000000000000000000000000000000000000000000000000000001100000000000001000000000000010000000001001
000000000000000000000000000000000000000000000000000001100000000000000000000000000000000000000000000000000000000000000000000000000000000000000000000000000000000000000000000000000000000000000000011000001110000011100000000000000000000000000000000000000000000001100000000000000000000000000000000000000110
000000000000000000000000000000000000000000000000000000000000000000000100000000000000000000000000000110000000000000000000000000000000000000000000000000000000000000000000000000000000000000000000100100001110000000000000000000000000000000000000000000000000000000000000000011100011100000000000000000000000
000000000000000000000000000000000000000000000000000000000000000000000101000000000000000000000000000110000011000000000000000000000000000000000000000000000000000000000000000000000000000000000000011000000001000000001000000000000000000000000000000000000000000000000000000000000000000000000000000000000000
000000000000000000000000000000000000000000000010000000000000000000000000110000110000000000000000000000000011000000000000000000000000000000000000000000000000000000000000000000000000000000000000000000011110000000001000000000000000001100000000000000000000000000000000000000001000000000000000000000000000
000000000000000000000000000000000000000000000111000000000000000000111001110000110000000000000000000000000000000000000000000000000000000000000000000000000000000000000000000000000000000000000000000000100010000000001000000000000000001100000000000000000110000000000000000000001000000000000000000000000000
000000000000000010000010000000000000000000010001000000000000011100110110100000000000000000000000000000000000000000000000000000000000000000000000000000000000000000000000000000000000000000000000000000000100000000000000000000000000000000000000000000000110000000000000000000001000000000000000000000000000
000000111000000010000010000000100000000000011100000000000000100100011111000000000000000000000100000000000000000000000000000000000000000000111000000000000000000000000000000000000000000000000000000000001000000011100000000000000000000000100000000000000000000000000000000000000000000000000001110000000000
000000000000000011000110000000100000000000111000000000000000111000110101000000000000000000001010000000000000000000000000000000000000000000000000000000000000000000000000000000000000000000000000000000110000000000000000000000000000000000100000000000000000000000000000000000000000000000000000000000000000
000000000000000000000000000000100000000001000000000000000001100000100110000000000000000000001100000000000000110000000000000000000000000000000000000000000000000000000000000000000000000000110000000000000000000000000000000000000000000000100000000000000000000000000000000000000000000000000000000000000000
000000000000111001101100111000000000000010000000000000000001110001110010000000000000000000000000000000000000110000000000000000000000000000000000000000000000000000000000000000000000000001001000000000000000000000000000000000000000000000000000000000000000000000001100000000000000000000000000000000000000
000110000000001010101010100000000000000000000010000000000001100000011100000000000000000000000000000000000000000000000000000000000000000000000000000000000000000000000000000000000000000001001000000000000000000000110000000000000000000000000000000000000000000000001100000000000000000000000000000000000000
000110000000000011000110000000000000000000000010000000000000010000000000000000000000000000000000000000000000000000000000000000000000000000000000000000000000000000000000000000000000000000110000000000000000000000110000000000000000000000000000000000000000000000000000000000000000000000000000000000000000
