300 300
000000000000001100000000000000000000000000000000000000000000000000000000000000000000000000000000000000000000000000000000000000000000000000010000000000000000000000000000000000000000000001000000000000000000000000000000000001000000000000000000000000000000000000000000000000000000000000000000000000000000
000000000000010010011100000000000000000000000000000000000000000000000000000000000000000000001000000000000000000000000000000000000000000000101000000001000000000000000000000000000000000010100000000000000000000000000000000001000000000000001100000000000000000000000000000000000000000000000111000000000000
000000000000001100000000000000000000000000000000000000000000000000000000000000000000001110001011000000000000000000000000000000000000000000101000000011100000110000000000000000000000000100100000111000000000000000000000000001000000000000010010000000000000000000000000000000000000000000000000000000000000
000000000000000000000000000000000000000000000000000000000000000000000110000110000000000011100001000000000000000000000000000000000000000000010010100011100000110000000000000000000000000011000000011000000000000000000000000000000000000000010100000000000000000000000000000000000000000000000000000000000000
000000000000000000000000000000000000000000000000000000000000000000001001000110000000010000101110000000000000000000000000000000000000000000000010010000000001011001100001110000000000000000000000100100000000000000000000000000000000000000001000000000000000000000000000000000000000000000000000000000000000
000000000000000000000000000000000000000000000000000000000000000000000110000000000000001000000100000000000000000000000000000000000000000000000010010000000111101110010000000000000000000000000111111000000000000000000000000000000000000000000000000000000000000000000000000000000000000000000000000000000000
000000000000000000000000000000000000000000000000000000000000000000000000000000000000000000000000000000000000000000000000000000000000000000000000110000001000101001100000000000000000000000000001101000000000000000000000000000000000000000000000000000000000000000000000000000000000000000000000000000000000
000000000000000000000000000000000000000000000000000000000000000000000000000000000000000000000000000000000000000000000000000000000000000000000000000000100000101111000000000000000000000000001000100000000000000000000001100000000000000000000000000000000000000000000000000000000000000000000000000000000000
000000000000000000000000000000000000000000000000000000000000000000000000000000000000000000000000000000000000000000000000000000000000000000000000000001000010111010000000000000000000000000000100110000000000000000000001100000000000000000000000000000000000000000000000000000000000000000000000000000011000
000000000000000000000000000000000000000000000000000101100011000000000000000000000000000000000000000000000000000000000000000000000000000000000000000010011010000100000000000000000000000000000010010001100000000000000000000000000000000000000000000000000000000000000000000000000000000000000000000000011000
000000000000000000000000000000000000000000000000000101100011000000000000000000000000000000000000000000000000000000000000000000000000000000000000000001100000110100000000000000000000000000000001110001100000000000000000000000000000000000000000000000000000000000000000000000000000000000000000000000000000
000000000000000000000000000000000000000000000000000000100000000000000000000000000000000111011000000000000000000000000000000000000000000000000000000000000000001100000000000000000000000000110000000000000000000000000000011000000000000000000000000000000000000000000000000000000000000000000000000000000000
000000000000000000000000000000000000000000000001000110101110000000000000000000000000000010101100000000000110000000000000000000000000000000000000000000000000000000000000000000000000000000110000000000000000000000000000011000000000000000000000000000000000000000000000000000000000000000000000000000001100
000000000000000000000000000000000000000000000001000101101110011000000000000000000000000110111100000000000110000000000000000000000000000000000000000000000000000000000000000000000000000000000000000000000000000000000000000000000000000000000000000000000000000000000000000000000000001100000000000000001100
000000000001100011000000000000000000000000000001001110000010011000000000000000000000000010010000000000000000000000000000000000000000000000000000000000000000000000000000000000000000000000000000000000000000000000001110000000000001000000000000000000000000000000000000000000000000001100000000011100000000
000000000001100011000000000000000000000000000000001100011000000000000000000000000000000011110000000000000000000000000000000000000000000100000000000100000000000000000010000000000001000000000000000000000000000000000000000000000001000000000000000000000000000000000000000000000000000000000000000000000000
000000000000000000000000000000000000000000110000001100000000000000000000000000000000000000110000000000000000000000000010000000000000001010000000000100000000000000000101000000000001000000000000000000000000000000000000100000000001000000000000000000000000000000000000000000000000000000000000000000000000
000000000000000000001100000000000000000000110000000000000000000000000000000000000000000000000000000000000000000000000010000000000000000110000000000100000000000000000110000000000001000000000000000000000000000000000000100000000000000000000000000000000000000000000000000000000000000000000000000000000000
000000011000000000010010000000000000000000000000000000000000000000000000000000000000000000000000000000000100000000000010000000000000000000000000000000000000000000000000000000000000000000000000100000000000000000000000100000011100011100000000000000000000000000000000000000000000001000000000000000000000
000000011000000000001100000000000000000000000000000000000000000000000000000000000000000000000000000000001010000000000000000000100000000000000000000000000000000000000000000000000000000000000111010000000000000000000000000000000000000000000000000000000000000000000000000000000000001000000000000000000000
000110000000000000000000000000000000000000000000000000010010000000000000000000000000000000000000000000000000000000000000000000100000000000000000000000000000000000000000000000000000000001110100000000000000000000000000000000000100000000000000000000000000000000000000000000000000001000000000000000000000
001001000000000000000000000000000000110000000000000000011000011000000000000000000000000000000000000001101001000000000000000000100000000000000000000000000000000000000000000110000000000000110000110000000000000000000000000000001111000000000000000000000000000000000000000000000000000000000000000000000000
000110000000000000000000000000000000110000000000000000010100111100000001100000000000011111000000000010100001000000000000000000000000000001100000000000000000000000000000000110000000000000000110000000000000000000001100000000010000100000000000000000000000000000000000000000000011100011100000000000000000
000000000110000000110000000000000000000000000000000110000111000110000010010000000000010000010000000001000100000000000000000000001110000001100000000000000000000000000000000000000000000000011100000000000000000000001100000000000001100000000000000000000000000000000000000000000000000000000000000000000000
000000000110000000110000000000000000000000000000000100001110010100000001010000000000100111010000010000110001000000000000000000000000000000000000000000000000000000000000000000000000000000101000000000000000000000000000000010000100000000000000000000000000000000000000000000000000001000000000000000000000
000000000000000000000000000000000000000000000000000011010100001000000000100000000000101100000000100000011111000000000000000000000000000000000000000000000000000000000000000000000000000000011000000000000000011100000000000010001000000000100000000000000000000000000000000000000000001000000000000000000000
000000000000000000000000000000000000000000000000000011011000010000000000000000000000011000000000100000011110000000000000000000000000000000000000000000000000000000000000000000000000000000111000000000000000010010000000001101100000000001010000000000000000000000000110000000000000001000000000000100000000
000000000000000000000000000000000000000000000000000000100011000000011000000000000000000000000000010010000000000000000000000000000000000000000000000000000000000000000000000000000000000000000000000000000001000010000000010010000000000001010000000000000000000000000110000000000000000000000000000100000000
000000000000000000000000000000000000000000000000000000000001000000011000000000000000000000000000001100000000000000000000000000000000000000000000000000000000000000100000000000000000000000000000000000000001001100000000000010000000000000100000000000000000000000000000000000000000000000000000000100000000
000000000000000000000000000000000000000000000000000000000000000000000000000000000000000000000000000000100000000000000000000000000000000000000000000000000000000001110000000000000000000000000000000000000001001000000000000010000000000000000000000000000000000000000000000000000000000000000000000000000000
000000000000000000000000000000000000000000000000000000000000000000000000000000000000000000000000000001000000000000000000000010000000000000000000000000000000000011011000000000000000000000000000000000000000000000000000010010000000000000000000000000000000000000000000000000000000000000000000000000000000
000000000000000000000000000000000000000000000000000000000000000000000000000000000000000000000000000000000000000000000000000101000000000000000000000000000000000001110000000000000000000000000000000000000000000000000000000011000110000000000000000000000000000000000111000000000000000000000000000000000000
000000000000000000000000000000000000000000000000000000000000000000000000000000000000000000000000000000000000000000000000000010000000000000000000000000000000000000100000000000000000000000000000000000001010000000000000000110001001000000000000000000000000000000000000000000000000000000000000000000000000
000000000000000000100000000000000000000000000000000000000000000000000000000000000000000000000000000000000000000000000000000000000000000000000000000000000000000000000000000000000000000000000000000000001001000000000000000000001000000000000000000000000000000000010000010000000000000000000000000000000000
000000000000000001010000000000000000000000000000000000000000000000000000000000000000000110000000000000000000000000000000000000000000000000000000000000001100000000000000000000000000000000000000000000001010000111000000000000000011000000000000000000000000000000010000010000001100000000000000000000000000
000000000000000001001000000000000000000000000000000000000000000000000000000000000000001001000100000000000000000000000000000000000000000000000000000000010010010000000000000000000000000000000000000000000000001011000001000000000100011000000000000000000000000000010000010000001100000000000000000000000000
000000000000000000110000000000000000000000000000000000000000000000000000000000000000000101001010000000000000000000100000000000000001000000000000000000001011101000000000000000000000000000000000000000000000011000010010100000011100100100000000000000000000000000000000000000000000000000000000000000000000
000000000000000000000000000000000000000000000000000000000000000000000000000000000000000010001010000000000000000001010000000000000010100000000000000000000000101100000000000000000000000000000000000000000000011001000011000000000000011000000000000000000000000000000111000000000000000000000000000000001100
000000000000000000000000000000000000000000000000000000000000000000000000000000000000000000000100000000011000000000100000000000000010100000000000000000000000010100000000000000000000000000000000000000000000101001100010000000000000000000000000000000000000000000000000000000000000000000000000000000001100
000000000000000000000000000000000000000000000000000000000000000000000000000000000000000000000000000000011000000000000000000000000001000000000000000000000000010110000000000000000000000000000000000000000000001000001000000000000000000000000000111000000000000000000000000000000000000000110000000000000000
000000000000000000000000000000000000000000000000000000000000000000000000000000000000000000000000000000000000000000000000000000000000000000000000000000000000010100000000000000000000000000110000000000000001001000000000000000000000000000000000000000000000000000000000000000000000000000000000000000000000
000000000000000000000000000110000000000000000000000000000000000000000000000000000000000000000000000000000000000000000000000000000000000000000000000000000000001000000110000000000000000001101100000000000001000000000000000000000000000000000000000000001100000000000000000000000000000001001000000000000000
000000000000000000000000001001000000000000000000000000000000000000000000000000000000000000000000000000000000000000000000000000000000000000000000000000000000000000000110000000000000000000100100000000000000000000000000000000000000000000000000000000001100000110000011000000000000000001000100000000000000
000000000000000000000000000101000000000000000000000000000000110000000000000000000000000000000000000000000000001000010000000000000000000000000000000000000000000000000000000000000000000000100100000000000000000000000000000000000000000000000000000000000000000110000011000000000000000110110010000000000000
000000000000000000000000000010000000000000000000011000000000110000000000000000000000000000000000000000000000001000010000000000000000000000000000000000000000000000000000000000000000000000011000000000000000000000000000000000000000000000000000000000000000000000000000000000000000010000011110000000000000
000000000000000000000000000000000000000000000000011000000000000000000000000000000000000000000000000000000000001000010000000000000000000000000000000000000000000000000000000000000000000000000000000000000000000000000001100000000000000000000000000000000000000000000000000000000000010001100101100000000000
000000000000000000000000000000000000000000000000000000000000000000000000000000000000000000000000000000000000000000000000000000000000000000000000000011001100000000000000000000000000000000000000000000000000000000000010010000000110000000000000000000000000000001000000000000000000010000100001100000000000
000000000000000000000000000000000000000001100000000000000000000000000000000000000000000000000000000000000000000000000111000000000000000000000000000101001100000000000000000000000000000000000000000000000000000000000001100000000110000000000000000000000000000010100000000000000000000111100000100000000000
000000000000000000000000000010000000000000000000000000000000000000000000000000000001000000000000000000000000000000000000000000000000000000000000000010000000000000000000000000000000000000011100000000000000000000000000000000000000000000000000000000000000000010100000000000000000000000100100000000000000
000000000000000000000000000001100000100001000100000000000000000000000000000000000010100000000000000000000000000000000000000001000000000000000000000000000000000000000000000000000000000000000000000000000000000000000000000000000000000000000000000000000000000001000000000000000000000000000010000000000000
000000000000000000000000001101100001010001000010000000000000000000000000000000000010010000000000000000000000001000000000000010100000000000000000000000000000000000000000000000000000001100000000000000000000000000000000000000000000000000000000000000000000000000000000000000000000000000001110000000000100
000000000000000000000000000101100000100000000001000000000000000000000000000000000001100000000000000000000000001000000000000100001100000000000000000000000000000000000000000000000000001100000000000000000000000000000000000000000000000000000000000000000000000000000000000000000000011000001101000000000100
000000000000000000000000000010100000101000001000100000000000000000000000000000000000000000000000000000000000001000000000000100011101110000000000000000000000000000000000000010000000000000000000000000000000000000000000000000000000000000000000000000000000000000000000000000000000011000110011000000000100
000000000000000000000000000010110000010000010000100000000000000000000000000000000000000000000000000000000000000000000000000101010110000000000000000000000000110000000000001100101000000000011000000000000001000000000000000000000000111000000000000000000110000000000000000000000000011100010001000000000000
000000000000000000000000000100001000001000100010100000000000011100000000000000000000000000000000000000000000000000000000000101000001110000000000000000000001001000000000001110111000000000100100000000000111100000000000000000000000000000000000000000000110000000000000000000000000000110010010000000000000
000000000000000000000000000000010000000001000011000000000000000000000000000000000000000000000000000000000000000000000000000011010000000000000000000000000000110000000000000000001000000000011000000000001110110000000000000000000000000000000000000000000000000000000000000000000000000110000000000000000000
000000000000000000000000000011010000000110010000000000000000000001000000001110001110000000000000000000000000000000000000000000001000000000000000000000000000000000000000011001100000010000000000000000010001001000000000000000000000000000000000000000000000000000000000000000000000000000000000000000000000
110000000000000000000000000100100000000000110000000000000001100001000000001100000110000000000000000000000000000000000000000000001000000000000000000000000000000000110000100000001000010000000000000000100100110000000000000000000000000000000000000000000000000000000000000000010000000000000000000000000000
110000000000000000000000000111110000000000000000000000000010010001000000001101010110000000000000000000000000000000000000000000000000000000000000000000000000000000110000110100110000001000000000000000100100100000000000000000000000000000001100000000000000000000000000000000111000000000000000000000000000
000000000000000000000000000000011000000000000000000000000010100000000000001001010010000000000000000000000000000000000000000000000000000000000000000000000000000000000000110001000000001000000000000000011000000000100000000000000000000000011000000000000000000000000000000001101100000000000000000000000000
000000001100000000000011000000011000000000000000000000000001000000000001101110001110110000000000000000000000000000000000000000000000000000000000000000000000000000000000001000000000010010000000000000011000000001010000000000000000000000000100000000000000000000000000000000000000000000000000000000000000
000000010010000000000011000000000000000010000000000000000000000000000010000000000000001000000000000000000000000000000000000000000000000000000000000000000000000000000000000000000000010001001100000000000000000001010000000000000000000000000000000000000000011100000000000000000000000000000000000000000000
000000001100000000000000000000000000000101000000000000000000000000000010000010001000001000000000000000000000000000000000000000000000000000000000000000000000000000000000000000000000001011000100000100000000000000100000000000000000000000000000110000000000000000000000000000000000000110000000000000000000
000000000000000000000000000000110000000110000000000000000000000000000011000010101000011000000000000000000000000000000000000000000000000000000000000000000000000000000000000000000000000100110000000100000000000000000000000000000000000000000000011000000000000000000000000011100000011010000000000000000000
000000000000000000000000000001001000000000000000000000000000000000000000011111111111000000000000000000000110000000000000000000000000000000000000000000000000000000000000000000000000000010010000000100000000000000000000000000000000000011101000110000000000000000000000000010010000011001000000000000000000
000000000000000000000110110001001000000000000000000000000000000000000000000011011000000000000000000000000110000000000000000000000000000000000000000000000000000000000000000000000000000100100000000000000000000000001100000000000000000011000000000000000000000000000000000001011000000110000000000000000000
000000000000000000001100011000110000000000000000000000000000000000000000000000100000000000000000000000000000000000000000000000000000000000000000000000000000000000000000110000000000000010100000000000000000000000001100000000000000000011000000000000000000000000000000001011001000010001000000000000000000
000000000000000000000110110000000000000000000000000000000000000000000000000001110000000000000000000000000000000000000100000000000000000000000000000000000000000000000000110000000000000000000000000000000000000000000000000000000000000000000000000000000000000000000000001000110000000010000000000000000000
000000000000000000000011100000000000000000000000000000001110000000000000000000000000000000000000000000000000000000001010000000000000000000000000000000001100000000000000000000000000000000000000000000100000000000000000000000000000000000010000000000000000000000000000001000000000001010001100000000000000
000000000000000000000001000000000000000000000000000000010001000000000000000000000000000000000000000000000000000000001001000000000000000000000000000000001100000000000000000000000000000000000000110001011000000000000000000000000000000000011110000000000000000000000000000000000000001100010110000000000000
000000011000000000000000000000000000011000000000000000000011000000000000000000000000000000000000000000000000000100000110000000000000000000000000000000000000000000000000000000000000000000000001010001000100000000000000000000000000000000001101000000000000000000000000000000000000011100111011000000000000
000000011000000000000000000000000000011000000000000000100011000000000000000000000000000000000000000110000000001010000000000000000000000000000000000000000000000000000000000000000000000000000000100001100100000000000000000000000000000000000010000000000000000000000000000000000010101001110110000000000000
000110000001000000000000000000000000000000000000000000011000000000000000000000000110000000000000000110000000001010000000000000000000000000000000000000000000000000000001000000000000000000000000000001101100000000000000000000000000000000000000000000000000110000000000000011000100000101110100000000000000
000110000001000000000000000000000000000000000000000000011011100000000000000001100110000000000000000000011100000100000000000000000000000000000000000000000000000110000001000000000000000000000000000001110000000000000000000000000000000000000000000000000001001000000000000001100010000000001000000000000000
000000000001000000000000000000000000000000000000000000001010000000000000000001100000000000000000000000000000000000000000000000000000000000000000000000000000001001000001000000000000000000000000000010100000000000000000000000000000000000000000000000000000001100000000000101000000000001110000000000000000
000000000000000000000000000000000000000000000000000000000100001000000000000000000000000000000000000000000000000000000000000000000000000000000000000000000000000110000000000000011001100000000001000011000000000000000000000000000000000000000000000000000100011000000000000110000000001001000000000000000000
000001100000000000000000000000000000000000000000000000011100011000000000000000000011000000000000000000000000000000000000000000000100000000000000000000000000000000000000000000011001100000000010100000000000000000000000000000000000000000000000000000001000010000000000000000000000000000000000000000000000
000000000001100000000000000000000000000000000000000000000000011110100000000000000011000000000000000000000000000000000000000011000101100000000000000000100000000000000000000000000000000000000001100000000000001000000000000000000000000000000000000000001110000000000000000000000000000000000000000000000000
000001110011110000000000000000000000000000000000000000000000001110100000000000000000000000000000000000000000000000000000001001000100100000000000000000110000000000000000000000000000000000000000000000000000010100000000000000000000000000000110000000000000000000000000000000000000000000000000000000000000
000000000001001000000000000000000000000000000000011100000000000011000000000000000000000000000000000000000000000000000000000000100011100000000000000001010000000000000000000000011000000000110000000000000000010100000000000000000000000000000110000000000000000000000000000000000000000000000000000001100000
000000000000100100000000000000000000000000000000000000000000000000000000000000000000000000000000000000000000000000000000110011100000000000000000000000000000000000000000000000011000000001001000000000000000001000000000000000000111000000000000000000000000000000000000000000000000000111000000000001100000
000000000000000000000000001000000001000000000001000000000000000000000000000000000000000000001100000000000000000000000001001111000000000110000000000000000000000000000000000000000000000000110000000000000000000000000000000000000000000000000000000000000000000000000000000000000000010010000000000000000000
000101000001001000000000001000000010100000000001000000000011000000000000000000000000000000001100000000000000000000000010010000000000001001000000000000000000000000000000000000000000000000000000000000000000000000000000000000010000010000000000000000000000000000000000011000000000100000000000000000000000
000101000010010000000000001000000010100000000001000000000011000000000000000000000000000000000000000000000000000000000001001000000000000101000000000000000000000000000000000000000000000000000000010000000000000000000000000000010000010000000000000000000000000000000000100100000000010110111000000000000000
000010000000000000000001000001000001000000000000000000000100000000000000000000000000000000000000000000000000000000000000110100000000000010000000000000001000000000000000000000000000000000000000101000000000000000000000000000010000010000000000000000000000000000000000011000000000010011100100000000000000
000000000101000000000010100010100000000000000000011100001101100000000000000000000000000000000000000000000000000000000000010100000000000000000000000000001000000000000000000000000000000000000000101000000000000000000000000000000000000000000000000000000000000000000000000000000000011100101000000000000000
000000000010000000000010100010100000000000000000000000001000100000000000000000000000000000000000000000000000000000000000000000000000000000000000000000001000000000000000000000000000000000000000010000000000000000000000000000000111000000000000000000000000000000000000000000000000100111001000000000000000
000000000000000000000001000001000000000000000000000000000110110100000000000000000000000000000000000000000000000000000000000000000000000000000000000000000000000000000000000000000000000000000000000000000000000000000000000000000000000000000000000000000000000000000000000000010001000000001000000000000000
000000000000000000000000000000000011000000000000000000000100101000000000000000000000000000000000000000000000001000000000000000000000000000000000000000000000000000000000000000000000000000000000010000000000000000000000000000000000000000000000000000000000000000000000000000101000100100001000000000000000
000000000000000000000000001100000110110000000000000000000100101000100000000000000000000000000000000000000000010100000000000000000000000000000000000000000000000000000000000000000000000000000000101000000000000000000000000000000000000000000000000000000000000000000000000000011000011100010000000000000000
000000000000000000000000001100010010101100000000000000000000110110100000000000000000000000000000000010000100110010000000000000000000000000010000000000000000000000000000000000000000000000000000101000000000000000000000000000000000000000000000000000000000000000000000000000000000001101100000000000000000
000000000000000000000000000000010010100110000000000000001000100000000000000000000000000000000000000100000101110000000000000000000000000000010000000000000000000000000000000000000000000000000000010000000000000000000000000000000000000000000000000000000000000000000000010000000000000000000000000000000000
000000000000000000000000000000000111111000000000000011100000111000000000000000000000100000000000000111000000101110000000000000000000000000010000000000000000000000000000000000001000000000000000000000000000000000000000000000000000000000000000000000000000000000000001001000000000000000000000000000001100
000000000000000000000000000000000000000000000000000010100000111000000000000000000000011000000000000000000010000110000000000000000000000000000000000000000000000000000000000000001000000000000000000000000000000000000000000000000000000000000000000000000000000000000001001000000000000000000000000000001100
000110000000000000000000000000000000000000000000000001100000100000010000000000000000110000000000000000000010001000000000000000000000000000000000000000000000100000000000000000001000000000000000000000000000000000000000000000110000000000011100000000000000000000000000100000000000000000000000000000000000
000110000000000000000000000000000000100000000000000110001110110001110000000000000000110000000000000000000000111000000000000000000000000000000000000000000001010000000000000000000000000000000000000000000000000000000000000000100100000000000000000000000000110000000000000000000000000000000000000000000000
000000000000000000000000000000000001010000000000000011001001110000001000000000000001110000000000000000000000000000011100000000000000000000000000000000000000100000000000000000000000000000000000000000000000000000000000000000111000000000000000000000000000110000000000000000000000000000000000000000000000
000000000000000000011100000000000010001000000000001010011000110001101000000000000010001000000000000000000000000000100100000000000000000000000000000000000000000000000000000000000000000000000000000000000000000000000000000000011000000000000000000000000000000000000000000000000000000000000000000000000000
000000000000000000000000000000000100001000000000000100011101010000110000000000000100011000000000001100000000000000100010000000000000000000000000000000000000000000000000000000000000000000000000000000000000000000000000000000000000000000000000000100000000000000000000000000000000000000000000000000000000
000000000000000000000000000000000000001111000000000000001000100010000000000000001000000000000000011100000000000000000010000000000000000000000000000000000000000000000000000000000000000000000000000000000000000000000000000000000000000000000000001010000000000000000000000000000000000000000000100000000000
000000000000000000000000000000000100000100100000000000000000000111000000000000001000000000000000101100110000000000100111011000000000000000000000000000000000000000000000000000000000000000000000000000000000000000000000000000000000000000000000001100000000000000000000000000000000000000110001100000000000
000000000000000000000000000000000000011100000000000000000000011001000000000000001000000011000000111010001000000000110100111000000000000000000000000000000000000000000000000000000000000000000000000000000000000000000000000000000000000000000000000000000000000000000000000000000000000000110001100000000000
000000000000000000000000000000000000000010100000000000000000010010001110000000000000000011000000110100001000000000010001100100000000000000000000000000000000000000000000000000000000000000000000000000000000000000000000000000000000000000000000000000000000000000000000000000000000000000000001000000000000
000000000000000000000000000000000000000000000000000000000000000010100001000000000000000000000000011101000000000001000000000000000000000000000000000000000000000000000000000000000000000001100000000000000000000000000000000000000000000000000000000000000000000000000000000000000000000000000000000000000000
000000000000000000000000000000000000000001000000000000000000001000000001000000000000000000000000000100000000000001001000000000000000000000000000000000000000000000000000000000000000000001100000000000000000000000000000000000000000000000000000000000000000000000000000000000000000000000000000000000000000
000000000000000110000000000000000000000010110000000000000000000110000011000000100001000000000100000000000000000000011000000000000000000000000000000000000000010000000000000000000000000000000000000000000000000000000000000000000000000000000000000000000000000000000000000000000000000000000000000000000000
000000000000000110000000000000000000000010010000000100000000000010000000000011011111100000000100000000000000000000000001000000000000000000000000000000000000101000000000000000000000000000000000000000000000000000000000000000000000000000000000000000000000000000000000000000000000000000000000000000000000
000000000000000000000000000000000000000000000000001110000000000001000100000000010010010000000100000000000000000000000001100000000000000000000000000000000001001000000000000000000000000000000000000000000000000000000000000000010111011000000000000000000000000000000000000000000000000000000000000000000000
000000000000000000000000000000000000110001100000001001000000000000010000000000101011010000000000000000000000000000000000100000000000000000000000000000000000110000000000000000000000000000000000000000000000000000000000000000011000010000000000000000000000000000000000000000000000000000000000000000000000
000000000000000000000000000000000001000000000000111001100000000000000000000000000000100001110000000000000000000000000000000000000000000000000000000000000000000000000000000000110000000000000000100000000000000000000111000011101000010000000000000000000000000000000000000000000000000000000000000000000000
000000000000000000000000000000000000101000000000101101000000000000000000000000000000000000000000000000000000000000000000000100000000000000000000000000000000000000000000000000101000000000000000100000000000000000000000000010000000100000000000000000000000000000000000000000000000000000000000000000000000
000000000000000000000000000000000000010000001000000100100000011000000000001000010000000000000000000000000000000000000001110111000000000000000011000000000000000000000000000000010000000000000000000000000000000000000000000011100000100000000000000000000000000000000000000000000000000000000000000000000000
000000000000000000000000000000000000000000001100101000100010011000000000001000110000000000000000000000000000000000011000011001000000000000000011000000000000000000000000000000000000000000000000000000000000000000000000000000110000000000000000000000000000000000000000000000000000000000000000000000000000
000000000000000000000000000000000000000000000000011000011001000000000000001000000000000000000000000000000000000000011100001110000000000000000000000000000000000000000000000000000000000000000000000000000000000000000000000000010001000000000000000000000000000000000000000111000000000000000000000000000000
000100000000000000000000000000000000000000001110000000100100000000000000000000100000000000000000000000000000000000011100001110000000000000000000000000000000000000000000000000000000000000000000000000000000000000000000000000000100000000000000000000000001100000000000001111100000000000000000000000000000
001010000000000000000000000000000000000000011010101000001100000000000011100100000000000000000000000000000000000000011000000000000000000000000000000000000000000000000000000000000000000000000000000000000000000000000000000001100000000000000000000000000001100000000000001000010000000000000000000000000000
001100000000000000000000000000000000000000001101110010111000000000000000001011000000000000000000000000000010000000110000000000000000000000000000000000000000000000000011000000000000000000000000000000000000000000000000000001010000000000000000000000000000000000000000001010011000000000000000000000000000
000000000000000000000000000000000000000000111010100001111000000000000000010001000000000000000000000000000101000000100000000000000000000000000000000000000000000000000100100000000000000000000000000000000000000000000000000111100000000000000000000000000000000000000000000100110000000000000000000000000000
000000000000000000000000000000000000000000011000000000000000000000000000010001100000000000100000000000000101000000000000000000000000000000000000000000000000000000000011000000000000000000000000000000000000000000000000000111000000000000000000000000000000000000000000001001100000000000000000000000000000
000000000000000000000000000000000000000000010101000000000000000000000000011001100001100000100000000000000010000000000000000000000000000000000000000000000000000000000000000000000000000000000000000000000000000000000000000010000000000000000000000000000000000000000000000001000000000000000000000000000000
000000000000000000000000000000000000000000001110000000000000000000000000000000110110110001001100000000000000000000000000000000000000000000000000000110000010000000000000000000000000000000000000000000000000000000000001001100000000000000000000000000000000000000000010000010110000000000000000000000000000
000000000000000000000000000000000000000000000100000000000000000000000000000000111010010001000010000000000000000000000000000000000000000000000000000110000101000000000000000000000000000000000000000000000000000000000010000100000000000000000000000000000000000000000000000011110000000000000000000000000000
000000000000000000000000000000000000000000000001000000000000000000000000000000110101001011010010000000000000000000000000000000000000000000000000000000000101000000000000000000000000000000000000000000000000000000000010000000000000000000000000000000000000000000000010000011000000000000000000000000000000
000000000000000000000000000000000000000000000011100000000001100000000000000000100001110011010110000001000000000000000000000000000000000000000000000000000010000000000000000000000000110000000000000000000000000000000011000000000000000000000000000000000010000000000000000000100110000000000000000100000000
000000000000000000000000000000000000000000000110001000000010010000000000000000000000100011011000100001000000000000000000000000000000000000000000000000000000000000000000000000000000110000000000000000000000000000000000111000000000000000000000000000000001100000000000010010000010000000000000001010000000
000000000000000000000000000000000000000000001100000000000001100000000000000000000000000001100000100001000000000000000000000000000000000000000000000001100000001100000000000000000000000001000000000000000000000000000000000000000000000000000000000000000011000000000010000100000110000000000000001010000000
000000000000000000000000000000000000000000000000100000000000000000000000000000000000000000000000100000000000000000000000000000000000000000000000000010010000010010000000000000000000000010100000000000000000000000000000000000000000000000000000000000000000000000000110000000000000000000000000000100000000
000000000000000000000000000000000000000000000111110000000000000000000000000000011000000000000000000000000000000000000000000000000000000000000000000001100000001100000000000000000000000011000000000000000000000000000000000000000000000011100000000000000000000000000110001000111000000000000000000000000000
000000000001100000000000000000000000000000000110100000000000000000000000000000011000000000001110000000000000110000000000000000000000000000000000000000000000000000000000000000000000000000000000000000000000000000000000000000000000000000000000000000000000000000000000010100000000000000000000000000000000
000000000001100000000000000000000000000000001100010000000000000000000000000000000000000000000000000000000000110000000000000000000000000010000000111000000010000000000000000000000000000000000000000000000000000000000000000000000000000000000000000000100000000000000000000000000000000000000000000000000000
000000000000000000000000111000000000000000001100000000000000000000000000000000000000000000000000000000000000000000000000000000000000000101000000000000000101000000000000000000000000000000000001100000000000000000000000000000000000000000000000000001010000000000000000011100000000000000000000000000000000
000000000000000000000000000000000000000000001101100000000000000000000000000000000000000000000000000000000000000000000000000000000000000110000000000000000101000000000000000000000111000000000010010000000000000000000001000000000000000000000000000001010000000000000000000000000000000000000000000000000000
000000000000000100000010000010000000000110000110000000000000000000000000000000000000000000000000000000000000000000000000000000000000000000000000000000000010000000000000000000000000000000000001100000000001100000000010100000000000000000000000000000100000000000000000000000000000000000000000000000000000
000000000000001010000010000010000000001010000000000000000011000000000000000000000000000000000000000000000000000000000000000000000000000000000000000000000000000000000000000001100000010000000000000000000001100000000010100000000000000000000000000000000000000000000000000000000000000000000000000000000000
000000000000010010000010000010000000000000000000000000000011000000000000000000000000000000000000000000000000000000000000000000000000000000000000000000000000000000000000000010010000010000000000000000000000000000000001000000000000000000000000000000000000000000000000000000000000000000000000000000000000
000000000000001100000000000000000000011100000000000000000000000000000000000000000000000000000000000000000000000000000000000000000000000000000000000000000000000000000000000010010000010000000000000000000000000000000000000000000000000000000000000000000000000000000000000000110000000000000000000000000000
000000000000000000000000111000000000011111100000000000000000000000000000000000000000000000000000000000001000000000000000000000000110000000000000000000000000000000000000000001100000000000000000000000000000000000000000000000000000000000000000000000000000000000000000000000110000000000000000000110000000
000000000000000000000000000000000000011111100000000000000000000000000000000000000000000000000000000000001000000000000000000000001001000000000000000000000000000000000000000000000111000000000000000000000000000000000000000000000000000000000000000000000000000000000000000000000000000000000000000110000000
000000000000000000000000000000000000000100010000000000000000000000000000000000000000001100000000000000001000000000000000000000000110000000000000001000000000000000000000000000000000000000000000000000000000000000001100000000000000000000000000000000000000000000000000000000000000000000000000000000000000
000000000000000000000000000000000000000011011000000000000000000000000000000000000000001100000000000000000000000000000000000000000000000000000000001000000000000000000000111000000000000000000000000000000000000000010010000000000000000000000000000000000000000000000000000000000000000000000000000000000000
000000000000000000000000000000000000000011010000000000000000000000000001100000001100000000000000000000000000000000000000000000000000000000000000001000000000000000000000000000000000000000000000000000000000001000001100000000000000000000000000000000000000000000000000000000000000000000001100000000000000
000000000000000000000000000000000000000000100000000000000000000000000010010000010010000000000000000000000000000000000000000000000000000000000000000000100000000000000000000011000000000000000000000000000000010100000000000000000000000001000000000000000000000000000000000000000000000000001100000000000000
000000000000000000000000000000000000000000000000000000000000000000000001100000001100000000000000000000000000000000000000000000000000000000000000000001010000000000000000000100100000000000000000000000000000010100000000000000000000000001000000000000000000000000000000000000000000000000000000000000000000
000000000000000000000000000000000000000000000000000000000000000000000000000000000000000000000000000000000000000000000000000000000001110000000000000001100000000000000000000010100000000000000000000000000000001000100000000000000000000001000000000000000000000000000000000000000000000000000000000000000000
000000000000000000100000000000000000000000000000000000000000000000000000000010000000000000000000000000000000000000000000000000000000000000000000000000000000000000000011100001000000000000000000000000000000000000100000000000000000000000000000000000000000000000000000000000000000000000000000000000000000
000000000000000001010000000000000000000000010000000000000000000000000000000101000000000000000000000000000000000000000000000000000000000100000000000000000000000000000011100000110000000000000000000000000000000000100000000000000000011100011100000000000000000000000000000000000000000000000000000000000000
000000000000000001001000000000000000000000101000000000000001000000000000000101000000000000000000000000000000000000000000000000000000000100000000000000000000000000000100010000101000000000000000000000000000000000000000000000000000000000000000000000000000000000000000000000000000000000000000000000000000
000000000000000000110000000000011000000000101000000000000110110000000000000010000011000000000000000000000000000000000000000000000000000100000000000000000000000000000111110001000100000000000000000000000000000000000000000000000000000001000000011000000000000000000000000000000000000000000000000000000000
000000000000000000000000000000100100000000010000000000000100000000000000000000000011000000000000000000000000000000000000000000000000000000000000000000110000000000000001000001000100000000000000000000000000000000000000000000000000000001000000011000000000000000000000000000000000000000000000000000000000
010000000000000000000000000000101000000000000000000000001101010000000000000000000000000000000000000010000000000000000000000000000000000000000000000000110000000000011000000001101100000000000000000000000000000000000000000000000000000001000000000000000000000000000000000000000000000000000000000000000000
101000000000000000110000000000010000000000000000000000001010010000000000000000000000000000000000000101000000000000000000000000000000000000000000000000000000000000000000000000000000000000000000000000000000000000000000000000000001000000000000000000000000000000000000000000000000000000000000000000000000
101000000000000000110000000000000000000000000000000000010001100000000000000000000000000000000000000101000000000000000000000110000000000000000011000000000000000000000000000000000000000000000000000000000000000000000000000000000001000000000000000000000000000000000000000000000000000000000000000000000000
010000000000000000000000000000000000000000000000000000011010010000000000000000000000000000000000000010000000000000000000000110100000000000000011000000001110000000000000000000000000110011000000000000000000000000000000000000000001000000010000000000000000111000000000000000000000000000000000000000000000
000000000000000000000000000000000000000000000000000000011001100000000000000000000000000000000000000000000000000000000000001000100000000000000000000000001001000000000000000000000000110011000000000000000000000000000000000000000000000000101000000000000000000000000000000000000000000000000000000000000000
000000000000000000000000000000000000000000000000000000000000000000000000000000000000000000000000000000000000000000000000001010110000000000000000000000100001000000000000000000000000000000000000000000000000000000000000000000000000011100101000000000000010000010000000000000000000000000000000000000000000
000000110000000000000000000000000000000000000000000000000000000000000000000000000000000000000000000000011000000000000000000000111000000000000000000000000100000000000000000000000000000000000000000000000000000000000000000000000000000000010000000000000010000010000000000000000000000000000000000000000000
000000110000000000000000000000000000000000000000000000000110000000000000000000000000001100000000000000011000000000000000000100000100000000000001100001000010010000000000000000000000000000000000000000000000000000000000000000000000000000000000011000000010000010000000000000000000000000000000000000000000
000000000000000000000000000000000001110000000000000000010010000000000000000000000000001100000000000000000000000000011000000010000100000000000010000000000001010000000000000000000000000000000000000000000000000000000000000000000001000000000000011000000000000000000000000000000000000000000000000000000000
000000000000000000000000000000000000000000000000000000010110000000000000000000000000000000000000000000000000000000011000000001000100000000000010001000101000000000000000000000000000000000000000000000000000000000000000000000000010100000010000000000000000111000000000000000000000000000000000000000000000
000000000000000000000000000000000000000000000000000000001000100000000000000000000000000000000000000000000000000000000000000000111000000000000010001100011000000000000000000000000000000000000000000000000000000100000000000000000100100000010000000000000000000000000000000000000000000000000000000000000000
000000000000000000000000000000000000000000000000000000000001010000000000000000000000000000000000000000000000000000000000000000000000000000000001100100000000000000000000000000000000000000011100000000000000001010000000000000000011000000010000000000000000000000000000000000000000000000000000000000001000
000000000000000000000000000000000000000000010000000000000001001000000000000000001110000000000000000000000000000000000000000000000000000000000001100000000000000000001000000000100000000000000000000000000000000100000000000000000000000000000000000000000000000000000000000000000000000000000000000000010100
000000000000000000000000000000000000000000110000000000000000110000000000000000000000000000000000000100100000000000000000000000000000000000000000110000000000000000010100000001010000000000000101000000000000000000000000000000000000000111000111000000000000000000000000000000000000000000000000000000010100
000000000000000000000000000000000000000000110000000100000000000000000000000000000000000000000000001000000000000000000000010000000000000000000000110100000000000000010100000001010000000000000011000000000000000000000000000000000000000000000000000000000000000000000000000000000000000000000000000000001000
000000000000000000000000000000000000000000100000001010000000000000000000000000000000000000000000001001011000000000000000010000000000000000000000011100000000000000001000000000100000000000000011100011000000000000000000000000000000000000010000000000000000000000000000000000000000000000000000000000000000
000000000000000000000000000000000011000000000000000110000000000000000001000000000000000000000000000000000000000000000000010000000000000000000000000000000000000000000000000000000000000000000000111100100000000000000000000000000000000000010000000000000000000000000000000000000000000000000000000000000000
000000000000000000000000000000000011000000000000000000000000000000000010100000000000001110000000001110111000000000000000000000000000100000000000000000000000000000000000000000000000000001010000011111000000000000000000000000000000000000010000000000000000000000000000000000000000000000000000000000000000
000000000000000000000000000000000000000000000000000000000000000000000010100000000000000000000000001001100000000001110000000000101010110000000000000000000000000000000000000000000000000001010000010000000000000000000000000000000000000000000000000000000000000000000000000000000000000000000000000000000000
000000000000000000000001000000000000000000000000000000000000000000000001000000000000100000100000000011100000000000000000000000010000100000000000001100000000000000000000000000000000000000110001100000000000000000000000000000000000000000000000000000000000000000000000000000000000000000000000000001100000
000000000000000000000001000000000000000000000000000000000000000000000000000000000000100000100000000011000000000001010000000000110011000000000000001100000000010000000000000000000000000000000001100000000000000000000000000000000000000000000000000000000000000000000000000000010000000000000000000001100000
000000000000000000000001000000000000000000000000000000000000000110000000000000000000100000100000000001100000000000100000000000001100000000000000000000000000101000000000000000000000000000000000000000000000000000000000000000000000000000000000000000000000000000000000000000101000000000001110000000000000
000000000000000000000000000000000000000000000100000000000000000110000000000000000000000000000000000000000000000000000000000000000000000000000000000000000000101000000000000000000000000000000000000000000000000000000000000000000000000000000000000000000000000000110000000000101000000000000000000000000000
000000000000000000011100000000000000000000001010000000000000000000000000000000000000001110000000000011000000000000000000000000000000000000000000000000000000010000000000000000000000000000000000000000001000000000000000000000000000000000000000000000000000000001001000000000010000000000000000000000000000
000000000000000000000000000000000000000000000110000111000111000000000000000000000000000000000000000101000000001100000000000000000000000000000000000000000000000000000000000000000000000000000000000000001000000000000000000000000000000000000000000000000000000000110000000000000000000000000000000000000000
000000000000000000000000000000000000000000000000000000000000000000000000000000000000000000000000001001000000010110000000000000000000011100000000000000000000000000000000000000000000000000000000000000001000000000000000000000000000000000000000000000000000000000000000001100000001100000000000000000000000
000000000000000000000011000000000000011000000000000000010000000000000000000000000000000000000000000100100000010010111000000000000000110010000000000000000000000000000000000000000000000000000000000000000000000000000000000000000000000000000000000000000000000000000000010010000001100000000000000000000000
000000000000011100000011000000000000100100000000000000010000000000000000000000000000000000000000000011000000000111100100000000000011010000000000000000000000000000000000000000000000011000000000000000000000000000000000000000000000000000000000000000000000000000000000001100000000000000000000000000000000
000000000000000000000000000000010001001000000000000000010000000000000000000000000000000000000000000000000000000001100010000000000000010100000000000110000000000000000000000001110000011000000000000000000000000000000000000000000000000000000000000000000000000000000000000000000000000000000000000000000000
000000000000000000000000000000010000110000000000000000000000100000000000000000000000000000000000000000000000000001101000000000000100010100000000000110000000000000000000000001110000000000000000000000000000000000000000000000000000000000000000000000000000000001100000000000000000000000000000000000000000
000000000000000000000000000000010000000000000000000000000000100000000000000000111000000000000000000000000000000001101101000000000000001000000000000000000000000000000000000000100000000000000000000000000000000000000000000000000000000000000000000000000000000001100000000000110000000000000000000000000000
000000000000000000000000000000000000000000000000000000000000100000000000000000000000000000000000000000000000000000100001100000000000001000000000000000000000000000000000001010001100000000110000000000000000000000000000000000000000000000000000000000011000000000000010000000110000000000000000000000000000
000000000000000000000000000111000111000000000000000000000000000000000000000000000000000000000000000000000000000000011101000000000001010000000000000000000000000000000000000010011010001110101000000000000000000000000000000000000000000000000000011000010100000000000101000000000000000000000000000000000000
000000000000000000000000000000000000000000000000000000001110001110000000000000000000000000000000000000000000000000001110000000000000100000000000000000000000000000000000010001101000000100001000000000000010100000000000000000000000000000000000100100001000000000001010000000000000000000001100000000000000
000000111000000000000000000000010000000000000000000000000000000000000000000000000110000000000000000000000000000000000000000000000000000000000000000000000000000000000000011011101010000010000100000000001000100000000000000000000000000000000000101000000000000000001100000000000000000000001100000000000000
000000000000000000000000000000010000000000000000000000000000100000000000000000001100000000000000000000000000000000000000000000000000000000000000000000000000000000000000000100101010000010011000000000011000110000000000000000000000000000000000010000000000000000000000000000000000000000000000000000000000
000010000010000000000000000000010000000000000000000000000000100000000000000000000000000000000000000000000000000000000000000000111000010000000000000000000000000000000000000011010010000000110000000000001010000000000000000000000000000000000000000000000000000000000000000000000000011000000000000000000000
000010000010000000000110000000000000000000000000000000000000100000000000000000000000000000000000000000000000000000000000000001001000010000000000000000000000000000000000000011001110000100000000000000000100110000000000000000000000000000000000000000000000000000000000000000000000011000000000000000000000
000010000010000000000110000000000000000000000000000000000000000000000000000000000000000000000000000000000000000000000000000001000100101000000000000000000000000000000000000000000000001010000000000000000011100000000000000000000000000000000000000000000000000000000000000000000000000000000000000000000000
000000000000000000000000000000000000000000000000000000000000000000000000000000000110000000000000000000000000000000000000000001100100000000000000011100000000000000000000000000000000001010000100000000000001000000000000000000000000000000000000000000000000000000000000000000000000000000000000000000000000
000000111000000000000000000000000000000000000000000000000000000000000000000000000110000000000000000000000000000000000000000000011100100100000000000000000000000000000000000000000000000100001010000000000000001110000000000000000000000000000000000000000000000000000000000000000000000000000000001000000000
000000000000000000000000000000000000000000000000000000000000000000000000000000000000000000000000000000000000000000000000000000011000011000000001000001000000000000000000000000000000000000001010000000000000000000000000000000000000000000000000000000000000001100000000000000000000000000000000010100000000
001000000000000000000000000000000000000000000000000000000011000000000000000000000000000000000000000000000000000000000000000000000100010000000001000001000000000000000000110000000000000000000100000000000000000000000000000000000000000000000000000000000000001100000000000000000000000000000000010100000000
001000000000000000000000000000000000000000000000000000000011000000000000100000000000000000000000000000000000000000000000000000000110100000000001000001000000000000000000110000010000000000000000000000000000000000000011000000000000000000000000000000000000000000000000000000000001000000000000001000000000
001000000000000000000000000000000000000000000000000000000000000000000001110000000000000000000001110000000000001100000110000000000100100000000000000000000000000000000000000000010000000000000000000000000000000000000100100000000000000000000000000000000000000000000000000000000001000000000000000000000000
000000011000000000000000000000000110000000000000000000000000000000000001011000000000000000000010001000000000010010000110000000000011100000000000011100000000000000000000000000010000000000000000000000000000000000000011000000000000000000000000000000000000000000000000000000000001000000000000000000000000
000000100100000000000000000000000110000000000000000000000000000000000001110000000000000000000100000100000000010100000000000000000000000000000000000000000000000000000000000000000000000000000000000000011110000000000000000000000000000000000000000000000000000000000000000000000000000000000000000000000000
000000010100000000000000000000000000000000000000000000000000000000000001101000000000000000000100000100000000001000000000000000000000000000000000000000000000000000000000000000000000000000000000000000000010000000000000000000000000000000000000000000000000000000000000000000011100011100000000000010000000
000110001000000000000000000000000000000000000000000000000000000001000001001000100000000000000100000100000000000000000000000000000000000000000000000000000000000000000000010000000000000000000000000000011100000000000000000000000000000000000000000000000000000000000000000000000000000000000110000101000000
000110000000000000000000000000000000000000000000000000000000000011100000111000100000000000000010001000111000000000000000000000000110000000000000000000000000000000000000101000000000000000000000111110010100000000000000000000000000000000000000110000000000001000000000000000000001000000000110000101000000
000000000000000000000000000000000000000000000000000000000000000010010000000000001000000000000001110000000000000000000000000000000110000000000000000000000000000000000000101000000000000000000001000010001100100000001110000000000000000110000000110000000000010100000000000000000001000000000000000010000000
000000000000000000000000000000000000000000000000000000000000000011001000000000000100000000000000000010000000000000000000000000000000000000000000000000000000000000000000010000000000000000000001110110000001000000000000000000000000000110000000000000000000101000000000000000000001000000100000000000000000
000000000000000000000000000001110000000000000000000000110000000001110000001100010010000000000000000010000000000000000010000000000000000000000000000000000000000000000000000000000000000000000011001000000101000000000000000000000000000000000000000000000000110000000000000000000000000000100000000000000000
000000000000000000000000000000000000000000000000000001101000000110010000001000100100000000000000000010000000000000000010000000001000000000000000000000000000000000000000000000000000000000000111110000000000000000000000000000000000000000000000000000000000000000000000000000000000000000100000000000000000
000000000000000000000000000000000000000000000000000000100100000100100000000100100100000000000000000000000000010000000010000000010100000000000000000000000000000000000000000000000000000000001010000000000000000000000000000000000000000000000000000000000000000000000000000000000000000000000000000000000000
000000000000000000000000000000000000000000000000000000000010000010000000001100010000000000000000000000000000111000010000000000001000000000000000000000000000000000000000000000000000000000000111000000000000000000000000000000000000000000000000000000000000000000000000000000000000000000000000000000000000
000000000000000000000000000000000000000000000000000000000100000000001000000000000000000000000000000000000001000000101000000000000000000000000000000000000000000000000000000000000000000000000111000000000000000000000000000000000000000000000000000000000000000000000000000000000000000000000000000000000000
000000000000000000000011000000000000000000000000010000001000111000000000011000000000000000000000000000000001000000010000000000000000000000000000000000000000000000000000000000000000000000000000000000000000000001110000000000000000011100000110000000000000000000000000000000000000000000011000000000000000
000000000000000000000011000000011000000000000000111000000000111000000001010000000000000000000000000000111010010100000000000000001000000000000000000000000000000000000000000000000000000000000000000000000000000000000000000000000000000000000110000000000000000000000000000000000000000000011000000000000000
000000000000000000000000000000011000000000000000111000000010000100000010010000000000000000000000000000111011111000000000000000010100000000000000000000000000000000000000000000000000000000000000000000000010100000000000000000000000000000000000000000000000000000000000000000000000000000000000000000000000
000000000000000000011000000000000000000000000000110000000010010110000000110000111000000000000000000010110000000000000000000000010100000000000000000000000000000000000000000000000000000000000000000000000010001100000000000000000000000000000000000000000000000000000000000000000000000000000000000000000000
000000000000000000100100000000000000000000000000110111000000000000000001000010011000000000000000000111000000000000000000000000001000000000000000000000000000000000000000000000000000000000000000000000000000000011010000000000000000000000000000000000000000000000000000000000000000011000000000000000000000
000000000000000000011000000000000000000000000000110000000110000110100001010110000100000000000000000011011100000000000000000000000000000000001100000000000000000000000000000000000000000000000000000000000000000010011000000000000000001100000000000000000000000000000000000000000000100100000000000000000000
000000000000000000000000000000000000000000000000000000001100010010110011111110100010000000000000001100011000000000000000000000000000000000001100000000000000000000000000000000000000000000000000000000000000100011011100110000000000001010000000000000000000000000000000000000000000010100000000000000000000
000000000001100000000000000000000000000000000110000000001101000001100110001100000100000000000000001100010000000000000000000000000000000000000000000000000000000000000000000000000000000000000000000011100000010000000100111000000000000110000000000000000000000000000000000000000000001000001000000000000000
000000000001100000000000000000000000000000001101010000000010000000000001010000111000000000000000010010000000000000000000000000000000000000000000000000000000000000000000000000000000000000000000000000000000001111010100010100000000000000000000000000000000000000000000000000000000000000010100000000000000
000000000110000000000000000000000000000000001100001000000000100011110000000000000000000000000000001100000000000000000000000000000000000000000000001000000000000000000000000000000000000000000000000000000000000011010000011000000000000000000000000000000000000000000000000000000000000000100100000000000000
000000000110000000000000000000000000000000000001000100000000111101100000100000000000000000000000000000000000000000000000000000000000000000000000001000000000000000000000000000000000000000000000000000000000000000000000011000000000000000000000000000000000000000000000000000000000000000011000000000000000
000000000000000000000000000000000000000000000001001000000001001010100100100000000000000000000000000000000000000000000000000000000000000000000000001000000000001000000000000000000000000000000000000000000000000000000001101111000000000000000000000000000000000000000000000000000000000000000000000000000000
000000000000000000000000000000000000000000000010100000000001001001001100000000000000000000000000000000000000001100000000000000000000000000000000000000000000001000000000000000000000000000000000000000000000000000000001000111000000000000000000000000000000000000000000000000000000000000000000000000000000
000000000000000000000000000000000000000000000011100000000000110100001100000000000000000000000000000000000000010010000000000000000000000000011000000000000000001000000000000000000000000000000000000000000000000000000001000101000000000000000000000000011000000000000000000000000000000000000000000000000000
001100000000000000000000000000000000000000000001000000000000000000001100000000000000000000000000000000000000001100000000000000000000000000100100000000000000000000000000000000000000000000000000000000000000000000000000000000000000000000000000000000010010000000000000000000000000000000000000000000000000
001100000000000000000011100000000000000000000000000000000000000000011100000000000000000000000000000000000000000000000000000000000000000000011000000000000000000000010000000000000000000000000100000000000000000000100000000000000000000000000000000000100001000000000000000000000000000000000000000000000000
000000000000000000000000000000000001100000000000000000000000000000011000000000000000000000000000000000000100000000000000000000000000000000000000000000000000000000010000000000000000000000001010000000000000000001010000000110000000000000000000000000100001000110000110000000110000000000000000000000000110
000000000000000000000000000000000010010000000000000000000000000000000000000000000000000000000000000000001010000000000000000000000000000000000000000000000000000000010000000000000000000000001010000000000000000000100000000010111000000010000000000000011001000101001001000001001000000000000000000000000110
000000000000000000000000000000000001100000000001110000000000000000000000000000000000000000000000000000001001000000000000000000000000000000000000000000000000000000000000000000000000000000000100000000000000000000000000000000110000000101000000000000000010001010000110000000110000000000000000000000000000
000000000000000000000000000000000000000000000000000000000000000000000000000000000000000000000000000000001010000000000000000000000000000000000000000000000000000000000111000000000000000000000000000000000000000000000000000011010000000101000000000000000000001100000000000000000000000000000000000000000000
000000000000000000000001100000000001100000000000000000000000000000000000000000000000000000000000000000000100000000000000000000000000000011000000000000000000000000000000000000000000000000000000011000000000000000000000000000000000000010000000000000000000010000000000001000000000000000000000000000000000
000000000000000000000001100000000010010000000000000000000000000000000000000000000000000000000000000000000000000000000000000000000000000100100000000000000000000000000000000000000000000011100000100100000000000000000000000000000000000000000000000000000000010100000000010100000000000000000000000000000000
000000000000000000000000000000000001100000110000000000000000000000000000000000000000000000000000000000000000001110000000000000000000000100100000000000000000000000000000000000000111000000011000011000000000000000000000000000000001100000001100000000000000011100000000010100000000000000000000000000000000
110000000000001100000000000000000000000001001000000000000000000000000000000000000000000000000000000000000000010000000000000000000000000011000000111000000000000000000000000000000000000100011000000000000000000000000000000000000010010000010010000000000110000000000000001000000000000000000000000000000000
110000000000001100000000000000000000000000110000000000000000000000000000000000000000000000000000000000000000010010000000000000000000000000000000000000000000000000000000000000000000000100001000000000000000000000000000000000000001100000001100000000000001000000000000000000000000000000000000000000000000
000000000000000000000000000000000000000000000000000000000000000000000000000000000000000000000000000000000000001100000000000000000000000000000000000000000000000000000000000000000000000100110000000000000000000000000000000000000000000000000000000000000000000000000000000000000000000000000000000000000000
000000000000000000000000000000000000110000000000000000000000000000000000000000000000000000000000000000000000000000000000000011000000000000000001000000000000000000000000000000000000000010110000000000000001100000000000000000000000000000000000000000000010000000000000000000000000000000000000000000000000
000000000000000000010000000000000001001000000000000000001100000000000000000000000000000000000000000000000000000000000000000011000000000000000001000000000000000000000000000000000000000000000000000000000001100000000000000000000000000000000000000000010010000000000000000000000000000000000000000000000000
000000000000000000101000000000000000110000000000000000001100000000000000000000000000000000000000000000000000000000000000000000000000000000000001000000000000000000000000000110000000000000000000000000000000000000000000000000000000001000000000000000000000100000000000000000000000000000000000000000000000
000000000000000000101000000000000000000000000000000000000000000000000000000000000000000000000000000000000000000000000000000000000000000000000000000000000000000000000000001110000000110000000000010000000000000000000000000000000110001000000000000000100010100000000000000000000000000000000000000000000000
000000000000000000010000000000000000000000000000000000000000000000000000000000000001100011000000000000000000000000000000000000000000000000000000000000000000000000000011100001000000110000000000010000000000000000000000000000000000010100000000000000100000000000000000000000000000000000000000000000000000
000000000000000000000000000000000000000000000000000000000000000000000000000000000001100100100000000000000000000000000000000000000000000000000000000000000000000000000110100111000000000000000000010000000000000000000000000000000000010000000000000000000101100000000000000000000000000000000000000000000000
000000000000000000000000000000000000000000000000000000000000000000000000000000000000000011000000000000000000000000000000000000000000000000110000000000000000000000001010101000000000000000000000000000000000000000000000000000100000010000000000000000001101100000000000000000000000000000000000000000000000
000000011100000000000000000000000000000000000000000000000000000000000000000000000000000000000000000000000000000000000000000000000000000000110000000000000100000000001010000000000000000000000111000111000000000000000000000001010000000000000000000000000010000000000000000000000000000000000000000000000000
000000000000000000000000000000000000000000000000000000000000000000000000000000000000000000000000000000000000000000000000000000000000000000000000000000001010000000000110000000000000000110000000000000000000000000000000000001001000000000011111100000000000000000000000000000000000000000000000000000000000
000000000001000000000000000000000000000000000000000000000000000000000000000000000000000000000000000000000000000000000000000000000000000000000000000000001010000000000111100000000000000110000000010000000010000000000000000000110101100000010100010000000000000000000000000000000000000000000000000000000000
000000000001000100000000000000000000000000000000000000000000000000000000000000000000000000000000000000000000000000000000000000000000000000000000000000000100000000000001100010000000100000000000010000000010000000000000000000001110100000100000000000000000000000000000000000000000000000000001100000000000
000000000001000100000010000000000000000000000000000000000000000000000000000000000000001110000000000000000000000000000000000000000000000000000000000000000000000000000000000101000001010000000000010000000010000000000000000000001001100000011010000000000000000000000000000000000000000000000001100000000000
000000000000000100000010000000000000000000000000000000000000000000000000000000000000000000000000000000000000000000000000000000000000000000000000000000000000000011000000000101000001010000000000000000000000000000000000000000000111000000001110000000000000000000000000000000000000000000000000000000000000
000000000000000000000010000000000000001100000000000000000000000000000000000000000000000000000000000000000000000000000000000000000000000000000000000000000000000011000001000010000000100000000000000000000001000000000000000000000010000000000100010000000000110000000000000000000000000000000000000000110011
000001000000000000000000000000000000001100000000000000000000000000000000000000000000000000000000000000000000000000000000000000000001000000000000000000000000000000000010100000000000000000000000000000000001000000000000000000000000000000000100000000000000110000000000000000000000000000000000000000110011
000001000000000000000000000000000000000000000000000000000000000000000000000000000000000000000000000000000100000000000000000000000011100000000000000000000000000000000001000000000000000000000000000000000001000000000000000000000000000000000000000000000000000000000000000000000000000000000000000000000000
000001000000000000000000000000000000000000000000000000000000000000000000000000000000000000000000000000001010000000000000000000000110010000110000000000000000000000000000000000000000000000000000000000000000000000000000000000000000000000000010010000000000000000001100000000000000000000000000000000000000
000000000000000000000000000000000000000000000000000000000000000000000000000000000000000000000000000000000110000000000000000000000001011000110000000000000000000110000000000000000000000000000000000000000000011100000000000000000000000000000010100000000000000000001100000000000000000000000001000000000000
000000000000000000000000000000000000000000000000000000000000000000000000000000000000000000000000000000000000000000000000000000000100010000000000000000001100000110000000000000000000000000000000000000000000000000000000000001100000000000000000000000000000000000000000000000000000000000000001000000000000
000000000000000000000000000000000000000000000000000000000000000000000000000000000000000000000000000000000000000000000000000000000100010000000000000000010010000000000000000000000000000000000000000000000000000000000000000001100000000000000000000000000000000000000000110000000000000000000001000000000000
000000000000000001100000000000000000000000000000000000000000000000000000000000000000000000000000000000000000000110000000000000111001100000000000000000001100000000000000000000000000000000000000000000000000000000000000000000000000000000000000000000000000000000000000110000000000000000000000000000000000
000000000000000001100000000000000000001100000000000000000000000000000000000000000000000000000000000000000000000110000000000000110100000000000000000001000000000000000000000000000000000000001100000000000000000000000000000000000000000000000000000000000000000000000000000000000000000000001000000000000000
000000000000000000000000000000000000001100000000000000000000000000000000000001100000000000000000000000000000000000000000000000100010110000000000000010100000000000000000000000000000000000001100000000010000000000000000000000000000000000000000000000000000000000000000000000000000000000001000000000000000
000000000000000000000000000000000000000000000001000000000000000000000000000010010000000000000000000000000000000000000000000000001101011000000000000010100000000000000000000000000000000000000000000000101000000000000000000000000011000010000000000000000000000000000000000000000000000000001000000000000000
000000000000000000000000000000000000000000000010100000000000000000000000000010100000000000000000000000000000000000000000000000010100010000000000000001000000000000000000000000000000000100000000010000110000000000000000000000000000100101000000000000000000000000000000000000000000000000000000000001000000
000000000000000000000000000000000000000000000010100000000000000000000000000001000000000000000000000000000000000000000000000000000000000000000000000000000000000000000000000000000000001001000000010000000000000000000000000000000100000010000000000000000000000000000000000000000000000000000000000010100000
000000000000000000000000000000000000000000000001000000000000000000000000000000000000000000000000000000000000000000000000000000000000000000000000000000000000000000000000000010010000010001110000010000000000000000000000000000000011000000000000000000000000000000000000000000000000000000000000000010100000
000000000000000000000000000000000000000000000000000000000000000000000000000000000000000000000000000000000000000000000000000000000000010000000000000000000000000000000000000100011001000001100000000000000000000000000000000000100000000000000000000000000000000000000000000000000000000000000000000001000000
000000000000000000000000000000000000000000011000000000000000000000000000000000000000000000000000000000000000000000000000000000000000000000000000000000000000000000000000000100010000001001010111000000000000000000000000000000100000000000000000000000000000000000000000000000000000000000000000000000000000
000000000000000000000000000000000000000000100100000000000000000000000000000000000000000000000000000000000000000000000000110000000000000000000000000000000000000000000000000100010001011000110000001000000000000000000000000000100000000000000000000000000000000000000000000000000011000001100000000000000000
000000000000000000000000000000000000000000011000000000000000000000000000000000000000000000000000000000000000000000000000110000000000000000000000000000000000000000000000000010010000000001000000001000000000000000000000000000010000000000000000000000000000000000000000000000000011000001100000000000000000
000000100000000000000000000000000000000000000000000000000011000000000000000000000000000000000000000000000000000000000000000000000000000000000000000000000000000000000000000000100000000001000011011000000000000000000000000000010000000000000000000000000000000000000000000000000000000000000000000000000000
000001010000000000000000000000000000000000000000000000000011000000000000000000000000000000000000000000000000000000000000000000000000000000000000000000000000000000000000000000000000000001001000000000000000000000000000000000101000000000000000000000000000000000000000000000000000000000000000000000000000
000001010000000000000010000000000000000000000000000000000000000000000000000000000000000000000000000000000000000000000000000000011000000011000000000000000000000000000000001100000000000000000000000000000000000000000000000000000000000000000000000000000000000000000000000000000000001100000000000000000000
000000100000000000000010011100000000000000000000000000000000000000000001100000000000000000000000000000000000000000000000000000100100000100100000000000000000000000000000001010000000000000000000000000110000000000000000000001100000000000000000000000000000000000000000000000000000010010000000000000000000
000000000000000000000010000000000000000000000000000000000000000000000001100000000000000000000000000000000000000000000000000000011000000011000000000000000000000000000000000100000000000000000000000000110000000000000000000000000000000000000000000000000000000000000000000000000000001100000000000000011000
000000000000000000000000000000000000000000000000000000000000000000000000000000000000000000000000000000000000000000000000000000000000000000000000000000000000000000000000000000000000000000000000000000000000000000000000000001100000000000000000000000000001000000000000000000000000000000000000000000011000
000000110000000000000000000000000000000000000000000000000000000000000000000000000000000000000000000000000000000110000000000000000000100000000000000000000000000000000000000000000000000000000000000000000000000000000000000000000000000000000000000000000000010000000000000000000000000000000000000000000000
000000110000000000000000000000000000000000000000001100000000000000000000000000000000000000000000000000000000001001000000000000000001010000000000000000000000000000000000000000000000000000000000000000000000000000000000000000000000000010000000000000000001111000000000000000000000000000000000000000000000
000000000000000000000000000000000000000000000000001100000000000000000000000000000000000000000000000000000000000101000000000000000001010000000000000000000000000000000000000000000000000000000000000000000000000000000000000000000000000101000000000000000011111100000000000000000000000000000000000110000000
000000000000000000000000000000000000000000000000000000000000000000000000000000000000000000000000000000000000000010000000000000000000100000000000000100000000000000000000000000000000000000000000000000000000000000000000000000000000000101000000000000000000000010000000000000000000000000000000000110000000
000000000000000000000000000000000000000000000000000000000000000000000000000000000000000000000000000000010000000000000000000000000000000010000000000100000000000000000000000000000000000000000000000000000000011000000000000000000000000010000000000000000110000110000000000000000000000000000000000000000000
000000000000000000000000000000000000000000000000000000000000000000000000000000000000000000000000000000101000000000000000000000000000000101000000000100000000000000000000000000001100000000000000000000000000011000000000000000000000000000000000011000000110000000000000000000000000000000000000000000000000
000000000000000000000000000000000000000000000000000000000001110000000000110000000000000000000000000000100100000000000000000000011000000101000000000000000000000000000000000000001100000000000000000000000000000000000000000000011000011000001100011000000110000000000000000000000000000000000000000000000000
000000000000000000000000000000000000000000000000000000000000000000000001000000000000000000110000000000011000000000000000000000100100000010000000000000000000000000000000000000000000000000000000000000000000000000000000000000011000011000010010000000000000000000000000000000000000000000000000000000000000
000010000000000000000000000000000000000000000000000000000000000000000001110011000000000000110000000000000000000000000000000000100100000000000000000110000000000001100000000000000000000000000000000000000000000000000000000000000000000000001100000000000000000000000000000000000000000000000000000000000000
000101000000000000000000000000000000000000000000000000000000000000000000000100000000000000000000000000000000000000000000000000011000000000000000001001000000000001010000000000000000000000000000000000000000000000000000000000000000000000000000000000000000000000000000000000000000000000000000000000000000
000110000000000000000000000000000001000000000000000000000000000000011000011010100000000100000000000000000000000000000000000000000000000000000000000110000000000000100000000000110000000000000000000000000000000000000000000000000000000010000000000000000001100000000000000000000000000000000000000000000000
000000000000000000001100000000000010100000000000000000000000000000111000011000100000001010000000000000000000000000000000000000000000000000000000000000000000000000000000000000101000000000000000000000001100000000000000000000000000000101000000000000000000000000000000000000000000000000000000000110000000
000000000000000000010010000000000010010000000000000000000000000001100000010001000000000100000000000000000000000000000000000000000000000000000000000000000000000000000000000000010000000000000000000000001100000000000000000000001000000101000000000000000010010000000000000000000000000000000000000110000000
000000000000000000001100000000000001100000000000000000000000000011100000001001000000000000000000000000000000000000000000000000000000000000000000000000000000000000000000000000000000000000000000000000000000000000000000000000000100000010000000000000111010100000000000000000000000000000000000000000000000
000000000000000000000000000000000000000000000000000000000000000001011000000100000000000000000000000000000011000000000000000000000000000000000000000000000000000001100000000000000000000000000000000000100000000000000000000000011100000000000000000001001000100000000000000000000000000000000000000000000000
000000000000000000000000000000000000000000000000000000000000000000110000000000000000000000000000000000000100100000000000000000000000000000000000000000000000000001100000000000000000000000000000000001010000000000000000000000000000000000000000000010000010010000000000000000000000000000000010000000000000
000000000000000000000000000000000000000000000000000000000000000000000000000000000000000000000000000000000011000000000000000000000000000000000000000000000000000000000000000000000000000000000000000001010000000000000000000000000000000000000000000010001000110000000000000000000000000000000101000000000100
000000000000000000000000000000000000000000000000000000000000000000000000000000000000000000000000000000000000000000000000000000000000000000000001110000000000000000000000000000000000000000000000000000100000000000000000000000000000000000000000000001111000100000000000000000011100000000000101000000001010
000000000000000000000000000000000000000000000000000001100000000000000000000000000000000000000000000000000000000000000000000000000000000000000000000000000000000000000000000000000000000000000000000000000100000001000000000000000000000000000000000000000000000001100000000000000000000000000010000000001001
000000000000000000000000000000000000000000000000000001100000000000000000000000000000000000000000000000000000000000000000000000000000000000000000000000000000000000000000000000000000000000000000011000001010000001000000000000000000000000000000000000000000000001100000000001000001000000000000000000000110
000000000000000000000000000000000000000000000000000000000000000000000010000000000000000000000000000110000000000000000000000000000000000000000000000000000000000000000000000000000000000000000000100100001001000001000000000000000000000000000000000000000000000000000000000001000001000000000000000000000000
000000000000000000000000000000000000000000000000000000000000000000000010100000000000000000000000000110000011000000000000000000000000000000000000000000000000000000000000000000000000000000000000011000010001000000000000000000000000000000000000000000000000000000000000000001000001000000000000000000000000
000000000000000000000000000000000000000000000111000000000000000000011010010000110000000000000000000000000011000000000000000000000000000000000000000000000000000000000000000000000000000000000000000000011111000000011100000000000000001100000000000000000000000000000000000000000000000000000000000000000000
000000000000000000000000000000000000000000000101000000000000001000101110000000110000000000000000000000000000000000000000000000000000000000000000000000000000000000000000000000000000000000000000000000010010000000000000000000000000001100000000000000000110000000000000000000011100000000000000000000000000
000000010000000000000000000000000000000000010001000000000000011100000000010000000000000000000000000000000000000000000000000000000000000000010000000000000000000000000000000000000000000000000000000000000100000001000000000000000000000000000000000000000110000000000000000000000000000000000000100000000000
000000010000000110000011000000000000000000000100000000000000100100000000100000000000000000000100000000000000000000000000000000000000000000010000000000000000000000000000000000000000000000000000000000011000000001000000000000000000000000000000000000000000000000000000000000000000000000000000100000000000
000000010000000011000110000001110000000000100100000000000000001000100001000000000000000000001010000000000000000000000000000000000000000000010000000000000000000000000000000000000000000000000000000000010000000001000000000000000000000001110000000000000000000000000000000000000000000000000000100000000000
000000000000010010101010010000000000000001110000000000000000001000000101000000000000000000001100000000000000110000000000000000000000000000000000000000000000000000000000000000000000000000110000000000000000000000000000000000000000000000000000000000000000000000000000000000000000000000000000000000000000
000000000000011101101101110000000000000000000000000000000010010001000010000000000000000000000000000000000000110000000000000000000000000000000000000000000000000000000000000000000000000001001000000000000000000000000000000000000000000000000000000000000000000000001100000000000000000000000000000000000000
000110000000001010101010100000000000000000000000000000000001000000011100000000000000000000000000000000000000000000000000000000000000000000000000000000000000000000000000000000000000000001001000000000000000000000110000000000000000000000000000000000000000000000001100000000000000000000000000000000000000
000110000000000111000111000000000000000000000000000000000000100000001000000000000000000000000000000000000000000000000000000000000000000000000000000000000000000000000000000000000000000000110000000000000000000000110000000000000000000000000000000000000000000000000000000000000000000000000000000000000000
