300 300
000000000000001100001000000000000000000000000000000000000000000000000000000000000000000010110110000000000000000000000000000000000000000000010000000001000000000000000000000000000000000001000000000000000000000000000000000000000000000000000000000000000000000000000000000000000000000000000010000000000000
000000000000010010001000000000000000000000000000000000000000000000000000000000000000000010000000000000000000000000000000000000000000000000100000000011100000000000000000000000000000000010100000111000000000000000000000000011100000000000001100000000000000000000000000000000000000000000000010000000000000
000000000000001100001000000000000000000000000000000000000000000000000000000000000000000010000001100000000000000000000000000000000000000000110000100000110000000001000000000000000000000100100000100010000000000000000000000000000000000000010010000000000000000000000000000000000000000000000010000000000000
000000000000000000000000000000000000000000000000000000000000000000000110000110000000000010001100100000000000000000000000000000000000000000011000110000100011000110110000100000000000000011000000011110000000000000000000000000000000000000010100000000000000000000000000000000000000000000000000000000000000
000000000000000000000000000000000000000000000000000000000000000000001001000110000000000011110110100000000000000000000000000000000000000000010100010001000100000000000000100000000000000000000000000100000000000000000000000000000000000000001000000000000000000000000000000000000000000000000000000000000000
000000000000000000000000000000000000000000000000000000000000000000000110000000000000000001000011000000000000000000000000000000000000000000001100000000000100100110000000100000000000000000000111000000000000000000000000000000000000000000000000000000000000000000000000000000000000000000000000000000000000
000000000000000000000000000000000000000000000000000000000000000000000000000000000000000000000000000000000000000000000000000000000000000000000010010100000000000011101000000000000000000000000111000000000000000000000000000000000000000000000000000000000000000000000000000000000000000000000000000000000000
000000000000000000000000000000000000000000000000000000000000000000000000000000000000000000000000000000000000000000000000000000000000000000000000111100000010000110010000000000000000000000000000000000000000000000000001100000000000000000000000000000000000000000000000000000000000000000000000000000000000
000000000000000000000000000000000000000000000000000000000000000000000000000000000000000000000000000000000000000000000000000000000000000000000000000111000010010000000000000000000000000000000101101000000000000000000001100000000000000000000000000000000000000000000000000000000000000000000000000000011000
000000000000000000000000000000000000000000000000000000000000000000000000000000000000000000000000000000000000000000000000000000000000000000000000000111000000000001000000000000000000000000000000010111100000000000000000000000000000000000000000000000000000000000000000000000000000000000000000000000011000
000000000000000000000000000000000000000000000000000000000000000000000000000000000000000000000000000000000000000000000000000000000000000000000000000011101000000000000000000000000000000000000000000111100000000000000000000000000000000000000000000000000000000000000000000000000000000000000000000000000000
000000000000000000000000000000000000000000000000000001000110000000000000000000000000000100000100000000000000000000000000000000000000000000000000000000100000010000000000000000000000000000110010001000000000000000000000011000000000000000000000000000000000000000000000000000000000000000000000000000000000
000000000000000000000000000000000000000000000001000111001110000000000000000000000000001000001000000000000110000000000000000000000000000000000000000000000000001100000000000000000000000000110001110000000000000000000000011000000000000000000000000000000000000000000000000000000000000000000000000000001100
000000000000000000000000000000000000000000000010100000001000000000000000000000000000001000001000000000000110000000000000000000000000000000000000000000000000000000000000000000000000000000000000000000000000000000000100000000000000000000000000000000000000000000000000000000000000001100000000001000001100
000000000001100011000000000000000000000000000010010010010000000000000000000000000000000101100000000000000000000000000000000000000000000000000000000000000000000000000000000000000000000000000000000000000000000000000100000000000000000000000000000000000000000000000000000000000000001100000000001000000000
000000000001100011000000000000000000000000000000100010010000000000000000000000000000000010000000000000000000000000000000000000000000000100000000000000000000000000000010000000000000000000000000000000000000000000000100000000000011100000000000000000000000000000000000000000000000000000000000001000000000
000000000000000000000000000000000000000000110000000000100000000000000000000000000000000000000000000000000000000000000000000000000000001010000000001110000000000000000101000000000011100000000000000000000000000000000000000000000000000000000000000000000000000000000000000000000000000000000000000000000000
000000000000000000001100000000000000000000110000000000000000000000000000000000000000000000000000000000000000000000000111000000000000000110000000000000000000000000000110000000000000000000010000000000000000000000000001110000000000001000000000000000000000000000000000000000000000000000000000000000000000
000000011000000000010010000000000000000000000000000000000000000000000000000000000000000000000000000000000000000000000000000000000000000000000000000000000000000000000000000000000000000000101000000000000000000000000000000000001100001000000000000000000000000000000000000000000000000000000000000000000000
000000011000000000001100000000000000000000000000000000111010000000000000000000000000000000000000000000000000000000000000000000000000000000000000000000000000000000000000000000000000000001001000000000000000000000000000000000001100001000000000000000000000000000000000000000000000011100000000000000000000
000110000000000000000000000000000000000000000000000001011010000000000000000000000000000010000000000000000000000000000000000001110000000000000000000000000000000000000000000000000000000011010000000000000000000000000000000000000000000000000000000000000000000000000000000000000000000000000000000000000000
001001000000000000000000000000000000110000000000000011001000001011000000000000000000010001000000000001000000000000000000000000000000000000000000000000000000000000000000000110000000000011100000000000000000000000000000000000000000000000000000000000000000000000000000000000000001000001000000000000000000
000110000000000000000000000000000000110000000000001101011000011100100001100000000000010001000000000001101110000000000000000000000100000001100000000000000000000000000000000110000000000001101100000000000000001000001100000000000001100000000000000000000000000000000000000000000001000001000000000000000000
000000000110000000110000000000000000000000000000001100011000100000100010010000000000001010000000000010001011000000000000000000000100000001100000000000000000000000000000000000000000000000001100000000000000011100001100000000000001100000000000000000000000000000000000000000000001000001000000000000000000
000000000110000000110000000000000000000000000000010001100001111101100001010000000000000000000000000000101000000000000000000000000100000000000000000000000000000000000000000000000000000000001100000000000000110010000000000000000000000000000000000000000000000000000000000000000000000000000000000000000000
000000000000000000000000000000000000000000000000001101000001000100000000100000000000000000000000000000001100000000000000000000000000000000000000000000000000000000000000000000000000000000000000000000000000101100000000000110000000000000100000000000000000000000000000000000000000011100000000000000000000
000000000000000000000000000000000000000000000000001001000010010000000000000000000000001000000000000000011100000000000000000000000000000000000000000000000000000000000000000000000000000000011100000000000001011001000000000011000000000001010000000000000000000000000110000000000000000000000000000000000000
000000000000000000000000000000000000000000000000000111111001010000011000000000000000001000000000000000001000000000000000000000000000000000000000000000000000000001110000000000000000000000010000000000000011010101000000000111000000000001010000000000000000000000000110000000000000000000000000001110000000
000000000000000000000000000000000000000000000000000001110000000000011000000000000000000000000000000000000000000000000000000000000000000000000000000000000000000000000000000000000000000000000000000000000011010001000000000110000000000000100000000000000000000000000000000000000000000000000000000000000000
000000000000000000000000000000000000000000000000000000100000000000000000000000000000000000000000000000000000000000000000000000000000000000000000000000000000000100000100000000000000000000000000000000000000110000000000000000000000000000000000000000000000000000000000000000000000000000000000000000000000
000000000000000000000000000000000000000000000000000000000000000000000000000000000000000000000000000000000000000000000000000010000000000000000000000000000000000100000100000000000000000000000000000000000000110100000000000010000000000000000000000000000000000000000010000000000000000000000000000000000000
000000000000000000000000000000000000000000000000000000000000000000000000000000000000000000000000000000000000000000000000000101000000000000000000000000000000000100000100000000000000000000000000000000001110001100000000000000000000000000000000000000000000000000000010000000000000000000000000000000000000
000000000000000000000000000000000000000000000000000000000000000000000000000000000000000000000000000000000000000000000000000010000000000000000000000000000000000000000000000000000000000000000000000000010001000111000000000000010010000000000000000000000000000000000010000000000000000000000000000000000000
000000000000000000100000000000000000000000000000000000000000000000000000000000000000000000000000000000000000000000000000000000000000000000000000000000000000000001110000000000000000000000000000000000010001000101000000000001000001000000000000000000000000000000000000000000000000000000000000000000000000
000000000000000001010000000000000000000000000000000000000000000000000000000000000000000110000000000000000000000000000000000000000000000000000000000000000100011100000000000000000000000000000000000000010001000101000000000001010000111000000000000000000000000000111000111000001100000000000000000000000000
000000000000000001001000000000000000000000000000000000000000000000000000000000000000001001000100000000000000000000000000000000000000000000000000000000000010100100000000000000000000000000000000000000001110000100000000000000010001000100000000000000000000000000000000000000001100000000000000000000000000
000000000000000000110000000000000000000000000000000000000000000000000000000000000000000101001010000000000000000000100000000000000001000000000000000000000010100100000000000000000000000000000000000000000000001001000110000000001111110000000000000000000000000000000010000000000000000000000000000000000000
000000000000000000000000000000000000000000000000000000000000000000000000000000000000000010001010000000000000000001010000000000000010100000000000000000000110001100000000000000000000000000000000000000000000001001001001000000001000000000000000000000000000000000000010000000000000000000000000000000001100
000000000000000000000000000000000000000000000000000000000000000000000000000000000000000000000100000000011000000000100000000000000010100000000000000000000011100000000000000000000000000000000000000000000000000001100110000000000000000000000000010000000000000000000010000000000000000000000000000000001100
000000000000000000000000000000000000000000000000000000000000000000000000000000000000000000000000000000011000000000000000000000000001000000000000000000000001101100000000000000000000000000000000000000000000001100000000000000000000000000000000010000000000000000000000000000000000000000000000000000000000
000000000000000000000000000000000000000000000000000000000000000000000000000000000000000000000000000000000000000000000000000000000000000000000000000000000000000010000000000000000000000010100110000000000000001110000000000000000000000000000000010000000000000000000000000000000000000001110000000000000000
000000000000000000000000000110000000000000000000000000000000000000000000000000000000000000000000000000000000000000000000000000000000000000000000000000000000011100000110000000000000000100010111000000000000000000000000000000000000000000000000000000001100000000000000000000000000000010001000000000000000
000000000000000000000000001001000000000000000000000000000000000000000000000000000000000000000000000000000000000000000000000000000000000000000000000000000000011100000110000000000000000010000001100000000000000000000000000000000000000000000000000000001100000110000011000000000000000010000100000000000000
000000000000000000000000000101000000000000000000000000000000110000000000000000000000000000000000000000000000000000000000000000000000000000000000000000000000000000000000000000000000000001111101000000000000000000000000000000000000000000000000000000000000000110000011000000000000000110100110000000000000
000000000000000000000000000010000000000000000000011000000000110000000000000000000000000000000000000000000000011100111000000000000000000000000000000000000000000000000000000000000000000000011110000000000000000000000000000000000000000000000000000000000000000000000000000000000000011000000110000000000000
000000000000000000000000000000000000000000000000011000000000000000000000000000000000000000000000000000000000000000000000000000000000000000000000000000000000000000000000000000000000000000001000000000000000000000000001100000000000000000000000000000000000000000000000000000000000011000011010000000000000
000000000000000000000000000000000000000000000000000000000000000000000000000000000000000000000000000000000000000000000010000000000000000000000000000011001100000000000000000000000000000000000000000000000000000000000010010000000110000000000000000000000000000001000000000000000000000000001000000000000000
000000000000000000000000000000000000000000000000000000000000000000000000000000000000000000000000000000000000000000000010000000000000000000000000000101001100000000000000000000000000000000001000000000000000000000000001100000000110000000000000000000000000000010100000000000000000000000001000000000000000
000000000000000000000000000111000000000000000000000000000000000000000000000000000001000000000000000000000000000000000010000001000000000000000000000010000000000000000000000000000000000000001000000000000000000000000000000000000000000000000000000000000000000010100000000000000000000000010000000000000000
000000000000000000000000001000110001100000000001000000000000000000000000000000000010100000000000000000000000000000000000000001100000000000000000000000000000000000000000000000000000000000001000000000000000000000000000000000000000000000000000000000000000000001000000000000000000000000000000000000000000
000000000000000000000000000000001010011000000001000000000000000000000000000000000010010000000000000000000000000000000000000010110000000000000000000000000000000000000000000000000000001100000000000000000000000000000000000000000000000000000000000000000000000000000000000000000000000000110000000000000000
000000000000000000000000000010110100011000000001110000000000000000000000000000000001100000000000000000000000011100000000000000101010100000000000000000000000000000000000000000000000001100000000000000000000000000000000000000000000000000000000000000000000000000000000000000000000000001110000000000001110
000000000000000000000000000111011110010000000000011000000000000000000000000000000000000000000000000000000000000000000000000001111010100000000000000000000000000000000000000000000000000000000000000000000000000000000000000000000000010000000000000000000000000000000000000000000000000001000001000000000000
000000000000000000000000000000011101000001011100001100000000001000000000000000000000000000000000000000000000000000000000000001110110000000000000000000000000110000000000000000000000000000011000000000000110000000000000000000000000010000000000000000000110000000000000000000000000000001001101000000000000
000000000000000000000000000000100100000110111111001000000000001000000000000000000000000000000000000000000000000000000000000000000010100000000000000000000001001000000000000101100010000000100100000000010001110000000000000000000000010000000000000000000110000000000000000000000000000000100101000000000000
000000000000000000000000000111110100000011110000110000000000001000000000001100000110000000000000000000000000000000000000000000000001100000000000000000000000110000000000001101010110000000011000000000010000111000000000000000000000000000000000000000000000000000000000000000010000000000000000000000000000
000000000000000000000000000111001100000010100111100000000000000000000000110010001001100000000000000000000000000000000000000000000000000000000000000000000000000000000000000001010100000000000000000000101111100100000000000000000000000000000000000000000000000000000000000000111000000000000000000000000000
110000000000000000000000000001000000000001101000000000000001100011100000110001010001100000000000000000000000000000000000000000000000000000000000000000000000000000110000000100100000000000000000000000000000001100000000000000000000000000111000000000000000000000000000000001101100000000000000000000000000
110000000000000000000000000101100000000001110000000000000010010000000000100110001100100000000000000000000000000000000000000000000000000000000000000000000000000000110000101100001001001000000000000000000000001000000000000000000000000000100000000000000000000000000000000011000110000000000000000000000000
000000000000000000000000000101000000000000000000000000000010100000000010011000000011001000000000000000000000000000000000000000000000000000000000000000000000000000000000100000010001010000000000000000101000000000100000000000000000000000010000000000000000000000000000000010011100000000000000000000000000
000000001100000000000011000011000000000000000000000000000001000000000101110000000001110100000000000000000000000000000000000000000000000000000000000000000000000000000000000000000001110000000000000000111000000001010000000000000000000000000000000000000000001000000000000010000000000100000000000000000000
000000010010000000000011000000000000000010000000000000000000000000001000100000100000100010000000000000000000000000000000000000000000000000000000000000000000000000000000000000000000000000001100000000010000000001010000000000000000000000000000011000000000001000000000000000010000001111000000000000000000
000000001100000000000000000000000000000101000000000000000000000000001000000100000100000010000000000000000000000000000000000000000000000000000000000000000000000000000000000000000000000000011100000000000000000000100000000000000000000000000000010100000000001000000000000111100000001000100000000000000000
000000000000000000000000001000110000000110000000000000000000000000001010001010001010001010000000000000000000000000000000000000000000000000000000000000000000000000000000000000000000000010000000001110000000000000000000000000000000000011000000000110000000000000000000000100000000010000100000000000000000
000000000000000000001100010101001000000000000000000000000000000000000110011000000011001100000000000000000110000000000000000000000000000000000000000000000000000000000000000000000000000011000000000000000000000000000000000000000000000000100000010100000000000000000000001100000000101000100000000000000000
000000000000000000110100010101001000000000000000000000000000000000000000000000000000000000000000000000000110000000000000000000000000000000000000000000000000000000000000000000000000000101000000000000000000000000001100000000000000000000000000011000000000000000000000000001101110010000110000000000000000
000000000000000000100000000101110000000000000000000000001000000000000000000001010000000000000000000000000000000000000000000000000000000000000000000000000000000000000000110000000000000100100000000000000000000000001100000000000000000000000000000000000000000000000000000000000000001111110100000000000000
000000000000000000101000001110100000000000000000000000001110000000000000000000000000000000000000000000000000000000000100000000000000000000000000000000000000000000000000110000000000000011000000000000011000000000000000000000000000000000000000000000000000000000000000001110000000000000001100000000000000
000000000000000000011011101100000000000000000000000000000011000000000000000001110000000000000000000000000000000000001010000000000000000000000000000000001100000000000000000000000000000001000000010001011100000000000000000000000000000000000000000000000000000000000000001100000000000000010010000000000000
000000000000000000000100010000000000000000000000000000001000000000000000000001110000000000000000000000000000000000001001000000000000000000000000000000001100000000000000000000000000000000000000111111000110000000000000000000000000000000111010000000000000000000000000000000000000000011001100100000000000
000000011000000000000100010000000000011000000000000000000110010000000000000000000000000000000000000000000000000100000110000000000000000000000000000000000000000000000000000000000000000000000001000010101001000000000000000000000000000000110001000000000000000000000000000001100000000011001001100000000000
000000011000000000000011100000000000011000000000000000000110001000000000000000000000000000000000000110000000001010000000000000000000000000000000000000000000000000000000000000000000000000000000000010111001100000000000000000000000000000000010000000000000011100000000000001100000000011000000000000000000
000110000000000000000000000000000000000000000000000000000110010000000000000000000110000000000000000110001000001010000000000000000000000000000000000000000000000000000000000000000000000000000000011100110111000000000000000000000000000000000000000000000001100000000000000010010111000011000001000000000000
000110000011100000000000000000000000000000000000000000000100100000000000000001100110000000000000000000001000000100000000000000000000000000000000000000000000000110000011100000000000000000000000001001000000000000000000000000000000000000000000000000000001101011000000000110111000000100110110000000000000
000000000000000000000000000000000000000000000000000000011000000000000000000001100000000000000000000000001000000000000000000000000010000000000000000000000000001001000000000000000000000000000000000100100100000000000000000000000000000000000000000000000001111001000000000110110000000100010100000000000000
000000000000000000000000000000000000000000000000000000100001000000000000000000000000000000000000000000000000000000000000000000000111000000000000000000000000000110000000000000011001100000000001000000100000000000000000000000000000000000000000000000000000100001000000000101100000000100100000000000000000
000000000000000000000000000000000000000000000000000000100011000000000000000000000011000000000000000000000000000000000000000000000100100000000000000000011000000000000000000000011001100000000010100011000000000000000000000000000000000000000000000000000000011110000000000011000000000000000000000000000000
000000000010000000000000000000000000000000000000000000001000000000000000000000000011000000000000000000000000000000000000000010000011010000000000000000101000000000000000000000000000000000000001100000000000001000000000000000000000000000000000000000010100011000000000000000000000000000000000000000000000
000000000010000000000000000000000000000000000000001000000000000000000000000000000000000000000000000000000000000000000000110110000001011000000000000000001000000000000000000000000000000000000000000000000000010100000000000000000000000000000110000000011000000000000000000000000000000010000000000000000000
000000000010000000000000000000000000000000000000001000000000000000000000000000000000000000000000000000000000000000000001000000000001010000000000000000000000000000000000000000011000000000110000000000000000010100000000000000000010000000000110000000001000000000000000000000000000000010000000000001100000
000000000000000000000000000000000000000000000000001000000000000000000000000000000000000000000000000000000000000000000000001100000001010000000000000000000000000000000000000000011000000001001000000000000000001000000000000000000010000000000000000000000000000000000000000000000000000010000000000001100000
000000000000000000000000000000000001000000000000000000000100100000000000000000000000000000001100000000000000000000000000001100000001100110000000000000000000000000000000000000000000000000110000000000000000000000000000000000000010000000000000000000000000000000000000000000000000000000000000000000000000
000000000000000000000000011100000010100000000011100000000100010000000000000000000000000000001100000000000000000000000000000100000000001001000000000000000000000000000000000000000000000000000000000000000000000000000000000000000000000000000000000000000000000000000000011000000001100000000000000000000000
000000000000000000000000000000000010100000000000000000001000110000000000000000000000000000000000000000000000000000000110011000000000000101000000000000000000000000000000000000000000000000000000010000000000000000000000000000111000111000000000000000000000000000000000100100000010010000001100000000000000
000000000010000000000001000001000001000000000000001000001100101000000000000000000000000000000000000000000000000000000010001000000000000010000000000000000000000000000000000000000000000000000000101000000000000000000000000000000000000000000000000000000000000000000000011000000010100000000000000000000000
000000000010000000000010100010100000000000000000001000010100011000000000000000000000000000000000000000000000000000000001001000000000000000000000000000011100000000000000000000000000000000000000101000000000000000000000000000000010000000000000000000000000000000000000000000000001000000010110000000000000
000000000010000000000010100010100000000000000000001000010100001100000000000000000000000000000000000000000000000000000000111000000000000000000000000000000000000000000000000000000000000000000000010000000000000000000000000000000010000000000000000000000000000000000000000000000000001011111100000000000000
000000000000000000000001000001000000000000000000000000010111110100000000000000000000000000000000000000000000000000000000000000000000000000000000000000000000000000000000000000000000000000000000000000000000000000000000000000000010000000000000000000000000000000000000000000010000011010001000000000000000
000000000000000000000000000000010110000000000000000000000100010110000000000000000000000000000000000000000000001000000000000000000000000000000000000000000000000000000000000000000000000000000000010000000000000000000000000000000000000000000000000000000000000000000000000000101000011000000000000000000000
000000000000000000000000001100000001010000000000000000001101000010000000000000000000000000000000000000000010010100000000000000000000000000000000000000000000000000000000000000000000000000000000101000000000000000000000000000000000000000000000000000000000000000000000000000011000110010001000000000000000
000000000000000000000000001100000010000000000000000001110111000011000000000000000000000000000000000000000010000010000000000000000000000000000000000000000000000000000000000000000000000000000000101000000000000000000000000000000000000000000000000000000000000000000000000000000000011111010000000000000000
000000000000000000000000000000001010000110000000000011100110000010000000000000000000000000000000000000000000010001000000000000000000000000111000000000000000000000000000000000000000000000000000010000000000000000000000000000000000000000000000000000000000000000000000000000000000001100000000000000000000
000000000000000000000000000000001000000100000000000010010010100000000000000000000000000000000000001010000000111001000000000000000000000000000000000000000000000000000000000000000000000000000000000000000000000000000000000000000000000000000000000000000000000000000000111000000000000000000000000000001100
000000000000000000000000000000001000000100000000000001100001000100100000000000000000000000000000001100000000000111001000000000000000000000000000000000000000000000000000000000011100000000000000000000000000000000000000000000000000000000001000000000000000000000000001110000000000000000000000000000001100
000110000000000000000000000000000101100000000000000000100000001001001000000000000000000000000000000100000000010000011100000000000000000000000000000000000000100000000000000000000000000000000000000000000000000000000000000000110000000000001000000000000000000000000000000000000000000000000000000000000000
000110000000000000000000000000000001000000000000000000000011010010111100000000000000000000000000000000000010010000100100000000000000000000000000000000000001010000000000000000000000000000000000000000000000000000000000000000001000000000001000000000000000110000000000000000000000000000000000000000000000
000000000000000000001000000000000000001100000000000011000001000010000110000000000000011100000000000000000000010000000000000000000000000000000000000000000000100000000000000000000000000000000000000000000000000000000000000000000100000000000000000000000000110000000000000000000000000000000000000000000000
000000000000000000001000000000000000001110000000000000100000000011101000000000001100000100000000000000000000000000010000000000000000000000000000000000000000000000000000000000000000000000000000000000000000000000000000000000101000000000000000000000000000000000000000000000000000000000000000000000000000
000000000000000000001000000000000000000001000000000010010000000001001000000000001110100100000000000000000000000000011010100000000000000000000000000000000000000000000000000000000000000000000000000000000000000000000000000000010000000000000000000100000000000000000000000000000000000000000000000000000000
000000000000000000000000000000000000001110110000000001110000100001011000000000010010011000000000000000000000000000100101110000000000000000000000000000000000000000000000000000000000000000000000000000000000000000000000000000000000000000000000001010000000000000000000000000000000000000000001100000000000
000000000000000000000000000000000000010000010000000000100001010001010110000000010100000000000000000100000000000000010101111000000000000000000000000000000000000000000000000000000000000000000000000000000000000000000000000000000000000000000000001100000000000000000000000000000000000000110000010000000000
000000000000000000000000000000000000010000000000000000000001011010001110000000001000000011000000000001000000000000000000001100000000000000000000000000000000000000000000000000000000000000000000000000000000000000000000000000000000000000000000000000000000000000000000000000000000000000110010000000000000
000000000000000000000000000000000000010000100000000000000000000111011000000000011100000011000000010001000000000000000000001000000000000000000000000000000000000000000000000000000000000000000000000000000000000000000000000000000000000000000000000000000000000000000000000000000000000000000001100000000000
000000000000000000000000000000000000000010000000000000000000000111000000110000101110000000000000000011000000000000000000000000000000000000000000000000000000000000000000000000000000000001100000000000000000000000000000000000000000000000000000000000000000000000000000000000000000000000000000000000000000
000000000000000000000000000000000000000101000000000000000000000001000100011001101111000000000000010010000000000000000000000000000000000000000000000000000000000000000000000000000000000001100000000000000000000000000000000000000000000000000000000000000000000000000000000000000000000000000000000000000000
000000000000000110000000000000000000000001100000000000000000000101000110110010110011110000000000001100000000000000000000000000000000000000000000000000000000010000000000000000000000000000000000000000000000000000000000000000000011000000000000000000000000000000000000000000000000000000000000000000000000
000000000000000110000000000000000000000000000000000111000000000010000111100010110010001000001110000000000000000000000001100000000000000000000000000000000000101000000000000000000000000000000000000000000000000000000000000000000001000000000000000000000000000000000000000000000000000000000000000000000000
000000000000000000000000000000000000000000000000000111000000000010000000000001100000000000000000000000000000000000000000110000000000000000000000000000000001001000000000000000000000000000000000000000000000000000000000000000001000001100000000000000000000000000000000000000000000000000000000000000000000
000000000000000000000000000000000000000000000000000011000000000000000000000000001000001000100000000000000000000000000000011000000000000000000000000000000000110000000000000000000000000000000000000000000000000000000010000000010001001100000000000000000000000000000000000000000000000000000000000000000000
000000000000000000000000000000000000000000000000000000000000000000000000000000000100110000100000000000000000000000000000011100000000000000000000000000000000000000000000000000110000000000000000000000000000000000000010000000010001011000000000000000000000000000000000000000000000000000000000000000000000
000000000000000000000000000000000000010000001110000000000000000000000000000000000011100000100000000000000000000000000000010001000000000000000000000000000000000000000000000000101000000000000000000000000000000000000010000011100000000000000000000000000000000000000000000000000000000000000000000000000000
000000000000000000000000000000000000010000011100000000000100000000000000001100110000000000000000000000000000000000000000011111100000000000000011000000000000000000000000000000010000000000000000000000000000000000000000000001100010000000000000000000000000000000000000000000000000000000000000000000000000
000000000000000000000000000000000000000000100000011000000100000000000000001111001000000000000000000000000000000000000000001110010000000000000011000000000000000000000000000000000000000000000000000000000000000000000000000001101100000000000000000000000000000000000000001100000000000000000000000000000000
000000000000000000000000000000000000000000011011000000011000100000000000001001111000000000000000000000000000000000000000001110100000000000000000000000000000000000000000000000000000000000000000000000000000000000000000000000000000000000000000000000000000000000000000001110000000000000000000000000000000
000100000000000000000000000000000000000000000000111000001110000000000011100110000000000000000000000000000000000000010000001101000000000000000000000000000000000000000000000000000000000000000000000000000000000000000000000000000000000000000000000000000001100000000000110111100000000000000000000000000000
001010000000000000000000000000000000000000000000000000011010000000000011100000000000000000000000000000000000000000101000001110000000000000000000000000000000000000000000000000000000000000000000000000000000000000000000000011000000000000000000000000000001100000000000110000000000000000000000000000000000
001100000000000000000000000000000000000000000000000000100000000000000010100000000000000000000000000000000010000000101000000000000000000000000000000000000000000000000011000000000000000000000000000000000000000000000000000001010000000000000000000000000000000000000000011100101000000000000000000000000000
000000000000000000000000000000000000000000000110000000100000000000000000000001000000000000000000000000000101000000110000000000000000000000000000000000000000000000000100100000000000000000000000000000000000000000000000000001100000000000000000000000000000000000000000000000100000000000000000000000000000
000000000000000000000000000000000000000000000011000000000000000000000000010010000000000001001000000000000101000000000000000000000000000000000000000000000000000000000011000000000000000000000000000000000000000000000000000010000000000000000000000000000000000000000000000011000100000000000000000000000000
000000000000000000000000000000000000000000000001000000000000000000000000100000000100000011000010000000000010000000000000000000000000000000000000000000000000000000000000000000000000000000000000000000000000000000000010011000000000000000000000000000000000000000000000000100001010000000000000000000000000
000000000000000000000000000000000000000000000000100000000000000000000000111000000101110010000010000000000000000000000000000000000000000000000000000110000010000000000000000000000000000000000000000000000000000000000111111001000000000000000000000000000000000000000000001110000001000000000000000000000000
000000000000000000000000000000000000000000000000100000000000000000000000010000000101111001111001000000000000000000000000000000000000000000000000000110000101000000000000000000000000000000000000000000000000000000001010101110000000000000000000000000000000000000000000001001000000000000000000000000000000
000000000000000000000000000000000000000000000110100000000000000000000000000000000001010100011100000000000000000000000000000000000000000000000000000000000101000000000000000000000000000000000000000000000000000000011010000000000000000000000000000000000000000000000000000000000000000000000000000000000000
000000000000000000000000000000000000000000001000110000000001100000000000000000000000010101010000000000000000000000000000000000000000000000000000000000000010000000000000000000000000110000000000000000000000000000001100010100000000000000000000000000000000000000000000000111010010000000000000000100000000
000000000000000000000000000000000000000000000010100000000010010000000000000000000010011100010000110011100000000000000000000000000000000000000000000000000000000000000000000000000000110000000000000000000000000000000100001000000000000000000000000000000000100000000000000000010000000000000000001010000000
000000000000000000000000000000000000000000001101000000000001100000000000000000000000100011010000110000000000000000000000000000000000000000000000000001100000001100000000000000000000000001000000000000000000000000000000000000000000000000000000000000000000010000000000000000011110000000000000001010000000
000000000000000000000000000000000000000000011101000000000000000000000000000000000000000001101010110000000000000000000000000000000000000000000000000010010000010010000000000000000000000010100000000000000000000000000000000000000000000001000000000000000001110000000000000000101110000000000000000100000000
000000000000000000000000000000000000000000001111010000000000000000000000000000011000000000001011000000000000000000000000000000000000000000000000000001100000001100000000000000000000000011000000000000000000000000000000000000000000000001000000000000000000000000000000011100101100000000000000000000000000
000000000001100000000000000000000000000000000001100000000000000000000000000000011000000000001100000000000000110000000000000000000000000000000000010000000000000000000000000000000000000000000000000000000000000000000000000000000000000001000000000000000000000000000000100010011000000000000000000000000000
000000000001100000000000010000000000000000000000000000000000000000000000000000000000000000000100000000000000110000000000000000000000000010000000010000000010000000000000000000000000000000000000000000000000000000000000000000000000000000000000000000100000000000000000100010000000000000000000000000000000
000000000000000000000000010000000000000000000000000000000000000000000000000000000000000000000000000000000000000000000000000000000000000101000000010000000101000000000000000000000010000000000001100000000000000000000000000000000000000000000000000001010000000000000000100010000000000000000000000000000000
000000000000000000000000010000000000000000000001100000000000000000000000000000000000000000000000000000000000000000000000000000000000000110000000000000000101000000000000000000000010000000000010010000000000000000000001000000000000000000000000000001010000000000000000011100000000000000000000000000000000
000000000000000100000000000000000000000110000001100000000000000000000000000000000000000000000000000000000000000000000000000000000000000000000000000000000010000000000000000000000010000000000001100000000001100000000010100000000000000000000000000000100000000000000000000000000000000000000000000000000000
000000000000001010000111000111000000000110000000000000000011000000000000000000000000000000000000000000000000000000000000000000000000000000000000000000000000000000000000000001100000000000000000000000000001100000000010100000000000000000000000000000000000000000000000000000000000000000000000000000000000
000000000000010010000000000000000000000000000000000000000011000000000000000000000000000000000000000000000000000000000000000000000000000000000000000000000000000000000000000010010000111000000000000000000000000000000001000000000000000000000000000000000000000000000000000000000000000000000000000000000000
000000000000001100000000010000000000110000000000000000000000000000000000000000000000000000000000000000000000000000000000000000000000000000000000000000000000000000000000000010010000000000000000000000000000000000000000000000000000000000000000000000000000000000000000000000110000000000000000000000000000
000000000000000000000000010000000000110000110000000000000000000000000000000000000000000000000000000000000000000000000000000000000110000000000000000000000000000000000000000001100010000000000000000000000000000000000000000000000000000000000000000000000000000000000000000000110000000000000000000110000000
000000000000000000000000010000000000000001001000000000000000000000000000000000000000000000000000000000011100000000000000000000001001000000000000000000000000000000000000000000000010000000000000000000000000000000000000000000000000000000000000000000000000000000000000000000000000000000000000000110000000
000000000000000000000000000000000000000001101000000000000000000000000000000000000000001100000000000000000000000000000000000000000110000000000000000000000000000000000000010000000010000000000000000000000000000000001100000000000000000000000000000000000000000000000000000000000000000000000000000000000000
000000000000000000000000000000000000000000101000000000000000000000000000000000000000001100000000000000000000000000000000000000000000000000000000011100000000000000000000010000000000000000000000000000000000000000010010000000000000000000000000000000000000000000000000000000000000000000000000000000000000
000000000000000000000000000000000000000000010000000000000000000000000001100000001100000000000000000000000000000000000000000000000000000000000000000000000000000000000000010001000000000000000000000000000000001000001100000000000000000000000000000000000000000000000000000000000000000000001100000000000000
000000000000000000000000000000000000000000101000000000000000000000000010010000010010000000000000000000000000000000000000000000000000000000000000000000100000000000000000000011100000000000000000000000000000010100000000000000000000000000000000000000000000000000000000000000000000000000001100000000000000
000000000000000000000000000000000000000000110000000000000000000000000001100000001100000000000000000000000000000000000000000000000000100000000000000001010000000000000011100011100000000000000000000000000000010100000000000000000000000011100000000000000000000000000000000000000000000000000000000000000000
000000000000000000000000000000000000000000100000000000000000000000000000000000000000000000000000000000000000000000000000000000000000100000000000000001100000000000000100010000000000000000000000000000000000001000000000000000000000000000000000000000000000000000000000000000000000000000000000000000000000
000000000000000000100000000000000000000000000000000000000000000000000000000010000000000000000000000000000000000000000000000000000000100000000000000000000000000000001000010000000000000000000000000000000000000001110000000000000000001000001000000000000000000000000000000000000000000000000000000000000000
000000000000000001010000000000000000000000010000000000000000000000000000000101000000000000000000000000000000000000000000000000000000000000000000000000000000000000001000000000000000000000000000000000000000000000000000000000000000001000001000000000000000000000000000000000000000000000000000000000000000
000000000000000001001000000000000000000000101000000000000100110000000000000101000000000000000000000000000000000000000000000000000000001110000000000000000000000000000101100011000010000000000000000000000000000000000000000000000000001000001000000000000000000000000000000000000000000000000000000000000000
000000000000000000110000000000011000000000101000000000000010100000000000000010000011000000000000000000000000000000000000000000000000000000000000000000000000000000001100111100110011000000000000000000000000000000000000000000000000000000000000011000000000000000000000000000000000000000000000000000000000
000000000000000000000000000000100100000000010000000000000101001000000000000000000011000000000000000000000000000000000000000000000000000000000000000000000000000000000000001000010001100000000000000000000000000000000000000000000000000011100000011000000000000000000000000000000000000000000000000000000000
010000000000000000000000000000101000000000000000000000000001000000000000000000000000000000000000000010000000000000000000000010000000000000000000000000110000000000000000000000011101000000000000000000000000000000000000000000000000000000000000000000000000000000000000000000000000000000000000000000000000
101000000000000000110000000000010000000000000000000000000010001000000000000000000000000000000000000101000000000000000000000101000000000000000000000000000000000000000000000010100010000000000000000000000000000000000000000000000000000000000000000000000000000000000000000000000000000000000000000000000000
101000000000000000110000000000000000000000000000000000111001110000000000000000000000000000000000000101000000000000000000011110000000000000000011000000000011000000000000000000000000000000000000000000000000000000000000000000000011100000000000000000000000010000000000000000000000000000000000000000000000
010000000000000000000000000000000000000000000000000000111010101000000000000000000000000000000000000010000000000000000000000101100000000000000011000000011011000000000000000000000000110011000000000000000000000000000000000000000000000000010000000000000000010000000000000000000000000000000000000000000000
000000000000000000000000000000000000000000000000000000110110000000000000000000000000000000000000000000000000000000000000100001100000000000000000000000011010000000000000000000000000110011000000000000000000000000000000000000000000001000101000000000000000010000000000000000000000000000000000000000000000
000000000000000000000000000000000000000000000000000000010100000000000000000000000000000000000000000000000000000000000000010010001000000000000000000000011010000000000000000000000000000000000000000000000000000000000000000000000000001000101000000000000000000000000000000000000000000000000000000000000000
000000110000000000000000000000000000000000000000000000001000000000000000000000000000000000000000000000011000000000000000001111000000000000000000000000000011100000000000000000000000000000000000000000000000000000000000000000000000001000010000000000000111000111000000000000000000000000000000000000000000
000000110000000000000000000000000000100000000000000000000000000000000000000000000000001100000000000000011000000000000000000010000001000000000000000000000000000000000000000000000000000000000000000000000000000000000000000000000000000000000000011000000000000000000000000000000000000000000000000000000000
000000000000000000000000000000000000100000000000000000000000000000000000000000000000001100000000000000000000000000011000000010001101000000000000000000000000000000000000000000000000000000000000000000000000000000000000000000000001000000000000011000000000010000000000000000000000000000000000000000000000
000000000000000000000000000000000000100000000000000000000000000000000000000000000000000000000000000000000000000000011000000110000011000000000111000100011000000000000000000000000000000000000000000000000000000000000000000000000010100000000000000000000000010000000000000000000000000000000000000000000000
000000000000000000000000000000000000000000000000000000000000000000000000000000000000000000000000000000000000000000000000000010011000000000000111001010011000000000000000000000000000000000000100000000000000000100000000000000000100100000111000000000000000010000000000000000000000000000000000000000000000
000000000000000000000000000000000000000000000000000000000000000000000000000000000100000000000000000000000000000000000000000000001000000000000000001010000000000000000000000000000000000000001010000000000000001010000000000000000011000000000000000000000000000000000000000000000000000000000000000000001000
000000000000000000000000000000000000000000110000000000000000000000000000000000000100000000000000000000000000000000000000000000111000000000000000000100000000000000001000000000100000000000010001000000000000000100000000000000000000000010000010000000000000000000000000000000000000000000000000000000010100
000000000000000000000000000000000000000000001000000000000000000000000000000000000100000000000000000000000000000000000000000000000000000000000000001000000000000000010100000001010000000000001010000000000000000000000000000000000000000010000010000000000000000000000000000000000000000000000000000000010100
000000000000000000000000000000000000000001000000000100000000000000000000000000000000000000000000000001100000000000000000000000000000000000000000111000000000000000010100000001010000000000000100000000000000000000000000000000000000000010000010000000000000000000000000000000000000000000000000000000001000
000000000000000000000000000000000000000000110000001010000000000000000000000000000000000000000000000001010000000000000000111000000000000000000000000000000000000000001000000000100000000000000000000001100000000000000000000000000000000000000000000000000000000000000000000000000000000000000000000000000000
000000000000000000000000000000000011000000000000000110000000000000000001000000000000000100000000000000010000000000000000000000000000010000000000101000000000000000000000000000000000000000000000000010010000000000000000000000000000000000111000000000000000000000000000000000000000000000000000000000000000
000000000000000000000000000000000011000000000000000000000000000000000010100000000000000100000000011001000000000001110000000000000000001000000000010000000000000000000000000000000000000000000000000000000000000000000000000000000000000000000000000000000000000000000000000000000000000000000000000000000000
000000000000000000000000000000000000000000000000000000000000000000000010100000000000000100000000001000110000000010001000000000001000011100000000000000000000000000000000000000000000000000000000000011100000000000000000000000000000000000000000000000000000000000000000000000000000000000000000000000000000
000000000000000000000000000000000000000000000000000000000000000000000001000000000000000000000000001001110000000010001000000000000110000000000000001100000000000000000000000000000000000000010001011000000000000000000000000000000000000000000000000000000000000000000000000000000000000000000000000001100000
000000000000000000000011100000000000000000000000000000000000000000000000000000000001110001110000000001110000000010001000000001111010000000000000001100000000010000000000000000000000000000010001010000000000000000000000000000000000000000000000000000000000000000000000000000010000000000000100000001100000
000000000000000000000000000000000000000000000000000000000000000110000000000000000000000000000000000000000000000001110000000001110000000000000000000000000000101000000000000000000000000000000001110000000000000000000000000000000000000000000000000000000000000000000000000000101000000000000100000000000000
000000000000000000001000000000000000000000000100000000000000000110000000000000000000000100000000000000000000000000000000000000010000000000000000000000000000101000000000000000000000000000000000000000000000000000000000000000000000000000000000000000000000000000110000000000101000000000000100000000000000
000000000000000000001000000000000000000000001010000010000010000000000000000000000000000100000000000000000000011100000000000000000000011100000000000000000000010000000000000000000000000000000000000000000000000000000000000000000000000000000000000000000000000001001000000000010000000000000000000000000000
000000000000000000001000000000000000000000000110000010000010000000000000000000000000000100000000000111000000010000010000000000000000111110000000000000000000000000000000000000000000000000000000000000011100000000000000000000000000000000000000000000000000000000110000000000000000000000000000000000000000
000000000000000000000000000000000000000000000000000010000010000000000000000000000000000000000000000110000000011010001100000000000001101001000000000000000000000000000000000000000000000000000000000000000000000000000000000000000000000000000000000000000000000000000000001100000001100000000000000000000000
000000000000001000000011000000000000011000000000000000000000000000000000000000000000000000000000001000100000000000010010000000000000000110000000000000000000000000000000000000000000000000000000000000000000000000000000000000000000000000000000000000000000000000000000010010000001100000000000000000000000
000000000000001000000011000000000000100100000000000000111000000000000000000000000000000000000000000110100000000100011110000000000000001000000000000000000000000000000000000000000000011000000000000000000000000000000000000000000000000000000000000000000000000000000000001100000000000000000000000000000000
000000000000001000000000000000000001001000000000000000000000000000000000000000000000000000000000000110000000000001001010000000000000000000000000000110000000000000000000000001100000011000000000000000000000000000000000000000000000000000000000000000000000000000000000000000000000000000000000000000000000
000000000000000000000000000000111000110000000000000000000000000000000000000000010000000000000000000000000000000000001110000000000000000100000000000110000000000000000000000010010000000000000000000000000000000000000000000000000000000000000000000000000000000001100000000000000000000000000000000000000000
000000000000000000000000000000000000000000000000000000000001110000000000000000010000000000000000000000000000000000001000110000000000000110000000000000000000000000000000000010010000001000000000000000000000000000000000000000000000000000000000000000000000000001100000000000110000000000000000000000000000
000000000000000000000000000010000010000000000000000000000000000000000000000000010000000000000000000000000000000000000110010000000000000010000000000000000000000000000000000010010110011000000000000000000000000000000000000000000000000000000000000000011000000000000010000000110000000000000000000000000000
000000000000000000000000000010000010000000000000000000000100000100000000000000000000000000000000000000000000000000000100010000000000110000000000000000000000000000000000000000110001100000000000000000000000000000000000000000000000000000000000011000010100000000000101000000000000000000000000000000000000
000000010000000000000000000010000010000000000000000000000100000100000000000000000100000000000000000000000000000000000111000000010000110000000000000000000000000000000000000001010001010010111000000000000011000000000000000000000000000000000000100100001000000000001010000000000000000000001100000000000000
000000010000000000000000000000000000000000000000000000000100000100000000000000001010000000000000000000000000000000000111000000101000110000000000000000000000000000000000000111010000010000100000000000110100000000000000000000000000000000000000101000000000000000001100000000000000000000001100000000000000
000000010000000000000000000000111000000000000000000000000000000000000000000000001010000000000000000000000000000000000000000001101100010000000000000000000000000000000000000000000000000101000100000001100100110000000000000000000000000000000000010000000000000000000000000000000000000000000000000000000000
000000000000000000000000000000000000000000000000000000000001110000000000000000000100000000000000000000000000000000000000000000100000111000000000000000000000000000000000001000000110001101111100000000110011001000000000000000000000000000000000000000000000000000000000000000000000011000000000000000000000
000111000111000000000110000000000000000000000000000000000000000000000000000000000000000000000000000000000000000000000000000011100111111100000000000000000000000000000000000100001010001000011000000000000000000100000000000000000000000000000000000000000000000000000000000000000000011000000000000000000000
000000000000000000000110000000000000000000000000000000000000000000000000000000000000000000000000000000000000000000000000000100010000000000000000001000000000000000000000000100011010001001000000000000000000001100000000000000000000000000000000000000000000000000000000000000000000000000000000000000000000
000000010000000000000000000000000000000000000000000000000000000000000000000000000110000000000000000000000000000000000000000101010000110000000000001000000000000000000000000000001010001011000100000000000110100100000000000000000000000000000000000000000000000000000000000000000000000000000000000000000000
000000010000000000000000000000000000000000000000000000000000000000000000000000000110000000000000000000000000000000000000000011000000100000000000001000000000000000000000000000000100000100001010000000000100000110000000000000000000000000000000000000000000000000000000000000000000000000000000001000000000
000000010000000000000000000000000000000000000000000000000000000000000001110000000000000000000000100000000000000000000000000000001110000000000000000000000000000000000000000000000000000000001010000000000010000100000000000000000000000000000000000000000000001100000000000000000000000000000000010100000000
000000000000000000000000000000000000000000000000000000000011000000000001001000000000000000000001110000000000000000000000000000000100000000000011100011100000000000000000110000000000000000000100000000000000100000000000000000000000000000000000000000000000001100000000000000000000000000000000010100000000
011100000000000000000000000000000000000000000000000000000011000000000001001000000000000000000010101000000000000000000000000000001100000000000000000000000000000000000000110000000000000000000000000000000000000000000011000000000000000000000000000000000000000000000000000000000000000000000000001000000000
000000000000000000000000000000000000000000000000000000000000000000000001000000000000000000000010001000000000001100000110000000001110000000000000001000000000000000000000000000111000000000000000000000000000000000000100100000000000000000000000000000000000000000000000000000000011100000000000000000000000
000000011000000000000000000000000110000000000000000000000000000000000000001000000000000000001100000110000000010010000110000000001101000000000000001000000000000000000000000000000000000000000000000000000000000000000011000000000000000000000000000000000000000000000000000000000000000000000000000000000000
000000100100000000000000000000000110000000000000000000000000000001000110000100000000000000010000100011000000010100000000000000000100110000000000001000000000000000000000000000000000000000000000000000000000000000000000000000000000000000000000000000000000000000000000000000001000001000000000000000000000
000000010100000000000000000000000000000000000000000000000000000010001111101110000000000000111001010001100000001000000000000000000110100000000000000000000000000000000000000000000000000000000000000000001100100000000000000000000000000000000000000000000000000000000000000000001000001000000000000010000000
000110001000000000000000000000000000000000000000000000000000000100001000011010000000000000010000100000110000000000000000000000000000000000000000000000000000000000000000010000000000000000000000000010000101100000000000000000000000000000000000000000000000000000000000000000001000001000000110000101000000
000110000000000000000000000000000000000000000000000000000000000011101000111100000000000000001100000010000000000000000000000000000001000000000000000000000000000000000000101000000000000000000000000100000001100000000100000000000000000000000000110000000000001000000000000000000000000000000110000101000000
000000000000000000000000000000000000000000000000000000100000000000011100000000000100000000000010000000000000000000000000000000000110000000000000000000000000000000000000101000000000000000000000000010100011100000000100000000000000000110000000110000000000010100000000000000000011100000000000000010000000
000000000000000000000000000000100000000000000000000001100000000001100000010000000100000000000010110000000000000000000000000000000000000000000000000000000000000000000000010000000000000000000000000001110000000000000100000000000000000110000000000000000000101000000000000000000000000000000000000000000000
000000000000000000000000000000100000000000000000000011001000000010000000001000000100000000000001111110000000000000000000000000000000000000000000000000000000000000000000000000000000000000000000010111111101100000000000000000000000000000000000000000000000110000000000000000000000000001110000000000000000
000000000000000000000000000000100000000000000000000111001110011010101100010011100000000000000000111010000000111000000111000000001000000000000000000000000000000000000000000000000000000000000000010000000111000000000000000000000000000000000000000000000000000000000000000000000000000000000000000000000000
000000000000000000000000000000000000000000000000000011010000101010110000000000010000000000000000000000000000001000000000000000010100000000000000000000000000000000000000000000000000000000000100000000000010000000000000000000000000000000000000000000000000000000000000000000000000000000000000000000000000
000000000000000000000000000000000000000000000000000001111011101100000000000000100000000000000000000000000000000000010000000000001000000000000000000000000000000000000000000000000000000000001010000000000000000000000000000000000000000000000000000000000000000000000000000000000000000000000000000000000000
000000000000000000000000000000000000000000000000010000110100000100000000000000000000000000000000000000000001000000101000000000000000000000000000000000000000000000000000000000000000000000001001000000000000000000100000000000000000001000000000000000000000000000000000000000000000000000000000000000000000
000000000000000000000011000000000000000000000000110000000001000100000000000000000000000000000000000000011000001000010000000000000000000000000000000000000000000000000000000000000000000000000110000000000000000000100000000000000000001000000110000000000000000000000000000000000000000000011000000000000000
000000000000000000000011000000011000000000000000101100000100000000000000000000000000000000000000000000010101101000000000000000001000000000000000000000000000000000000000000000000000000000000000000000000000000000100000000000000000001000000110000000000000000000000000000000000000000000011000000000000000
000000000000000000000000000000011000000000000000000001000111100011100001000000110000000000000000000000001110110000000000000000010100000000000000000000000000000000000000000000000000000000000000000000000000000000000000000000000000000000000000000000000000000000000000000000000000000000000000000000000000
000000000000000000011000000000000000000000000010000000101001011111100110010101110000000000000000000110001010000000000000000000010100000000000000000000000000000000000000000000000000000000000000000000000000000100000000000000000000000000000000000000000000000000000000000000000000000000000000000000000000
000000000000000000100100000000000000000000000010000000101000011000010110111000100000000000000000000000000101000000000000000000001000000000000000000000000000000000000000000000000000000000000000000000000000001010001100000000000000000000000000000000000000000000000000000000000000011000000000000000000000
000000000000000000011000000000000000000000000000000011101000000000110111010011000000000000000000000101000110000000000000000000000000000000001100000000000000000000000000000000000000000000000000000000000000010001110000000000000000001100000000000000000000000000000000000000000000100100000000000000000000
000000000000000000000000000000000000000000000010100010001000000001101010001100100000000000000000000101010110000000000000000000000000000000001100000000000000000000000000000000000000000000000000000001000000001011111010000000000000001010000000000000000000000000000000000000000000010100000000000000000000
000000000001100000000000000000000000000000000110000000011010000101001100000110011110000000000000000000011000000000000000000000000000000000000000000000000000000000000000000000000000000000000000000001000000001000000001000000000000000110000000000000000000000000000000000000000000001000001000000000000000
000000000000100000000000000000000000000000000111101100001001010010100000000010000010000000000000010001000000000000000000000000000000000000000000000000000000000000000000000000000000000000000000000001000000000100101000000000000000000000000000000000000000000000000000000000000000000000010100000000000000
000000000100000000000000000000000000000000000101101100000000001010100000000000011100000000000000011100000000000000000000000000000000000000000000000000000000000000000000000000000000000000000000000000000000000100101011001100000000000000000000000000000000000000000000000000000000000000100100000000000000
000000000110000000000000000000000000000000000010000100001100011100100100000000001000000000000000000000000000000000000000000000000000000000000000011100000000000000000000000000000000000000000000000000000000000011000001110101100000000000000000000000000000000000000000000000000000000000011000000000000000
000000000000000000000000000000000000000000000011101100000110000111010110000000000000000000000000000000000000000000000000000000000000000000000000000000000000000000000000000000000000000000000000000000000000000000000001110100100000000000000000000000000000000000000000000000000000000000000000000000000000
000000000000000000000000000000000000000000000000111000000000001000000100000000000000000000000000000000000000001100000000000000000000000000000000000000000000011100000000000000000000000000000000000000000000000000000001010110110000000000000000000000000000000000000000000000000000000000000000000000000000
000000000000000000000000000000000000000000000000000000000001100000000101100000000000000000000000000000000000010010000000000000000000000000011000000000000000000000000000000000000000000000000000000000000000000000000001100110110000000000000000000000000010000000000000000000000000000000000000000000000000
001100000000000000000001000000000000000000000110000000000000111111000101000000000000000000000000000000000000001100000000000000000000000000100100000000000000000000000000000000000000000000000000000000000000000000000000000110110000000000000000000000001101000000000000000000000000000000000000000000000000
001100000000000000000001000000000000000000000000000000000000000000000010000000000000000000000000000000001110000000000000000000000000000000011000000000000000000000000000000000000000000000000100000000000000000000100000000110110000000000000000000000001000001110000000000000000000000000000000000000000000
000000000000000000000001000000000001100000000000000000000000000000000000000000000000000000000000000000010001000000000000000000000000000000000000000000000000000000111000000000000000000000001010000000000000000001010000000000010000000000000000000000001100001110000110000000110000000000000000000000000110
000000000000000000000000000000000010010000000000100000000000000000000000000000000000000000000000000000100000100000000000000000000000000000000000000000000000000000000000000000000000000000001010000000000000000000100000000000101000000010000000000000000001111011001001000001001000000000000000000000000110
000000000000000000000000000000000001100000000000100000000000000000000000000000000000000000000000000000100000100000000000000000000000000000000000000000000000000000000010000000000000000000000100000000000000000000000000000000110000000101000000000000000001100001110110000000110000000000000000000000000000
000000000000000000000000000000000000000000000000100000000000000000000000000000000000000000000000000000100000100000000000000000000000000000000000000000000000000000000010000000000000000000000000000000000000000000000000000000110000000101000000000000000000001100100000000000000000000000000000000000000000
000000000000000000000001100000000001100000000000000000000000000000000000000000000000000000000000000000010001000000000000000000000000000011000000000000000000000000000010000000000000000000000000011000000000000000000000000000000000000010000000000000000001101011000000001000000000000000000000000000000000
000000000000000000000001100000000010010000000000000000000000000000000000000000000000000000000000000000001110000100000000000000000000000100100000000000000000000000000000000000000010000001010000100100000000000000000000000000000000000000000000000000000001001011000000010100000000000000000000000000000000
000000000000000000000000000000000001100000110000000000000000000000000000000000000000000000000000000000000000100001000000000000000000000100100000010000000000000000000000000000000010000001010000011000000000000000000000000000000001100000001100000000000000100010000000010100000000000000000000000000000000
110000000000001100000000000000000000000001001000000000000000000000000000000000000000000000000000000000000000100000100000000000000000000011000000010000000000000000000000000000000010000001000000000000000000000000000000000000000010010000010010000000000000011100000000001000000000000000000000000000000000
110000000000001100000000000000000000000000110000000000000000000000000000000000000000000000000000000000000000100000000000000000000000000000000000010000000000000000000000000000000000000000000000000000000000000000000000000000000001100000001100000000000000001000000000000000000000000000000000000000000000
000000000000000000000000000000000000000000000000000000000000000000000000000000000000000000000000000000000000001001000000000000000000000000000000000000000000000000000000000000000000000000000000000000000000000000000000000000000000000000000000000000000000000000000000000000000000000000000000000000000000
000000000000000000000000000000000000110000000000000000000000000000000000000000000000000000000000000000000000001110000000000011000000000000000000000000000000000000000000000000000000000000000000000000000001100000000000000000000000000000000000000000000000000000000000000000000000000000000000000000000000
000000000000000000010000000000000001001000000000000000001100000000000000000000000000000000000000000000000000000000000000000011000000000000000011100000000000000000000000000000000000000000000000000000000001100000000000000000000000000000000000000000000000000000000000000000000000000000000000000000000000
000000000000000000101000000000000000110000000000000000001100000000000000000000000000000000000000000000000000000000000000000000000000000000000000000000000000000000000011111100000000000000000000000000000000000000000000000000000000011000000000000000000011000000000000000000000000000000000000000000000000
000000000000000000101000000000000000000000000000000000000000000000000000000000000000000000000000000000000000000000000000000000000000000000000000000000000000000000000100111101000000110000000000000000000000000000000000000000000000000100000000000000000111100000000000000000000000000000000000000000000000
000000000000000000010000000000000000000000000000000000000000000000000000000000000001100011000000000000000000000000000000000000000000000000000000000000000000000000001000000101100000110000000000111000000000000000000000000000000000000000000000000000001101110000000000000000000000000000000000000000000000
000000000000000000000000000000000000000000000000000000000000000000000000000000000001100100100000000000000000000000000000000000000000000000000000000000000000000000000100111101000000000000000000000000000000000000000000000000000000000000000000000000001100011000000000000000000000000000000000000000000000
000000001000000000000000000000000000000000000000000000000000000000000000000000000000000011000000000000000000000000000000000000000000000000110000000000000000000000001111110110000000000000000010000010000000000000000000000000100000000000000100000000000000000000000000000000000000000000000000000000000000
000000001000000000000000000000000000000000000000000000000000000000000000000000000000000000000000000000000000000000000000000000000000000000110000000000000100000000011000000000000000000000000010000010000000000000000000000001010000000000100010000000000000000000000000000000000000000000000000000000000000
000000001000000000000000000000000000000000000000000000000000000000000000000000000000000000000000000000000000000000000000000000000000000000000000000000001010000000011000000000000000000110000010000010000000000000000000000011011000000001000010000000000000000000000000000000000000000000000000000000000000
000000000000000000000000000000000000000000000000000000000000000000000000000000000000000000000000000000000000000000000000000000000000000000000000000000001010000000000000000000000000000110000000000000000000000000000000000001110000100000000010000000000000000000000000000000000000000000000000000000000000
000000000011100000000000000000000000000000000000000000000000000000000000000000000000000100000000000000000000000000000000000000000000000000000000000000000100000000000000000010000000100000000000111000000111000000000000000000011001011010010101000000000000000000000000000000000000000000000001100000000000
000000000000001110000000000000000000000000000000000000000000000000000000000000000000000100000000000000000000000000000000000000000000000000000000000000000000000000000000000101000001010000000000000000000000000000000000000000000000011001010100000000000000000000000000000000000000000000000001100000000000
000000000000000000000111000000000000000000000000000000000000000000000000000000000000000100000000000000000000000000000000000000000001000000000000000000000000000011000000000101000001010000000000000000000000000000000000000000010000011000101110000000000000000000000000000000000000000000000000000000000000
000000000000000000000000000000000000001100000000000000000000000000000000000000000000000000000000000000000000000000000000000000000110110000000000000000000000000011000001000010000000100000000000000000000000000000000000000000010000000000000000000000000000110000000000000000000000000000000000000000110011
000000000000000000000000000000000000001100000000000000000000000000000000000000000000000000000000000000000000000000000000000000000110000000000000000000000000000000000010100000000000000000000000000000000011100000000000000000000101000000000000000000000000110000000000000000000000000000000000000000110011
000011100000000000000000000000000000000000000000000000000000000000000000000000000000000000000000000000000100000000000000000000000100001000000000000000000000000000000001000000000000000000000000000000000000000000000000000000000111000000000000000000000000000000000000000000000000000000000000000000000000
000000000000000000000000000000000000000000000000000000000000000000000000000000000000000000000000000000001010000000000000000000000001010000110000000000000000000000000000000000000000000000000000000000000000001000000000000000000000000000000000000000000000000000001100000000000000000000000000000000000000
000000000000000000000000000000000000000000000000000000000000000000000000000000000000000000000000000000000110000000000000000000001101000000110000000000000000000110000000000000000000000000000000000000000000001000000000000000000000000000000000000000000000000000001100000000000000000000000000000000000000
000000000000000000000000000000000000000000000000000000000000000000000000000000000000000000000000000000000000000000000000000000000100000000000000000000001100000110000000000000000000000000000000000000000000001000000000000001100000000000000000000000000000000000000000000000000000000000000011100000000000
000000000000000000000000000000000000000000000000000000000000000000000000000000000000000000000000000000000000000000000000000000110100001000000000000000010010000000000000000000000000000000000000000000000000000000000000000001100000000000000000000000000000000000000000110000000000000000000000000000000000
000000000000000001100000000000000000000000000000000000000000000000000000000000000000000000000000000000000000000110000000000011010000011100000000000000001100000000000000000000000000000000000000000000000000000000000000000000000000000000000000000000000000000000000000110000000000000000000000000000000000
000000000000000001100000000000000000001100000000000000000000000000000000000000000000000000000000000000000000000110000000000011010100000000000000000001000000000000000000000000000000000000001100000000000000000000000000000000000000000000000000000000000000000000000000000000000000000000000000000000000000
000000000000000000000000000000000000001100000000000000000000000000000000000001100000000000000000000000000000000000000000000011010000010100000000000010100000000000000000000000000000000000001100000000010000000000000000000000000000000000000000000000000000000000000000000000000000000000011100000000000000
000000000000000000000000000000000000000000000001000000000000000000000000000010010000000000000000000000000000000000000000000000000000000110000000000010100000000000000000000000000000000010000000000000101000000000000000000000000001000010000000000000000000000000000000000000000000000000000000000000000000
000000000000000000000000000000000000000000000010100000000000000000000000000010100000000000000000000000000000000000000000000000000000001100000000000001000000000000000000000000000000000101000000000000110000000000000000000000000011000101000000000000000000000000000000000000000000000000000000000001000000
000000000000000000000000000000000000000000000010100000000000000000000000000001000000000000000000000000000000000000000000000000000000000000000000000000000000000000000000000000000000000000100000111000000000000000000000000000000011000010000000000000000000000000000000000000000000000000000000000010100000
000000000000000000000000000000000000000000000001000000000000000000000000000000000000000000000000000000000000000000000000000000000000000000000000000000000000000000000000000000000000001000100000000000000000000000000000000000000010000000000000000000000000000000000000000000000000000000000000000010100000
000000000000000000000000000000000000000000000000000000000000000000000000000000000000000000000000000000000000000000000000000000000000000000000000000000000000000000000000001000000000010101111000000000000000000000000000000001010000000000000000000000000000000000000000000000000000000000000000000001000000
000000000000000000000000000000000000000000011000000000000000000000000000000000000000000000000000000000000000000000000000000000000000000000000000000000000000000000000000011010000000000000101000000000000000000000000000000001001000000000000000000000000000000000000000000000000000000000000000000000000000
000000000000000000000000000000000000000000100100000000000000000000000000000000000000000000000000000000000000000000000000110000000000000000000000000000000000000000000000001011000000000000001100001000000000000000000000000001010000000000000000000000000000000000000000000000000011000001100000000000000000
000000000000000000000000000000000000000000011000000000000000000000000000000000000000000000000000000000000000000000000000110000000000000000000000000000000000000000000000000100000000000000000000010100000000000000000000000000000000000000000000000000000000000000000000000000000011000001100000000000000000
000000100000000000000000000000000000000000000000000000000011000000000000000000000000000000000000000000000000000000000000000000000000000000000000000000000000000000000000000000000000000110000000010100000000000000000000000000000000000000000000000000000000000000000000000000000000000000000000000000000000
000001010000000000000000000000000000000000000000000000000011000000000000000000000000000000000000000000000000000000000000000000000000000000000000000000000000000000000000000000000000000011000000001000000000000000000000000000100000000000000000000000000000000000000000000000000000000000000000000000000000
000001010000000000000000001000000000000000000000000000000000000000000000000000000000000000000000000000000000000000000000000000011000000011000000000000000000000000000000001100000000000001000000000000000000000000000000000011011000000000000000000000000000000000000000000000000000001100000000000000000000
000000100000000000000111001000000000000000000000000000000000000000000001100000000000000000000000000000000000000000000000000000100100000100100000000000000000000000000000001010000000000000000000000000110000000000000000000000100000000000000000000000000000000000000000000000000000010010000000000000000000
000000000000000000000000001000000000000000000000000000000000000000000001100000000000000000000000000000000000000000000000000000011000000011000000000000000000000000000000000100000000000000000000000000110000000000000000000000000000000000000000000000000000000000000000000000000000001100000000000000011000
000000000000000000000000000000000000000000000000000000000000000000000000000000000000000000000000000000000000000000000000000000000000000000000000000000000000000000000000000000000000000000000000000000000000000000000000000000000000000000000000000000000000000000000000000000000000000000000000000000011000
000000110000000000000000000000000000000000000000000000000000000000000000000000000000000000000000000000000000000110000000000000000000100000000000000000000000000000000000000000000000000000000000000000000000000000000000000000000000000000000000000000000000000000000000000000000000000000000000000000000000
000000110000000000000000000000000000000000000000001100000000000000000000000000000000000000000000000000000000001001000000000000000001010000000000000000000000000000000000000000000000000000000000000000000000000000000000000000000000000010000000000000000001000110000000000000000000000000000000000000000000
000000000000000000000000000000000000000000000000001100000000000000000000000000000000000000000000000000000000000101000000000000000001010000000000000000000000000000000000000000000000000000000000000000000000000000000000000000000000000101000000000000000000001011000000000000000000000000000000000110000000
000000000000000000000000000000000000000000000000000000000000000000000000000000000000000000000000000000000000000010000000000000000000100000000000000000000000000000000000000000000000000000000000000000000000000000000000000000000000000101000000000000000000101001000000000000000000000000000000000110000000
000000000000000000000000000000000000000000000000000000000000000000000000000000000000000000000000000000010000000000000000000000000000000010000000001110000000000000000000000000000000000000000000000000000000011000000000000000000000000010000000000000000001101110000000000000000000000000000000000000000000
000000000000000000000000000000000000000000000000000000000000100000000000000000000000000000000000000000101000000000000000000000000000000101000000000000000000000000000000000000001100000000000000000000000000011000000000000000000000000000000000011000000000000100000000000000000000000000000000000000000000
000000000000000000000000000000000000000000000000000000000000100000000000000000000000000000000000000000100100000000000000000000011000000101000000000000000000000000000000000000001100000000000000000000000000000000000000000000011000011000001100011000000000000000000000000000000000000000000000000000000000
000000000000000000000000000000000000000000000000000000000000100000000001000000000000000000110000000000011000000000000000000000100100000010000000000000000000000000000000000000000000000000000000000000000000000000000000000000011000011000010010000000000000000000000000000000000000000000000000000000000000
000010000000000000000000000000000000000000000000000000000000000000000001000000000000000000110000000000000000000000000000000000100100000000000000000110000000000001100000000000000000000000000000000000000000000000000000000000000000000000001100000000000000000000000000000000000000000000000000000000000000
000101000000000000000000000000000000000000000000000000000000000000000000001100000000000000000000000000000000000000000000000000011000000000000000001001000000000001010000000000000000000000000000000000000000000000000000000000000000000000000000000000000000000000000000000000000000000000000000000000000000
000110000000000000000000000000000001000000000000000000000000000011000000011110000000000100000000000000000000000000000000000000000000000000000000000110000000000000100000000000110000000000000000000000000000000000000000000000000000000010000000000000000011100000000000000000000000000000000000000000000000
000000000000000000001100000000000010100000000000000000000000000001100000111000100000001010000000000000000000000000000000000000000000000000000000000000000000000000000000000000101000000000000000000000001100000000000000000000000000000101000000000000111100010000000000000000000000000000000000000110000000
000000000000000000010010000000000010010000000000000000000000000100000000100000010000000100000000000000000000000000000000000000000000000000000000000000000000000000000000000000010000000000000000000000001100000000000000000000000000000101000000000001110101010000000000000000000000000000000000000110000000
000000000000000000001100000000000001100000000000000000000000000000100000000001110000000000000000000000000000000000000000000000000000000000000000000000000000000000000000000000000000000000000000000000000000000000000000000000000000000010000000000011000100100000000000000000000000000000000000000000000000
000000000000000000000000000000000000000000000000000000000000000000000000000000000000000000000000000000000011000000000000000000000000000000000000000000000000000001100000000000000000000000000000000000100000000000000000000000001010000000000000000100100000000000000000000000000000000000000000000000000000
000000000000000000000000000000000000000000000000000000000000000001111100000000000000000000000000000000000100100000000000000000000000000000000000000000000000000001100000000000000000000000000000000001010000000000000000000000000110000000000000000100000001100000000000000000000000000000000010000000000000
000000000000000000000000000000000000000000000000000000000000000000000000000000000000000000000000000000000011000000000000000000000000000000000000100000000000000000000000000000000000000000000000000001010000000000000000000000000100000000000000000010000101001000000000000000001000000000000101000000000100
000000000000000000000000000000000000000000000000000000000000000000000000000000000000000000000000000000000000000000000000000000000000000000000000100000000000000000000000000000000000000000000000000000100000000000000000000000000000000000000000000000000111100000000000000000001000000000000101000000001010
000000000000000000000000000000000000000000000000000001100000000000000000000000000000000000000000000000000000000000000000000000000000000000000000100000000000000000000000000000000000000000000000000000000000000000000000000000000000000000000000000000000100000001100000000000001000000000000010000000001001
000000000000000000000000000000000000000000000000000001100000000000000000000000000000000000000000000000000000000000000000000000000000000000000000000000000000000000000000000000000000000000000000011000000000000011100000000000000000000000000000000000000000000001100000000000000000000000000000000000000110
000000000000000000000000000000000000000000000111000000000000000000001010000000000000000000000000000110000000000000000000000000000000000000000000000000000000000000000000000000000000000000000000100100110001100000000000000000000000000000000000000000000000000000000000000011100011100000000000000000000000
000000000000000000000000000000000000000000000000000000000000000000000001000000000000000000000000000110000011000000000000000000000000000000000000000000000000000000000000000000000000000000000000011000101001100000001000000000000000000000000000000000000000000000000000000000000000000000000000000000000000
000000000000000000000000000000000000000000000100100000000000011100010101000000110000000000000000000000000011000000000000000000000000000000000000000000000000000000000000000000000000000000000000000000101000000000001000000000000000001100000000000000000000000000000000000000001000000000000000000000000000
000000000000000000000000000000000000000000000100100000000000010100010010000000110000000000000000000000000000000000000000000000000000000000000000000000000000000000000000000000000000000000000000000000001100000000001000000000000000001100000000000000000110000000000000000000001000000000000000000000000000
000000000000000010000010000000000000000000000011000000000000100000011000000000000000000000000000000000000000000000000000000000000000000000000000000000000000000000000000000000000000000000000000000000000000000000000000000000000000000000000000000000000110000000000000000000001000000000000000000000000000
000000111000000010000010000000100000000000000010000000000000000000001011000000000000000000000100000000000000000000000000000000000000000000111000000000000000000000000000000000000000000000000000000000100000000011100000000000000000000000100000000000000000000000000000000000000000000000000001110000000000
000000000000000011000110000000100000000000011010000000000000000000000110100000000000000000001010000000000000000000000000000000000000000000000000000000000000000000000000000000000000000000000000000000000000000000000000000000000000000000100000000000000000000000000000000000000000000000000000000000000000
000000000000000000000000000000100000000001000100000000000000010000000000100000000000000000001100000000000000110000000000000000000000000000000000000000000000000000000000000000000000000000110000000000000000000000000000000000000000000000100000000000000000000000000000000000000000000000000000000000000000
000000000000111001101100111000000000000001001000000000000000111000000100100000000000000000000000000000000000110000000000000000000000000000000000000000000000000000000000000000000000000001001000000000000000000000000000000000000000000000000000000000000000000000001100000000000000000000000000000000000000
000110000000001010101010100000000000000001001000000000000000111000000011000000000000000000000000000000000000000000000000000000000000000000000000000000000000000000000000000000000000000001001000000000000000000000110000000000000000000000000000000000000000000000001100000000000000000000000000000000000000
000110000000000011000110000000000000000000000000000000000000000000000000000000000000000000000000000000000000000000000000000000000000000000000000000000000000000000000000000000000000000000110000000000000000000000110000000000000000000000000000000000000000000000000000000000000000000000000000000000000000
