300 300
000000000000001100001000000000000000000000000000000000000000000000000000000000000000000000000000111000000000000000000000000000000000000000000000000000000000000000000000000000000000000001000000100000000000000000000000000000000000000000000000000000000000000000000000000000000000000000000010000000000000
000000000000010010001000000000000000000000000000000000000000000000000000000000000000000000000000101000000000000000000000000000000000000000000000011101000000000000100000000000000000000010100000100000000000000000000000000011100000000000001100000000000000000000000000000000000000000000000010000000000000
000000000000001100001000000000000000000000000000000000000000000000000000000000000000000000000000100110000000000000000000000000000000000000010000100001001100000000110000000000000000000100100000010000000000000000000000000000000000000000010010000000000000000000000000000000000000000000000010000000000000
000000000000000000000000000000000000000000000000000000000000000000000110000110000000000001000000000110000000000000000000000000000000000000001000101101000000000001001000100000000000000011001100000011100000000000000000000000000000000000010100000000000000000000000000000000000000000000000000000000000000
000000000000000000000000000000000000000000000000000000000000000000001001000110000000000010100000010110000000000000000000000000000000000000101000110000000000000000110000100000000000000000001110100010100000000000000000000000000000000000001000000000000000000000000000000000000000000000000000000000000000
000000000000000000000000000000000000000000000000000000000000000000000110000000000000000010100000011000000000000000000000000000000000000000100000000000000000000000100000100000000000000000011011100100100000000000000000000000000000000000000000000000000000000000000000000000000000000000000000000000000000
000000000000000000000000000000000000000000000000000000000000000000000000000000000000000001000000000000000000000000000000000000000000000000000000000000000000000000000000000000000000000000011000000101000000000000000000000000000000000000000000000000000000000000000000000000000000000000000000000000000000
000000000000000000000000000000000000000000000000000000000000000000000000000000000000000000000000000000000000000000000000000000000000000000000000000000000000000000000000000000000000000000001000111110000000000000000001100000000000000000000000000000000000000000000000000000000000000000000000000000000000
000000000000000000000000000000000000000000000000000000000000000000000000000000000000000000000000000000000000000000000000000000000000000000000000000000000000000100110000000000000000000000001100110000000000000000000001100000000000000000000000000000000000000000000000000000000000000000000000000000011000
000000000000000000000000000000000000000000000000000000000000000000000000000000000000000000000000000000000000000000000000000000000000000000000000000000000000000001010000000000000000000000000011110000000000000000000000000000000000000000000000000000000000000000000000000000000000000000000000000000011000
000000000000000000000000000000000000000000000000000001000000000000000000000000000000000000000000000000000000000000000000000000000000000000000000000000000000000000100000000000000000000000000000000000000000000000000000000000000000000000000000000000000000000000000000000000000000000000000000000000000000
000000000000000000000000000000000000000000000000000001100000000000000000000000000000000000000000000000000000000000000000000000000000000000000000000000000000000000000000000000000000000000110000000000000000000000000000011000000000000000000000000000000000000000000000000000000000000000000000000000000000
000000000000000000000000000000000000000000000000000010010000000000000000000000000000000001000000000000000110000000000000000000000000000000000000000000000000000000000000000000000000000000110000000000000000000000000000011000000000000000000000000000000000000000000000000000000000000000000000000000001100
000000000000000000000000000000000000000000000000000000100000000000000000000000000000000011010000000000000110000000000000000000000000000000000000000000000000000000000000000000000000000000000000110000000000000000000100000000000000000000000000000000000000000000000000000000000000001100000000001000001100
000000000001100011000000000000000000000000000000000000110000000000000000000000000000000010011000000000000000000000000000000000000000000000000000000000000000000000000000000000000000000000000000110000000000000000000100000000000000000000000000000000000000000000000000000000000000001100000000001000000000
000000000001100011000000000000000000000000000000000000010000000000000000000000000000000110110000000000000000000000000000000000000000000100000000000000000000000000000010000000000000000000010000000000000000000000000100000000000011100000000000000000000000000000000000000000000000000000000000001000000000
000000000000000000000000000000000000000000110000000000111000000000000000000000000000000001000000000000000000000000000000000000000000001010000000001110000000000000000101000000000011100000101000000000000000000000000000000000000000000000000000000000000000000000000000000000000000000000000000000000000000
000000000000000000001100000000000000000000110000000000000000000000000000000000000000000000000000000000000000000000000111000000000000000110000000000000000000000000000110000000000000000001000100000000000000000000000001110000000000001000000000000000000000000000000000000000000000000000000000000000000000
000000011000000000010010000000000000000000000000000000000000000000000000000000000000000000000000000000000000000000000000000000000000000000000000000000000000000000000000000000000000000010000100000000000000000000000000000000001100001000000000000000000000000000000000000000000000000000000000000000000000
000000011000000000001100000000000000000000000000000000000000000000000000000000000000000000000000000000001100000000000000000000000000000000000000000000000000000000000000000000000000000010000100000000000000001000000000000000001100001000000000000000000000000000000000000000000000011100000000000000000000
000110000000000000000000000000000000000000000000001100000000000000000000000000000000000010000000000000001100000000000000000001110000000000000000000000000000000000000000000000000000000000001100000000000000000100000000000000000000000000000000000000000000000000000000000000000000000000000000000000000000
001001000000000000000000000000000000110000000000001011010000000000010000000000000000000101000000000000111000000000000000000000000000000000000000000000000000000000000000000110000000000000110000000000000000000110001000000000000000000000000000000000000000000000000000000000000001000001000000000000000000
000110000000000000000000000000000000110000000000000010010001000000100000100000000000000101000000000000000010000000000000000000000100000001100000000000000000000000000000000110000000000000000000000000000000000010110100000000000001100000000000000000000000000000000000000000000001000001000000000000000000
000000000110000000110000000000000000000000000000000101001010110000101100010000000000000010000000000000001001000000000000000000000100000001100000000000000000000000000000000000000000000000000001000000000011001010000100000000000001100000000000000000000000000000000000000000000001000001000000000000000000
000000000110000000110000000000000000000000000000011100000100101000011111010000000000000000000000000000000100100000000000000000000100000000000000000000000000000000000000000000000000000000000101000000000011000000001000000000000000000000000000000000000000000000000000000000000000000000000000000000000000
000000000000000000000000000000000000000000000000001000000011000000001111100000000000000000000000000000000101000000000000000000000000000000000000000000000000000000000000000000000000000000010000000000000010000110000000000011000000000000100000000000000000000000000000000000000000011100000000000000000000
000000000000000000000000000000000000000000000000010000000111000000000000000000000000000000000000000000000000000000000000000000000000000000000000000000000000000000000000000000000000000000001110000000000000010010000000000100100000000001010000000000000000000000000110000000000000000000000000000000000000
000000000000000000000000000000000000000000000000000000101011000000011000000000000000000000000000000000011000000000000000000000000000000000000000000000000000000001110000000000000000000000100100000000000110001110110000001101100000000001010000000000000000000000000110000000000000000000000000001110000000
000000000000000000000000000000000000000000000000000100011100000000011000000000000000000000000000000000011000000000000000000000000000000000000000000000000000000000000000000000000000000000010000000000001100000001000000001001000000000000100000000000000000000000000000000000000000000000000000000000000000
000000000000000000000000000000000000000000000000000111101000000000000000000000000000000000000000000000000000000000000000000000000000000000000000000000000000000000000100000000000000000000010000000000011000011000000000000110000000000000000000000000000000000000000000000000000000000000000000000000000000
000000000000000000000000000000000000000000000000000110110000000000000000000000000000000000000000000000000000000000000000000010000000000000000000000000000000000100000100000000000000000000000000000000001010000000000000000000000000000000000000000000000000000000000010000000000000000000000000000000000000
000000000000000000000000000000000000000000000000000001100000000000000000000000000000000000000000000000000000000000000000000101000000000000000000000000000000001010000100000000000000000000000000000000001001001000000000000000000000000000000000000000000000000000000010000000000000000000000000000000000000
000000000000000000000000000000000000000000000000000000000000000000000000000000000000000000000000000000000000000000000000000010000000000000000000000000000000000000000000000000000000000000000000000000100000110001100000000000000011100000000000000000000000000000000010000000000000000000000000000000000000
000000000000000000100000000000000000000000000000000000000000000000000000000000000000000000000000000000000000000000000000000000000000000000000000000000000000011110000000000000000000000000000000000000100000010001010000000000000100100000000000000000000000000000000000000000000000000000000000000000000000
000000000000000001010000000000000000000000000000000000000000000000000000000000000000000110000000000000000000000000000000000000000000000000000000000000000000011000000000000000000000000000000000000000101110110000110000000000011101100000000000000000000000000000111000111000001100000000000000000000000000
000000000000000001001000000000000000000000000000000000000000000000000000000000000000001001000100000000000000000000000000000000000000000000000000000000000000000000000000000000000000000000000000000000000000100010100000000000100101100000000000000000000000000000000000000000001100000000000000000000000000
000000000000000000110000000000000000000000000000000000000000000000000000000000000000000101001010000000000000000000100000000000000001000000000000000000000000000000000000000000000000000000000000000000000111100010100011000000100101000000000000000000000000000000000010000000000000000000000000000000000000
000000000000000000000000000000000000000000000000000000000000000000000000000000000000000010001010000000000000000001010000000000000010100000000000000000000000000010000000000000000000000000000000000000000100101000010011100000011110000000000000000000000000000000000010000000000000000000000000000000001100
000000000000000000000000000000000000000000000000000000000000000000000000000000000000000000000100000000011000000000100000000000000010100000000000000000000001101001000000000000000000000000000000000000000000110011010011000000001100000000000000010000000000000000000010000000000000000000000000000000001100
000000000000000000000000000000000000000000000000000000000000000000000000000000000000000000000000000000011000000000000000000000000001000000000000000000000000001001000000000000000000000000000000000000000000111001011110000000000000000000000000010000000000000000000000000000000000000001000000000000000000
000000000000000000000000000000000000000000000000000000000000000000000000000000000000000000000000000000000000000000000000000000000000000000000000000000000010111010000000000000000000000000000001001000000000010001000100000000000000000000000000010000000000000000000000000000000000000111100000000000000000
000000000000000000000000000110000000000000000000000000000000000000000000000000000000000000000000000000000000000000000000000000000000000000000000000000000010110000000110000000000000000110000011000100000000001010000000000000000000000000000000000000001100000000000000000000000000001100010110000000000000
000000000000000000000000001001000000000000000000000000000000000000000000000000000000000000000000000000000000000000000000000000000000000000000000000000000010100000000110000000000000000110000001000100000000000100000000000000000000000000000000000000001100000110000011000000000000010001000000000000000000
000000000000000000000000000101000000000000000000000000000000110000000000000000000000000000000000000000000000000000000000000000000000000000000000000000000000000000000000000000000000000000000001000100000000000000000000000000000000000000000000000000000000000110000011000000000000110011000001000000000000
000000000000000000000000000010000000000000000000011000000000110000000000000000000000000000000000000000000000011100111000000000000000000000000000000000000000000000000000000000000000000000000001001000000000000000000000000000000000000000000000000000000000000000000000000000000000101011001011000000000000
000000000000000000000000000000000000000000000000011000000000000000000000000000000000000000000000000000000000000000000000000000000000000000000000000000000000000000000000000000000000000000000000100000000000000000000001100000000000000000000000000000000000000000000000000000000000010001010110000000000000
000000000000000000000000000000000000000000000000000000000000000000000000000000000000000000000000000000000000000000000010000000000000000000000000000011001100000000000000000000000000000000000000000000000000000000000010010000000110000000000000000000000000000001000000000000000000000000011000000000000000
000000000000000000000000000000000000010000000000000000000000000000000000000000000000000000000000000000000000000000000010000000000000000000000000000101001100000000000000000000000000000000001000000000000000000000000001100000000110000000000000000000000000000010100000000000000000000001110000000000000000
000000000000000000000000000000000000101000000011100000000000000000000000000000000001000000000000000000000000000000000010000001100000000000000000000010000000000000000000000000000000000000001000000000000000000000000000000000000000000000000000000000000000000010100000000000000000000000100000000000000000
000000000000000000000000000000000001100000000010100000000000000000000000000000000010100000000000000000000000000000000000000001100000000000000000000000000000000000000000000000000000000000001000000000000000000000000000000000000000000000000000000000000000000001000000000000000000000000000000000000000000
000000000000000000000000000000000000100000000010100000000000000000000000000000000010010000000000000000000000000000000000000000000000000000000000000000000000000000000000000000000000001100000000000000000000000000000000000000000000000000000000000000000000000000000000000000000000000110110000000000000000
000000000000000000000000000001110000110000000000000110000000000000000000000000000001100000000000000000000000011100000000000000000000000000000000000000000000000000000000000000000000001100000000000000000001000000000000000000000000000000000000000000000000000000000000000000010000000111010110000000001110
000000000000000000000000000001000000000000000000001001100000000000000000000000000000000000000000000000000000000000000000000000000000000000000000000000000000000000000000000000100000000000000000000000000111110000000000000000000000010000000000000000000000000000000000000000010000001110001001100000000000
000000000000000000000000000000010000000000000000100000100000001000000000000000000000000000000000000000000000000000000000000000000111000000000000000000000000110000000000000001110000000000011000000000000100111000000000000000000000010000000000000000000110000000000000000000111000001100011000000000000000
000000000000000000000000000011000000000000000001000000100000001000000000000000000000000000000000000000000000000000000000000000001110100000000000000000000001001000000000000010110000000000100100000000000110110000000000000000000000010000000000000000000110000000000000000000000000000110001100100000000000
000000000000000000000000000011100001000000000000000011000000001000000000000000000000000000000000000000000000000000000000000000011001100000000000000000000000110000000000000011000011100000011000000000110101100110000000000000000000000011100000000000000000000000000000000001000000000000000011000000000000
000000000000000000000000000001000001000001000001001100000000000000000010000000000000001000000000000000000000000000000000000000001001100000000000000000000000000000000000000000000000000000000000000000111101000001000000000000000000000010000000000000000000000000000000000000100000100000000000000000000000
110000000000000000000000000000100000000110000000010000000001100011010001000000000000010010000000000000000000000000000000000000000111000000000000000000000000000000110000000000000011000000000000000000000010010000000000000000000000000001000000000000000000000000000000000001001010010000000000000000000000
110000000000000000000000000001000000001001001100000000000010010001010000000000000000000010000000000000000000000000000000000000000010000000000000000000000000000000110000000000000000000000000000000000000001000001000000000000000000000000000000011100000000000000000000000001100001000000000000000000000000
000000000000000000000000000001000000000001011100000000000010100001000000000000000000000001000000000000000000000000000000000000000000000000000000000000000000000000000000000000000000000000000000000000000000110000100000000000000000000000000000010010000000000000000000000001000100110000000000000000000000
000000001100000000000011000000000000010001011000000000000001000000101000110110001101100010100000000000000000000000000000000000000000000000000000000000000000000000000000000000000000000000110000000010000000001000010000000000000000000000000000100110000000001000000000000001011000000110000000000000000000
000000010010000000000011000000000000010000000000000000000000000000100000000110001100000000100000000000000000000000000000000000000000000000000000000000000000000000000000000000000000000001101000000111110000000011010000000000000000000000000000110001100000001000000000000000111011101001000000000000000000
000000001100000000110000000000000000000000000000000000000000000000100000000010001000000000100000000000000000000000000000000000000000000000000000000000000000000000000000000000000000001000100100000000001000000000100000000000000000000000000000000010010000001000000000000000000011010010000000000000000000
000000000000000001001000000000010000001110000000000000000000000000101000000000000000000010100000000000000000000000000000000000000000000000000000000000000000000000000000000000000001111110010000001101001000000000000000000000000000000000000000000010010000000000000000000000000011010000000000000000000000
000000000000000001101000000000101000000000000000000000000000000000000111111000000011111100000000000000000110000000000000000000000000000000000000000000000000000000000000000000000000110010000010001110110000000000000000000000000000000000000000000010010000000000000000000000000010000010011000000000000000
000000000000000100001100000000101000000000000000000000000100000000000000000000000000000000000000000000000110000000000000000000000000000000000000000000000000000000000000000000000000000110001010000000000000000000001100000000000000000000000000110001100000000000000000010101110000011000110100000000000000
000000000000001000000000000000100000000000000000000000000110000000000000000000000000000000000000000000000000000000000000000000000000000000000000000000000000000000000000110000000000000000001100000000000000000000001100000000000000000000000000100110000000000000000000100100000000011001011111000000000000
000000000000000110000000000001001000000000000000000000000010000000000000000000000000000000000000000000000000000000000100000000000000000000000000000000000000000000000000110000000000000000000000000000100000000000000000000000000000000000000000010010000000000000000000010001000000000100011000000000000000
000000000000000110100000010000101000000000000000000000000000000000000000000011011000000000000000000000000000000000001010000000000000000000000000000000001100000000000000000000000000000000000000000001100011000000000000000000000000000000000100011100000000000000000000000001000000000001100101000000000000
000000000000000000110000101000010000000000000000000000000000000000000000000110001100000000000000000000000000000000001001000000000000000000000000000000001100000000000000000000000000000000000000011000010010000000000000000000000000000000011111000000000001010000000000001000000000000000000010000000000000
000000011000000000000000010000000000011000000000000000000000110000000000000111011100000000000000000000000000000100000110000000000000000000000000000000000000000000000000000000000000000000000000010110100000100000000000000000000000000000111011000000000010010000000000000101000000000000000000000000000000
000000011000000000000000000000000000011000000000000000000000101100000000000111011000000000000000000110000000001010000000000000000000000000000000000000000000000000000000000000000000000000000000011010110000100000000000000000000000000000011111000000000011000000100000000001110000000000000000000000000000
000110000000000000000000000000000000000000000000000000000001100000000000000111010010000000000000000110001000001010000000000000001010000000000000000000000000000000000000000000000000000000000000000000000000000000000000000000000000000000000100000000000000000010001000000000000000010100000001100000000000
000110000011100000000000000000000000000000000000000000000000000100000000000010110010000000000000000000001000000100000000000000010011010000000000000000000000000110000011100000000000000000000000000000000000000000000000000000000000000000000000000000000000000100001000000000110000010010111100100000000000
000000000000000000000000000000000000000000000000000000000001111000000000000001100000000000000000000000001000000000000000000000100000111000000000000000000110001001000000000000000000000000000000000000000000000000000000000000000000000000000000000000000000001100000100000101001000110110000011000000000000
000000000000000000000000000000000000000000000000000000000000100000000000000000000000000000000000000000000000000000000000000000100100110100000000000000001010000110000000000000011001100000000001000000000000000000000000000000000000000000000000000000000000001100111000000100001000011010001000000000000000
000000000000000000000000000000000000000000000000000000000000000000000000000000000011000000000000000000000000000000000000000011000000010110000000000000000010000000000000000000011001100000000010100000000000000000000000000000000000000000000000000000000000000000011000000000001000001101010000000000000000
000000000010000000000000000000000000000000000000000000000000000000000000000000000011000000000000000000000000000000000000000101000010001100000000000000000000000000000000000000000000000000000001100000000000001000000000000000000000000000000000000000000000000000100000000100010000000110000000000000000000
000000000010000000000000000000000000000000000000001000000000000000000000000000000000000000000000000000000000000000000000001000010100001000000000000000000000000000000000000000000000000000000000000000000000010100000000000000000000000000000110000000000000000000000000000000000000000001000000000000000000
000000000010000000000000000000000000000000000000001000000000000000000000000000000000000000000000000000000000000000000000011000001000000000000000000000000000000000000000000000011000000000110000000000000000010100000000000000000010000000000110000001010000000000000000000010010000000010000000000001100000
000000000000000000000000000000000000000000000000001000000000000000000000000000000000000000000000000000000000000000000000110001000000000000000000000000000000000000000000000000011000000001001000000000000000001000000000000000000010000000000000000001100000000000000000000000000000000010000000000001100000
000000000000000000000000000000000001000000000000000000000000000000000000000000000000000000001100000000000000000000000000011110000000000000000000000000000000000000000000000000000000000000110000000000000000000000000000000000000010000000000000000000100000000000000000000000000000000000000000000000000000
000000000000000000000000011100000010100000000011100000000000000000000000000000000000000000001100000000000000000000000000011100000000000000000000000000000000000000000000000000000000000000000000000000000000000000000000000000000000000000000000000000000000000000000000011000000011100000000000000000000000
000000000000000000000000000001110010100000000000000000100000000000000000000000000000000000000000000000000000000000000000010000000000000000000000000000000000000000000000000000000000000000000000010000000000000000000000000000111000111000000000000000000000000000000000100100000110100000000000000000000000
000000000010000000000001000010001001000000000000001000100011000000000000000000000000000000000000000000000000000000000001110000000000000000000000000000000000000000000000000000000000000000000000101000000000000000000000000000000000000000000000000000000000000000000000011000001000000000000000000000000000
000000000010000000000010100100000100000000000000001000100110110000000000000000000000000000000000000000000000000000000000000000000000000000000000000000011100000000000000000000000000000000000000101000000000000000000000000000000010000000000000000000000000000000000000000000000110000000000000000000000000
000000000010000000000010100000000100000000000000001000001111110000000000000000000000000000000000000000000000000000000000010000000000000000000000000000000000000000000000000000000000000000000000010000000000000000000000000000000010000000000000000000000000000000000000000000000010000111000000000000000000
000000000000000000000001000100000100000000000000000000000100011000000000000000000000000000000000000000000000010100000000101000000000000000000000000000000000000000000000000000000000000000000000000000000000000000000000000000000010000000000000000000000000000000000000000000010000001111110000000000000000
000000000000000000000000000101101000000000000000000000111010011000000000000000000000000000000000000000000001110011000000101000000000000000000000000000000000000000000000000000000000000000000000010000000000000000000000000000000000000000000000000000000000000000000000000000101000001111110000000000000000
000000000000000000000000000101110000000000000000000000011000000000000000000000000000000000000000000000000000000011000000111000000000000000000000000000000000000000000000000000000000000000000000101000000000000000000000000000000000000000000000000000000000000000000000000000011000000100100000000000000000
000000000000000000000000000100000000000000000000000000000101100100000000000000000000000000000000000000000010010000000000000000000000000000000000000000000000000000000000000000000000000000000000101000000000000000000000000000000000000000000000000000000000000000000000000000000000000011000000000000000000
000000000000000000000000000000000000000000000000000000000100010100000000000000000000000000000000000000000001100000000000000000000000000000111000000000000000000000000000000000000000000000000000010000000000000000000000000000000000000000000000000000000000000000000000000000000000000000000000000000000000
000000000000000000000000000000000001110000000000000000000000001000000000000000000000000000000000000000000000000000000000000000000000000000000000000000000000000000000000000000000000000000000000000000000000000000000000000000000000000000000000000000000000000000000000111000000000000000000000000000001100
000000000000000000000000000000000000110000000000001110001010000000001100000000000000000000000000000000000000001010000000000000000000000000000000000000000000000000000000000000011100000000000000000000000000000000000000000000000000000000001000000000000000000000000001110000000000000000000000000000001100
000110000000000000000000000000000110000000000000001011010010000000100100000000000000000010000000101000000000001010000000000000000000000000000000000000000000100000000000000000000000000000000000000000000000000000000000000000000000000000001000000000000000000000000000000000000000000000000000000000000000
000110000000000000000000000000000000000000000000000111000111101111001000000000000000000111000000110000000000000100000100000000000000000000000000000000000001010000000000000000000000000000000000000000000000000000000000000001100110000000001000000000000000110000000000000000000000000000000000000000000000
000000000000000000001000000000000000101000000000000000001110000001001000000000101001100110100000010000000000000000001010000000000000000000000000000000000000100000000000000000000000000000000000000000000000000000000000000001111110000000000000000000000000110000000000000000000000000000000000000000000000
000000000000000000001000000000000000101000000000000000010000000010001000000001011000101100100000000000000000000000000000000000000000000000000000000000000000000000000000000000000000000000000000000000000000000000000000000001100110000000000000000000000000000000000000000000000000000000000000000000000000
000000000000000000001000000000000000101000000000000000000010000000011100000000000000011100000000000000000000000000000000001100000000000000000000000000000000000000000000000000000000000000000000000000000000000000000000000000000000000000000000000100000000000000000000000000000000000000000000000000000000
000000000000000000000000000000000000000000000000000000000001000011010100000000000000100100000000000000000000000000000000100011000000000000000000000000000000000000000000000000000000000000000000000000000000000000000000000000000000000000000000001010000000000000000000000000000000000000000001100000000000
000000000000000000000000000000000000000000000000000000100000010000010000000000000111011000000000000000000000000000000101000110100000000000000000000000000000000000000000000000000000000000000000000000000000000000000000000000000000000000000000001100000000000000000000000000000000000000110000010000000000
000000000000000000000000000000000000100000000000000000100000000100000100000000110000010000000000000000000000000000000011000110110000000000000000000000000000000000000000000000000000000000000000000000000000000000000000000000000000000000000000000000000000000000000000000000000000000000110010000000000000
000000000000000000000000000000000001001001010000000000100000000000000100000000001011000000000000000000000000000000000001100001100000000000000000000000000000000000000000000000000000000000000000000000000000000000000000000000000000000000000000000000000000000000000000000000000000000000000001100000000000
000000000000000000000000000000000001000000010000000000000000000001000100000000000110110000000000001000000000000000000000000111000000000000000000000000000000000000000000000000000000000001100000000000000000000000000000000000000000000000000000000000000000000000000000000000000000000000000000000000000000
000000000000000000000000000000000000100000011000000000000000000000000000000000000001001000000000001100000000000000000000000000000000000000000000000000000000000000000000000000000000000001100000000000000000000000000000000000000000000000000000000000000000000000000000000000000000000000000000000000000000
000000000000000110000000000000000000000000010000000011000000000000100000000000000000011000000000010010000000000000000000000000000000000000000000000000000000010000000000000000000000000000000000000000000000000000000000000000000001000000000000000000000000000000000000000000000000000000000000000000000000
000000000000000110000000000000000000000111100000000100100000000000100000000000000000001100001110001010000000000000000000000000000000000000000000000000000000101000000000000000000000000000000000000000000000000000000000000000100001100000000000000000000000000000000000000000000000000000000000000000000000
000000000000000000000000000000000000000001000000000010100000000000000000000000000100010110000000001100000000000000000000000000000000000000000000000000000001001000000000000000000000000000000000000000000000000000000000000000110100100000000000000000000000000000000000000000000000000000000000000000000000
000000000000000000000000000000000000000000000000000001000000000000000000000000000010100001100000000000000000000000000000011011000000000000000000000000000000110000000000000000000000000000000000000000000000000000000010000000000001000000000000000000000000000000000000000000000000000000000000000000000000
000000000000000000000000000000000000000000011000000000000000000000000000000010000000000110100000000000000000000000000000010001000000000000000000000000000000000000000000000000110000000000000000000000000000000000000010000000000100000000000000000000000000000000000000000000000000000000000000000000000000
000000000000000000000000000000000000000001100100000000000000000000000000000111000000010000000000000000000000000000000000001100110000000000000000000000000000000000000000000000101000000000000000000000000000000000000010000000000000000000000000000000000000000000000000000000000000000000000000000000000000
000000000000000000000000000000000000000001101100000000000000000000000000001010100000000000000000000000000000000000000000000010110000000000000011000000000000000000000000000000010000000000000000000000000000000000000000000000000000000000000000000000000000000000000000000000000000000000000000000000000000
000000000000000000000000000000000000000001001100000000000000000000000000000000000000000000000000000000000000000000100000000000110000000000000011000000000000000000000000000000000000000000000000000000000000000000000000000000000000000000000000000000000000000000000000000000000000000000000000000000000000
000000000000000000000000000000000000000000110000000000000000100000000000101101000000000000000000000000000000000001110000110000000000000000000000000000000000000000000000000000000000000000000000000000000000000000000000000000000000000000000000000000000000000000000000000011000000000000000000000000000000
000100000000000000000000000000000000000000000000000000101011011000000010110110100000000000000000000000000000000011111000000000000000000000000000000000000000000000000000000000000000000000000000000000000000000000000000000000000000000000000000000000000001100000000000000010000000000000000000000000000000
001010000000000000000000000000000000000000000000000000101000100000000100000110010000000000000000000000000000000110001100000001000000000000000000000000000000000000000000000000000000000000000000000000000000000000000000000000000000000000000000000000000001100000000000110100000000000000000000000000000000
001100000000000000000000000000000000000000000000000000100000000000000011000010010010000000000000000000000010001110001110100001000000000000000000000000000000000000000011000000000000000000000000000000000000000000000000000000000000000000000000000000000000000000000001000100000000000000000000000000000000
000000000000000000000000000000000000000000000000000000000000000000000001000001100011000000011000000000000101000110001100010010000000000000000000000000000000000000000100100000000000000000000000000000000000000000000000000011100000000000000000000000000000000000000000000100000000000000000000000000000000
000000000000000000000000000000000000000000000000000000000000000000000000000000000011100000110100000000000101000011111000000100000000000000000000000000000000000000000011000000000000000000000000000000000000000000000000000010100000000000000000000000000000000000000010000100000000000000000000000000000000
000000000000000000000000000000000000000000000000000000000000000000000000000000000000010001101000000000000010000001110000000000000000000000000000000000000000000000000000000000000000000000000000000000000000000000011100000110000000000000000000000000000000000000000000001000000000000000000000000000000000
000000000000000000000000000000000000000000000000000000000000000000000001101100111000001010001100000000000000000000100000000000000000000000000000000110000010000000000000000000000000000000000000000000000000000000100010000000000000000000000000000000000000000000000000101100000000000000000000000000000000
000000000000000000000000000000000000000000000000000000000000000000000011000110001111000000001100000000000000000000000000000000000000000000000000000110000101000000000000000000000000000000000000000000000000000010000001000000000000000000000000000000000000000000000000100100000000000000000000000000000000
000000000000000000000000000000000000000000000000000000000000000000000001101100000110000010001100000000000000000000000000000000000000000000000000000000000101000000000000000000000000000000000000000000000000000100000010100000000000000000000000000000000000000000000000011100000000000000000000000000000000
000000000000000000000000000000000000000000000110000000000001100000000000111000000111100111000000000000000000000000000000000000000000000000000000000000000010000000000000000000000000110000000000000000000000000011101110001110000000000000000000000000000000000000000000001000000000000000000000000100000000
000000000000000000000000000000000000000000011000000000000010010000000000010000000010000000000000010011100000000000000000000000000000000000000000000000000000000000000000000000000000110000000000000000000000000001111010110000000000000000000000000000000000000000000000000000000000000000000000001010000000
000000000000000000000000000000000000000000010000001000000001100000000000000000000000010000000000101000000000000000000000000000000000000000000000000001100000001100000000000000000000000001000000000000000000000000001100010000000000000000000000000000000000000000000000000000100000000000000000001010000000
000000000000000000000000000000000000000000011110000100000000000000000000000000000000100000000001001000000000000000000000000000000000000000000000000010010000010010000000000000000000000010100000000000000000000000000100000000000000000001000000000000000000001000000000001101011000000000000000000100000000
000000000000000000000000000000000000000000000000011000000000000000000000000000011000000000000000110000000000000000000000000000000000000000000000000001100000001100000000000000000000000011000000000000000000000000000000000000000000000001000000000000000000000100000000001101000100000000000000000000000000
000000000001100000000000000000000000000000000000010000000000000000000000000000011000000001111100000000000000110000000000000000000000000000000000010000000000000000000000000000000000000000000000000000000000000000000000000000000000000001000000000000000000011100000001000000110100000000000000000000000000
000000000001100000000000010000000000000000000000000000000000000000000000000000000000000000000000000000000000110000000000000000000000000010000000010000000010000000000000000000000000000000000000000000000000000000000000000000000000000000000000000000100000000000000001000000001000000000000000000000000000
000000000000000000000000010000000000000000000001000000000000000000000000000000000000000000000000000000000000000000000000000000000000000101000000010000000101000000000000000000000010000000000001100000000000000000000000000000000000000000000000000001010000000000000001000000000000000000000000000000000000
000000000000000000000000010000000000000000000010000000000000000000000000000000000000000000000000000000000000000000000000000000000000000110000000000000000101000000000000000000000010000000000010010000000000000000000001000000000000000000000000000001010000000000000000000000000000000000000000000000000000
000000000000000100000000000000000000000110000001000000000000000000000000000000000000000000000000000000000000000000000000000000000000000000000000000000000010000000000000000000000010000000000001100000000001100000000010100000000000000000000000000000100000000000000000011100000000000000000000000000000000
000000000000001010000111000111000000000110000000000000000011000000000000000000000000000000000000000000000000000000000000000000000000000000000000000000000000000000000000000001100000000000000000000000000001100000000010100000000000000000000000000000000000000000000000000000000000000000000000000000000000
000000000000010010000000000000000000000000010000000000000011000000000000000000000000000000000000000000000000000000000000000000000000000000000000000000000000000000000000000010010000111000000000000000000000000000000001000000000000000000000000000000000000000000000000000000000000000000000000000000000000
000000000000001100000000010000000000110000001000000000000000000000000000000000000000000000000000000000000000000000000000000000000000000000000000000000000000000000000000000010010000000000000000000000000000000000000000000000000000000000000000000000000000000000000000000000110000000000000000000000000000
000000000000000000000000010000000000110000001000000000000000000000000000000000000000000000000000000000000000000000000000000000000110000000000000000000000000000000000000000001100010000000000000000000000000000000000000000000000000000000000000000000000000000000000000000000110000000000000000000110000000
000000000000000000000000010000000000000000000000000000000000000000000000000000000000000000000000000000011100000000000000000000001001000000000000000000000000000000000000000001100010000000000000000000000000000000000000000000000000000000000000000000000000000000000000000000000000000000000000000110000000
000000000000000000000000000000000000000000000000000000000000000000000000000000000000001100000000000000000000000000000000000000000110000000000000000000000000000000000001111101100010000000000000000000000000000000001100000000000000000000000000000000000000000000000000000000000000000000000000000000000000
000000000000000000000000000000000000000000000000000000000000000000000000000000000000001100000000000000000000000000000000000000000000000000000000011100000000000000000011110000000000000000000000000000000000000000010010000000000000000000000000000000000000000000000000000000000000000000000000000000000000
000000000000000000000000000000000000000001000000000000000000000000000001100000001100000000000000000000000000000000000000000000000000000000000000000000000000000000000110000000000000000000000000000000000000001000001100000000000000000000000000000000000000000000000000000000000000000000001100000000000000
000000000000000000000000000000000000000010100000000000000000000000000010010000010010000000000000000000000000000000000000000000000000000000000000000000100000000000001100010010000000000000000000000000000000010100000000000000000000000000000000000000000000000000000000000000000000000000001100000000000000
000000000000000000000000000000000000000000010000000000000000000000000001100000001100000000000000000000000000000000000000000000000000100000000000000001010000000000000000011000001000000000000000000000000000010100000000000000000000000011100000000000000000000000000000000000000000000000000000000000000000
000000000000000000000000000000000000000010100000000000000000000000000000000000000000000000000000000000000000000000000000000000000000100000000000000001100000000000000000001100000000000000000000000000000000001000000000000000000000000000000000000000000000000000000000000000000000000000000000000000000000
000000000000000000100000000000000000000000000000000000000011100000000000000010000000000000000000000000000000000000000000000000000000100000000000000000000000000000000000100100000000000000000000000000000000000001110000000000000000001000001000000000000000000000000000000000000000000000000000000000000000
000000000000000001010000000000000000000000000000000000000011111000000000000101000000000000000000000000000000000000000000000000000000000000000000000000000000000000000000101010000000000000000000000000000000000000000000000000000000001000001000000000000000000000000000000000000000000000000000000000000000
000000000000000001001000000000000000000000000000000000000101101100000000000101000000000000000000000000000000000000000000000000000000001110000000000000000000000000000000000000111000010000000000000000000000000000000000000000000000001000001000000000000000000000000000000000000000000000000000000000000000
000000000000000000110000000000011000000000000000000000000101001000000000000010000011000000000000000000000000000000000000000000000000000000000000000000000000000000000000000000010011110000000000000000000000000000000000000000000000000000000000011000000000000000000000000000000000000000000000000000000000
000000000000000000000000000000100100000000000000000000000011011000000000000000000011000000000000000000000000000000000000000000000000000000000000000000000000000000000000000000011001000000000000000000000000000000000000000000000000000011100000011000000000000000000000000000000000000000000000000000000000
010000000000000000000000000000101000000000000000000000000001100000000000000000000000000000000000000010000000000000000000000000000000000000000000000000000000000000000000000000001010110000000000000000000000000000000000000000000000000000000000000000000000000000000000000000000000000000000000000000000000
101000000000000000110000000000010000000000000000000000000000000000000000000000000000000000000000000101000000000000000000000000000000000000000000000000000011100000000000000000011010100000000000000000000000000000000000000000000000000000000000000000000000000000000000000000000000000000000000000000000000
101000000000000000110000000000000000000000000000000000000000000000000000000000000000000000000000000101000000000000000000000000000000000000000011000001100010100000000000000000011000000000000000000000000000000000000000000000000011100000000000000000000000010000000000000000000000000000000000000000000000
010000000000000000000000000000000000000000000000000000001000000000000000000000000000000000000000000010000000000000000000000000000000000000000011000010011100100000000000000000000111000011000000000000000000000000000000000000000000000000010000000000000000010000000000000000000000000000000000000000000000
000000000000000000000000000000000000000000000000000000011000110000000000000000000000000000000000000000000000000000000000011100000000000000000000000010011111000000000000000000000000000011000000000000000000000000000000000000000000001000101000000000000000010000000000000000000000000000000000000000000000
000000000000000000000000000000000000000000000000000000000000100000000000000000000000000000000000000000000000000000000000001100000000000000000000000011000000000000000000000000000000000000000000000000000000000000000000000000000000001000101000000000000000000000000000000000000000000000000000000000000000
000000110000000000000000000000000000000000000000000000000000000000000000000000000000000000000000000000011000000000000000000000000000000000000000000000000110000000000000000000000000000000000000000000000000000000000000000000000000001000010000000000000111000111000000000000000000000000000000000000000000
000000110000000000000000000000000000100000000000000000000000000000000000000000000000001100000000000000011000000000000000000000000000000000000000000000000110000000000000000000000000000000000000000000000000000000000000000000000000000000000000011000000000000000000000000000000000000000000000000000000000
000000000000000000000000000000000000100000000000000000000000000000000000000000000000001100000000000000000000000000011000000000000000000000000000011100000000000000000000000000000000000000000000000000000000000000000000000000000001000000000000011000000000010000000000000000000000000000000000000000000000
000000000000000000000000000000000000100000000000000000000000000000000000000000000000000000000000000000000000000000011000000000000000000000000000100011100000000000000000000000000000000000001110000000000000000000000000000000000010100000000000000000000000010000000000000000000000000000000000000000000000
000000000000000000000000000000000000000000000000000000000000000000000000000000000000000000000000000000000000000000000000000011000000000000000000000000000000000000000000000000000000000000000000000000000000000100000000000000000100100000111000000000000000010000000000000000000000000000000000000000000000
000000000000000000000000000000000000000000000000000000000000000000000000000000000100000000000000000000000000000000000000000011100000000000000000001011000000000000000000000000000000000000100000100000000000001010000000000000000011000000000000000000000000000000000000000000000000000000000000000000001000
000000000000000000000000000000000000000000110000000000000000000000000000000000000100000000000000000000000000000000000000000010100000000000000000001010000000000000001000000000100000000000100000100000000000000100000000000000000000000010000010000000000000000000000000000000000000000000000000000000010100
000000000000000000000000000000000000000000001000000000000000000000000000000000000100000000000000000000000000000000000000000001001000000000000000000100000000000000010100000001010000000000100000100001000000000000000000000000000000000010000010000000000000000000000000000000000000000000000000000000010100
000000000000000000000000000000000000000001000000000100000000000000000000000000000000000000000000000000000000000000000000000000110000000000000000000000000000000000010100000001010000000000000000000011100000000000000000000000000000000010000010000000000000000000000000000000000000000000000000000000001000
000000000000000000000000000000000000000000110000001010000000000000000000000000000000000000000000000001010000000000000000111000000000000000000000000000000000000000001000000000100000000000001110000111110000000000000000000000000000000000000000000000000000000000000000000000000000000000000000000000000000
000000000000000000000000000000000011000000000000000110000000000000000001000000000000000100000000001111010000000001110000000000000000001010000000000000000000000000000000000000000000000000000000001100011000000000000000000000000000000000111000000000000000000000000000000000000000000000000000000000000000
000000000000000000000000000000000011000000000000000000000000000000000010100000000000000100000000010100000000000000000000000000000000010010000000000000000000000000000000000000000000000000000000011100011100000000000000000000000000000000000000000000000000000000000000000000000000000000000000000000000000
000000000000000000000000000000000000000000000000000000000000000000000010100000000000000100000000010100000000000000000100000000000000010001000000000000000000000000000000000000000000000000000011011100011000000000000000000000000000000000000000000000000000000000000000000000000000000000000000000000000000
000000000000000000000000000000000000000000000000000000000000000000000001000000000000000000000000001010001100000000000100000000000000010010000000000000000000000000000000000000000000000000000100110111110000000000000000000000000000000000000000000000000000000000000000000000000000000000000000000001100000
000000000000000000000011100000000000000000000000000000000000000000000000000000000001110001110000000001101100101000000100000001100000001110000000000000000000010000000000000000000000000000000000100011100000000000000000000000000000000000000000000000000000000000000000000000010000000000000100000001100000
000000000000000000000000000000000000000000000000000000000000000110000000000000000000000000000000000000010000001000000000000001100000000000000000000000000000101000000000000000000000000000000111000001000000000000000000000000000000000000000000000000000000000000000000000000101000000000000100000000000000
000000000000000000001000000000000000000000000100000000000000000110000000000000000000000100000000000001110000001000000000000000000000000000000000000000000000101000000000000000000000000000000000000000000000000000000000000000000000000000000000000000000000000000110000000000101000000000000100000000000000
000000000000000000001000000000000000000000001010000010000010000000000000000000000000000100000000000010100010110000000000000000000001000000000000000000000000010000000000000000000000000000000000000000000000000000000000000000000000000000000000000000000000000001001000000000010000000000000000000000000000
000000000000000000001000000000000000000000000110000010000010000000000000000000000000000100000000101001100110110000000000000000000011110000000000000000000000000000000000000000000000000000000000000000011100000000000000000000000000000000000000000000000000000000110000000000000000000000000000000000000000
000000000000000000000000000000000000000000000000000010000010000000000000000000000000000000000000101100100011111000000000000000000110011000000000000000000000000000000000000000000000000000000000000000000000000000000000000000000000000000000000000000000000000000000000001100000001100000000000000000000000
000000000000001000000011000000000000011000000000000000000000000000000000000000000000000000000011101000010000100100000111000000000011110000000000000000000000000000000000000000000000000000000000000000000000000000000000000000000000000000000000000000000000000000000000010010000001100000000000000000000000
000000000000001000000011000000000000100100000000000000111000000000000000000000000000000000000000000100000000000000011011000000000001001000111000000000000000000000000000000000000000110000000000000000000000000000000000000000000000000000000000000000000000000000000000001100000000000000000000000000000000
000000000000001000000000000000000001001000000000000000000000000000000000000000000000000000000000001101100000000000010000000000000001101000000000000110000000000000000000000001000000110000000000000000000000000000000000000000000000000000000000000000000000000000000000000000000000000000000000000000000000
000000000000000000000000000000111000110000000000000000000000000000000000000000010000000000000000000000000000000000011100100000000000100000000000000110000000000000000000000010110000000000000000000000000000000000000000000000000000000000000000000000000000000001100000000000000000000000000000000000000000
000000000000000000000000000000000000000000000000000000000001110000000000000000010000000000000000000000000000000000000000100000000000100000000000000000000000000000000000000010110000100000000000000000000100000000000000000000000000000000000000000000000000000001100000000000110000000000000000000000000000
000000000000000000000000000010000010000000000000000000000000000000000000000000010000000000000000000000000000000000000000100000000000110000000000000000000000000000000000000000000001011000001000000000001111000000000000000000000000000000000000000000011000000000000010000000110000000000000000000000000000
000000000000000000000000000010000010000000000000000000000100000100000000000000000000000000000000000000000000000000011001100000000000101000000000000000000000000000000000000101000001001100111100000000010111100000000000000000000000000000000000011000010100000000000101000000000000000000000000000000000000
000000010000000000000000000010000010000000000000000000000100000100000000000000000100000000000000000000000000000000000000010000000000001100000000000000000000000000000000000001000010001101000010000010101010010000000000000000000000000000000000100100001000000000001010000000000000000000001100000000000000
000000010000000000000000000000000000000000000000000000000100000100000000000000001010000000000000000000000000000000000000010000000000000000000000000000000000000000000000000011000011110000000010000101100101010000000000000000000000000000000000101000000000000000001100000000000000000000001100000000000000
000000010000000000000000000000111000000000000000000000000000000000000000000000001010000000000000000000000000000000000000000000000011100000000000000000000000000000000000000010000100010010001000001101000101100000000000000000000000000000000000010000000000000000000000000000000000000000000000000000000000
000000000000000000000000000000000000000000000000000000000001110000000000000000000100000000000000000000000000000000001101100000111110100000000000000000000000000000000000000000000101000110000110000100000101100000000000000000000000000000000000000000000000000000000000000000000000011000000000000000000000
000111000111000000000110000000000000000000000000000000000000000000000000000000000000000000000000000000000000000000000010001000111110110000000000000000000000000000000000000001111110000101100000000010001000010001000000000000000000000000000000000000000000000000000000000000000000011000000000000000000000
000000000000000000000110000000000000000000000000000000000000000000000000000000000000000000000000000000000000000000000000011000011000100000000000001000000000000000000000000011001100000001000000000000110000010001000000000000000000000000000000000000000000000000000000000000000000000000000000000000000000
000000010000000000000000000000000000000000000000000000000000000000000000001000000110000000000000000000000000000000000000010001000000101000000000001000000000000000000000000011001000000001100000000000000001100001000000000000000000000000000000000000000000000000000000000000000000000000000000000000000000
000000010000000000000000000000000000000000000000000000000000000000000000001000000110000000000000000000000000000000000000001111010000100100000000001000000000000000000000000000110000000011100001100000000001100000000000000000000000000000000000000000000000000000000000000000000000000000000000001000000000
000000010000000000000000000000000000000000000000000000000000000000000000010000000000000000000000000000000000000000000000000111011100011000000000000000000000000000000000000000000000000000110111000000000000000000000000000000000000000000000000000000000000001100000000000000000000000000000000010100000000
000000000000000000000000000000000000000000000000000000000011000000000000000000000000000000000001100000000000000000000000000000000000000000000011100011100000000000000000110000000000000000010111000000000000000000000000000000000000000000000000000000000000001100000000000000000000000000000000010100000000
011100000000000000000000000000000000000000000000000000000011000000000000100000000000000000000010010000000000000000000000000000001100000000000000000000000000000000000000110000000000000000000000000000000000000000000011000000000000000000000000000000000000000000000000000000000000000000000000001000000000
000000000000000000000000000000000000000000000000000000000000000000000010011000000000000000000000000000000000001100000110000000000000000000000000001000000000000000000000000000111000000000000000000000000000000000000100100000000000000000000000000000000000000000000000000000000011100000000000000000000000
000000011000000000000000000000000110000000000000000000000000000000000110000000000000000000000000001010000000010010000110000000000000000000000000001000000000000000000000000000000000000000000000000000000000000000000011000000000000000000000000000000000000000000000000000000000000000000000000000000000000
000000100100000000000000000000000110000000000000000000000000000000010000111000000000000000011000111101100000010100000000000000000000000000000000001000000000000000000000000000000000000000000000000000000000000000000000000000000000000000000000000000000000000000000000000000001000001000000000000000000000
000000010100000000000000000000000000000000000000000001100000000000110001000000000000000000100100111100001000001000000000000000000000000000000000000000000000000000000000000000000000000000000000000000001100000000000000000000000000000000000000000000000000000000000000000000001000001000000000000010000000
000110001000000000000000000000000000000000000000000010000000000001100001000000000000000000011100000011001000000000000000000000000000000000000000000000000000000000000000010000000000000000000000000000001100000000000000000000000000000000000000000000000000000000000000000000001000001000000110000101000000
000110000000000000000000000000000000000000000000000000010000000001111001100000000000000000001000111000110000000000000000000000000000000000000000000000000000000000000000101000000000000000000000000001001010000000000100000000000000000000000000110000000000001000000000000000000000000000000110000101000000
000000000000000000000000000000000000000000000000001000110000000000100111000000000000000000000000000000000000000000000000000000000000000000000000000000000000000000000000101000000000000000000000000011000111000000000100000000000000000110000000110000000000010100000000000000000011100000000000000010000000
000000000000000000000000000000100000000000000000011011000000000000011110000000110110000000000000000000000000000000000000000000000000000000000000000000000000000000000000010000000000000000000000000000000001000000000100000000000000000110000000000000000000101000000000000000000000000000000000000000000000
000000000000000000000000000000100000000000000000010010000000100001000000000000110110000000000000000000000000000000000000000000000000000000000000000000000000000000000000000000000000000000000000000111100100000000000000000000000000000000000000000000000000110000000000000000000000000001110000000000000000
000000000000000000000000000000100000000000000000000010100000111100001000000000000000000000000000000000000000001100000111000000001000000000000000000000000000000000000000000000000000000000000000001100011111000000000000000000000000000000000000000000000000000000000000000000000000000000000000000000000000
000000000000000000000000000000000000000000000000000001110000111110001000000000000000000000000000000000000000001100000000000000010100000000000000000000000000000000000000000000000000000000000100000100001001100000000000000000000000000000000000000000000000000000000000000000000000000000000000000000000000
000000000000000000000000000000000000000000000000000001000111000001000000000000000000000000000000000000000000010000010000000000001000000000000000000000000000000000000000000000000000000000001010000010101001000000000000000000000000000000000000000000000000000000000000000000000000000000000000000000000000
000000000000000000000000000000000000000000000000000000001111100000000000000000000000000000000000000000110000000000101000000000000000000000000000000000000000000000000000000000000000000000001001000001000100000001110000000000000000001000000000000000000000000000000000000000000000000000000000000000000000
000000000000000000000011000000000000000000000000000000111001100000000000000000000000000000000000000001010001000000010000000000000000000000000000000000000000000000000000000000000000000000000110000000000000000001011000000000000000001000000110000000000000000000000000000000000000000000011000000000000000
000000000000000000000011000000011000000000000000000000001001100110110000000000000000000000000000000000100000000100000000000000001000000000000000000000000000000000000000000000000000000000000000000000000000000011110100000000000000001000000110000000000000000000000000000000000000000000011000000000000000
000000000000000000000000000000011000000000000000000000111011100010100000000000000000000000000000000001010000011000000000000000010100000000000000000000000000000000000000000000000000000000000000000000000000000000100110000000000000000000000000000000000000000000000000000000000000000000000000000000000000
000000000000000000011000000000000000000000000000000001101100100001000000000000000000000000000000000000100000000000000000000000010100000000000000000000000000000000000000000000000000000000000000000000000000000001100100000000000000000000000000000000000000000000000000000000000000000000000000000000000000
000000000000000000100100000000000000000000000000000100101000000000000000000000000000000000000000000000100000000000000000000000001000000000000000000000000000000000000000000000000000000000000000000000000000000001001000000000000000000000000000000000000000000000000000000000000000011000000000000000000000
000000000000000000011000000000000000000000000011111010101011001100000000000000000000000000000000000000000000000000000000000000000000000000001100000000000000000000000000000000000000000000000000000000000000000000100001000000000000001100000000000000000000000000000000000000000000100100000000000000000000
000000000000000000000000000000000000000000001100010000101100010100000000000000000000000000000000000000000100000000000000000000000000000000001100000000000000000000000000000000000000000000000000000001000000000000100111100000000000001010000000000000000000000000000000000000000000010100000000000000000000
000000000001100000000000000000000000000000010000000000010000010100000000000000000011000000000000000000001110000000000000000000000000000000000000000000000000000000000000000000000000000000000000000001000000000000100010011000000000000110000000000000000000000000000000000000000000001000001000000000000000
000000000000100000000000000000000000000000100111101110000000011000000000000000000110000000000000011000001011000000000000000000000000000000000000000000000000000000000000000000000000000000000000000001000000000001000010111000000000000000000000000000000000000000000000000000000000000000010100000000000000
000000000100000000000000000000000000000000010000000000000000001011100000000000001010000000000000100100001010000000000000000000000000000000000000000000000000000000000000000000000000000000000000000000000000000110000001000000000000000000000000000000000000000000000000000000000000000000100100000000000000
000000000110000000000000000000000000000000000000000000000000000000000000000000011100000000000000011000001100000000000000000000000000000000000000011100000000000000000000000000000000000000000000000000000000001000000000000000000000000000000000000000000000000000000000000000000000000000011000000000000000
000000000000000000000000000000000000000000000000011100000000000000000000000000011100000000000000000000001001111000000000000000000000000000000000000000000000000000000000000000000000000000000000000000000000001000100100110000000000000000000000000000000000000000000000000000000000000000000000000000000000
000000000000000000000000000000000000000000000000100010000000000000000000000000000000000000000000000000000110001100000000000000000000000000000000000000000000011100000000000000000000000000000000000000000000000111000010010000000000000000000000000000011000000000000000000000000000000000000000000000000000
000000000000000000000000000000000000000000000000110110000000000000000000000000000000000000000000000000001100000010000000000000000000000000011000000000000000000000000000000000000000000000000000000000000000000000000001110000000110000000000000000000001000000000000100000000000000000000000000000000000000
001100000000000000000001000000000000000000000000000000000000000010000000000000000000000000000000000000010000111110000000000000000000000000100100000000000000000000000000000000000000000000000000000000000000000000000001001000000110000000000000000000000000000000001010000000000000000000000000000000000000
001100000000000000000001000000000000000000000000000000000000000101000100000000000000000000000000000000000100000100000000000000000000000000011000000000000000000000000000000000000000000000000100000000000000000000100000000000000001000000000000000000000000011100011000000000000000000000000000000000000000
000000000000000000000001000000000001100000000000000000000000000110000101000000000000000000000000000000100000000000000000000000000000000000000000000000000000000000111000000000000000000000001010000000000000000001010000000000000101000000000000000000010000011110000100100000110000000000000000000000000110
000000000000000000000000000000000010010000000000100000000000000000000110000000000000000000000000000001011100111000000000000000000000000000000000000000000000000000000000000000000000000000001010000000000000000000100000000000011000000010000000000000010000010001000001100001001000000000000000000000000110
000000000000000000000000000000000001100000000000100000000000000000000000000000000000000000000000000000100000011000000000000000000000000000000000000000000000000000000010000000000000000000000100000000000000000000000000000001101010000101000000000000000000011011010110100000110000000000000000000000000000
000000000000000000000000000000000000000000000000100000000000000000000000000000000000000000000000000011000000000000000000000000000000000000000000000000000000000000000010000000000000000000000000000000000000000000000000000000000100000101000000000000000001101010001011000000000000000000000000000000000000
000000000000000000000001100000000001100000000000000000000000000000000000000000000000000000000000000010000000000000000000000000000000000011000000000000000000000000000010000000000000000000000000011000000000000000000000000001001000000010000000000000000000110000101011001000000000000000000000000000000000
000000000000000000000001100000000010010000000000000000000000000000000000000000000000000000000000000001100000000000000000000000000000000100100000000000000000000000000000000000000010000000000000100100000000000000000000000000111000000000000000000000000010110110001100010100000000000000000000000000000000
000000000000000000000000000000000001100000110000000000000000000000000000000000000000000000000000000000000000000000000000000000000000000100100000010000000000000000000000000000000010000000000000011000000000000000000000000000000001100000001100000000000010010110010000010100000000000000000000000000000000
110000000000001100000000000000000000000001001000000000000000000000000000000000000000000000000000000000000000000000000000000000000000000011000000010000000000000000000000000000000010000000000000000000000000000000000000000000000010010000010010000000000001110000100000001000000000000000000000000000000000
110000000000001100000000000000000000000000110000000000000000000000000000000000000000000000000000000000000000000000000000000000000000000000000000010000000000000000000000000000000000000000000000000000000000000000000000000000000001100000001100000000000000100000000000000000000000000000000000000000000000
000000000000000000000000000000000000000000000000000000000000000000000000000000000000000000000000000000000000000111000000000000000000000000000000000000000000000000000000000000000000000000000000000000000000000000000000000000000000000000000000000000000000010000000000000000000000000000000000000000000000
000000000000000000000000000000000000110000000000000000000000000000000000000000000000000000000000000000000000001101100000000011000000000000000000000000000000000000000000000000000000000000000000000000000001100000000000000000000000000000000000000000000000000000000000000000000000000000000000000000000000
000000000000000000010000000000000001001000000000000000001100000000000000000000000000000000000000000000000000010101100000000011000000000000000011100000000000000000000111000000000000000000000000000000000001100000000000000000000000000000000000000000000000000000000000000000000000000000000000000000000000
000000000000000000101000000000000000110000000000000000001100000000000000000000000000000000000000000000000000010001000000000000000000000000000000000000000000000000001011000000000000000000000000000000000000000000000000000000000000000000000000000000000000000000000000000000000000000000000000000000000000
000000000000000000101000000000000000000000000000000000000000000000000000000000000000000000000000000000000000001001000000000000000000000000000000000000000000000000011010000001010000110000000000000000000000000000000000000000000000000000000000000000000000000000000000000000000000000000000000000000000000
000000000000000000010000000000000000000000000000000000000000000000000000000000000001100011000000000000000000001110000000000000000000000000000000000000000000000000101100000010010000110000000000111000000000000000000000000000000000000000000000000000000000011000000000000000000000000000000000000000000000
000000000000000000000000000000000000000000000000000000000000000000000000000000000001100100100000000000000000000000000000000000000000000000000000000000000000000000100000000001010000000000000000000000000000000000000000000000000000000000000000000000000000011000000000000000000000000000000000000000000000
000000001000000000000000000000000000000000000000000000000000000000000000000000000000000011000000000000000000000000000000000000000000000000110000000000000000000001110000000000000000000000000010000010000000000000000000000111000000000000000000000000000000000000000000000000000000000000000000000000000000
000000001000000000000000000000000000000000000000000000000000000000000000000000000000000000000000000000000000000000000000000000000000000000110000000000000100000001110000000000000000000000000010000010000000000000000000001001100100000000001100000000000000000000000000000000000000000000000000000000000000
000000001000000000000000000000000000000000000000000000000000000000000000000000000000000000000000000000000000000000000000000000000000000000000000000000001010000000001000000000000000000110000010000010000000000000000000010001100110000000001110000000000000000000000000000000000000000000000000000000000000
000000000000000000000000000000000000000000000000000000000000000000000000000000000000000000000000000000000000000000000000000000000000000000000000000000001010000000001000000000000000000110000000000000000000000000000000001001000101000000000110000000000000000000000000000000000000000000000000000000000000
000000000011100000000000000000000000000000000000000000000000000000000000000000000000000100000000000000000000000000000000000000000000000000000000000000000100000000000000000010000000100000000000111000000111000000000000000110000101000000000010100000000000000000000000000000000000000000000001100000000000
000000000000001110000000000000000000000000000000000000000000000000000000000000000000000100000000000000000000000000000000000000000000000000000000000000000000000000000000000101000001010000000000000000000000000000000000000000000110000000000000010000000000000000000000000000000000000000000001100000000000
000000000000000000000111000000000000000000000000000000000000000000000000000000000000000100000000000000000000000000000000000000000010111100000000000000000000000011000000000101000001010000000000000000000000000000000000000000000100000000000001100000000000000000000000000000000000000000000000000000000000
000000000000000000000000000000000000001100000000000000000000000000000000000000000000000000000000000000000000000000000000000000000100000100000000000000000000000011000001000010000000100000000000000000000000000000000000000000000000000000000001000000000000110000000000000000000000000000000000000000110011
000000000000000000000000000000000000001100000000000000000000000000000000000000000000000000000000000000000000000000000000000000000100000100000000000000000000000000000010100000000000000000000000000000000011100000000000000000000000000000000000000000000000110000000000000000000000000000000000000000110011
000011100000000000000000000000000000000000000000000000000000000000000000000000000000000000000000000000000100000000000000000000001000000000000000000000000000000000000001000000000000000000000000000000000000000000000000000000001100000000000000000000000000000000000000000000000000000000000000000000000000
000000000000000000000000000000000000000000000000000000000000000000000000000000000000000000000000000000001010000000000000000000111001000000110000000000000000000000000000000000000000000000000000000000000000001000000000000000001100000000000000000000000000000000001100000000000000000000000000000000000000
000000000000000000000000000000000000000000000000000000000000000000000000000000000000000000000000000000000110000000000000000000100000011000110000000000000000000110000000000000000000000000000000000000000000001000000000000000000000000000000000000000000000000000001100000000000000000000000000000000000000
000000000000000000000000000000000000000000000000000000000000000000000000000000000000000000000000000000000000000000000000000000011111001000000000000000001100000110000000000000000000000000000000000000000000001000000000000001100000000000000000000000000000000000000000000000000000000000000011100000000000
000000000000000000000000000000000000000000000000000000000000000000000000000000000000000000000000000000000000000000000000000011000110110000000000000000010010000000000000000000000000000000000000000000000000000000000000000001100000000000000000000000000000000000000000110000000000000000000000000000000000
000000000000000001100000000000000000000000000000000000000000000000000000000000000000000000000000000000000000000110000000000011100000010000000000000000001100000000000000000000000000000000000000000000000000000000000000000000000000000000000000000000000000000000000000110000000000000000000000000000000000
000000000000000001100000000000000000001100000000000000000000000000000000000000000000000000000000000000000000000110000000000001000000000000000000000001000000000000000000000000000000000000000000000000000000000000000000000000000000000000000000000000000000000000000000000000000000000000000000000000000000
000000000000000000000000000000000000001100000000000000000000000000000000000001100000000000000000000000000000000000000000000000000000000000000000000010100000000000000000000000000000000001001100000000010000000000000000000000000000000000000000000000000000000000000000000000000000000000011100000000000000
000000000000000000000000000000000000000000000001000000000000000000000000000010010000000000000000000000000000000000000000000000000000000010000000000010100000000000000000000000000000000010000000000000101000000000000000000000000001000010000000000000000000000000000000000000000000000000000000000000000000
000000000000000000000000000000000000000000000010100000000000000000000000000010100000000000000000000000000000000000000000000000000000000101000000000001000000000000000000000000000000000011000000000000110000000000000000000000000001000101000000000000000000000000000000000000000000000000000000000001000000
000000000000000000000000000000000000000000000010100000000000000000000000000001000000000000000000000000000000000000000000000000000000000110000000000000000000000000000000000000000000000001100000111000000000000000000000000000011011000010000000000000000000000000000000000000000000000000000000000010100000
000000000000000000000000000000000000000000000001000000000000000000000000000000000000000000000000000000000000000000000000000000000000000000000000000000000000000000000000000100000000000000100000000000000000000000000000000001111010000000000000000000000000000000000000000000000000000000000000000010100000
000000000000000000000000000000000000000000000000000000000000000000000000000000000000000000000000000000000000000000000000000000000000000000000000000000000000000000000001111110000000000000000000000000000000000000000000000000001100000000000000000000000000000000000000000000000000000000000000000001000000
000000000000000000000000000000000000000000011000000000000000000000000000000000000000000000000000000000000000000000000000000000000000000000000000000000000000000000000001110000000000000000000000000000000000000000000000000000000000000000000000000000000000000000000000000000000000000000000000000000000000
000000000000000000000000000000000000000000100100000000000000000000000000000000000000000000000000000000000000000000000000110000000000000000000000000000000000000000000000001000000000000000001000001000000000000000000000000000000000000000000000000000000000000000000000000000000011000001100000000000000000
000000000000000000000000000000000000000000011000000000000000000000000000000000000000000000000000000000000000000000000000110000000000000000000000000000000000000000000000000000000000000000010100010100000000000000000000000000000000000000000000000000000000000000000000000000000011000001100000000000000000
000000100000000000000000000000000000000000000000000000000011000000000000000000000000000000000000000000000000000000000000000000000000000000000000000000000000000000000000000000000000000000010100010100000000000000000000000000000000000000000000000000000000000000000000000000000000000000000000000000000000
000001010000000000000000000000000000000000000000000000000011000000000000000000000000000000000000000000000000000000000000000000000000000000000000000000000000000000000000000011000000000001000000001000000000000000000000000110101100000000000000000000000000000000000000000000000000000000000000000000000000
000001010000000000000000001000000000000000000000000000000000000000000000000000000000000000000000000000000000000000000000000000011000000011000000000000000000000000000000000000100000000001100000000000000000000000000000001100000110000000000000000000000000000000000000000000000000001100000000000000000000
000000100000000000000111001000000000000000000000000000000000000000000001100000000000000000000000000000000000000000000000000000100100000100100000000000000000000000000000011001000000000011000000000000110000000000000000000000000000000000000000000000000000000000000000000000000000010010000000000000000000
000000000000000000000000001000000000000000000000000000000000000000000001100000000000000000000000000000000000000000000000000000011000000011000000000000000000000000000000001110000000000000000000000000110000000000000000000000000000000000000000000000000000000000000000000000000000001100000000000000011000
000000000000000000000000000000000000000000000000000000000000000000000000000000000000000000000000000000000000000000000000000000000000000000000000000000000000000000000000000000000000000000000000000000000000000000000000000001110000000000000000000000000000000000000000000000000000000000000000000000011000
000000110000000000000000000000000000000000000000000000000000000000000000000000000000000000000000000000000000000110000000000000000000100000000000000000000000000000000000000000000000000000000000000000000000000000000000000000000000000000000000000000000000000000000000000000000000000000000000000000000000
000000110000000000000000000000000000000000000000001100000000000000000000000000000000000000000000000000000000001001000000000000000001010000000000000000000000000000000000000000000000000000000000000000000000000000000000000000000000000010000000000000000000000000000000000000000000000000000000000000000000
000000000000000000000000000000000000000000000000001100000000000000000000000000000000000000000000000000000000000101000000000000000001010000000000000000000000000000000000000000000000000000000000000000000000000000000000000000000000000101000000000000000000000000000000000000000000000000000000000110000000
000000000000000000000000000000000000000000000000000000000000000000000000000000000000000000000000000000000000000010000000000000000000100000000000000000000000000000000000000000000000000000000000000000000000000000000000000000000000000101000000000000000000000000000000000000000000000000000000000110000000
000000000000000000000000000000000000000000000000000000000000000000000000000000000000000000000000000000010000000000000000000000000000000010000000001110000000000000000000000000000000000000000000000000000000011000000000000000000000000010000000000000000000001000000000000000000000000000000000000000000000
000000000000000000000000000000000000000000000000000000000000100000000000000000000000000000000000000000101000000000000000000000000000000101000000000000000000000000000000000000001100000000000000000000000000011000000000000000000000000000000000011000000000001110000000000000000000000000000000000000000000
000000000000000000000000000000000000000000000000000000000000100000000000000000000000000000000000000000100100000000000000000000011000000101000000000000000000000000000000000000001100000000000000000000000000000000000000000000011000011000001100011000000000001001000000000000000000000000000000000000000000
000000000000000000000000000000000000000000000000000000000000100000000000000000000000000000110000000000011000000000000000000000100100000010000000000000000000000000000000000000000000000000000000000000000000000000000000000000011000011000010010000000000000000111000000000000000000000000000000000000000000
000010000000000000000000000000000000000000000000000000000000000000000000000000000000000000110000000000000000000000000000000000100100000000000000000110000000000001100000000000000000000000000000000000000000000000000000000000000000000000001100000000010100000000000000000000000000000000000000000000000000
000101000000000000000000000000000000000000000000000000000000000001110000000000000000000000000000000000000000000000000000000000011000000000000000001001000000000001010000000000000000000000000000000000000000000000000000000000000000000000000000000000100000000000000000000000000000000000000000000000000000
000110000000000000000000000000000001000000000000000000000000000010010000000000000000000100000000000000000000000000000000000000000000000000000000000110000000000000100000000000110000000000000000000000000000000000000000000000000000000010000000000000100000000000000000000000000000000000000000000000000000
000000000000000000001100000000000010100000000000000000000000000100101000000000000000001010000000000000000000000000000000000000000000000000000000000000000000000000000000000000101000000000000000000000001100000000000000000000000000000101000000001010001000000000000000000000000000000000000000000110000000
000000000000000000010010000000000010010000000000000000000000000100100000000000000000000100000000000000000000000000000000000000000000000000000000000000000000000000000000000000010000000000000000000000001100000000000000000000000000000101000000010011010000000000000000000000000000000000000000000110000000
000000000000000000001100000000000001100000000000000000000000000000000110000000001000000000000000000000000000000000000000000000000000000000000000000000000000000000000000000000000000000000000000000000000000000000000000000000000000000010000000010000000000001100000000000000000000000000000000000000000000
000000000000000000000000000000000000000000000000000000000000000011100100000000000100000000000000000000000011000000000000000000000000000000000000000000000000000001100000000000000000000000000000000000100000000000000000000000000000000000000000011000000000001100000000000000000000000000000000000000000000
000000000000000000000000000000000000000000000000000000000000000010010110000000011100000000000000000000000100100000000000000000000000000000000000000000000000000001100000000000000000000000000000000001011000000000000000000000000000000000000000000110100000000000000000000000000000000000000010000000000000
000000000000000000000000000000000000000000000000000000000000000010001000000000000000000000000000000000000011000000000000000000000000000000000000100000000000000000000000000000000000000000000000000001011000000000000000000000000010100000000000000111100000000000000000000000001000000000000101000000000100
000000000000000000000000000000000000000000000000000000000000000010001000000000000000000000000000000000000000000000000000000000000000000000000000100000000000000000000000000000000000000000000000000111001100000000000000000000000001100000000000000000000000000000000000000000001000000000000101000000001010
000000000000000000000000000000000000000000000111000001100000000000000000000000000000000000000000000000000000000000000000000000000000000000000000100000000000000000000000000000000000000000000000000001011100000000000000000000000001000000000000000000001001100001100000000000001000000000000010000000001001
000000000000000000000000000000000000000000001000100001100000000000000000000000000000000000000000000000000000000000000000000000000000000000000000000000000000000000000000000000000000000000000000011010001100000011100000000000000000000000000000000000001000000001100000000000000000000000000000000000000110
000000000000000000000000000000000000000000001100000000000000000000000000000000000000000000000000000110000000000000000000000000000000000000000000000000000000000000000000000000000000000000000000011010000010000000000000000000000000000000000000000000000000000000000000000011100011100000000000000000000000
000000000000000000000000000000000000000000001001100000000000000000000000000000000000000000000000000110000011000000000000000000000000000000000000000000000000000000000000000000000000000000000000000000000010000000001000000000000000000000000000000000000000000000000000000000000000000000000000000000000000
000000000000000000000000000000000000000000000111000000000000000000000000000000110000000000000000000000000011000000000000000000000000000000000000000000000000000000000000000000000000000000000000000000000000000000001000000000000000001100000000000000000000000000000000000000001000000000000000000000000000
000000000000000000000000000000000000000000011100000000000001000000000000000000110000000000000000000000000000000000000000000000000000000000000000000000000000000000000000000000000000000000000000000000000000000000001000000000000000001100000000000000000110000000000000000000001000000000000000000000000000
000000000000000000000000000000000000000000110100000000000011000000000000000000000000000000000000000000000000000000000000000000000000000000000000000000000000000000000000000000000000000000000000000000001110000000000000000000000000000000000000000000000110000000000000000000001000000000000000000000000000
000000111000000111000111000000100000000000010100000000000011000000000001110000000000000000000100000000000000000000000000000000000000000000111000000000000000000000000000000000000000000000000000000000001000000011100000000000000000000000100000000000000000000000000000000000000000000000000001110000000000
000000000000000000000000000000100000000001000010000000000011001000000010001000000000000000001010000000000000000000000000000000000000000000000000000000000000000000000000000000000000000000000000000000000000000000000000000000000000000000100000000000000000000000000000000000000000000000000000000000000000
000000000000010000101000010000100000000000000100000000000000010010000100000100000000000000001100000000000000110000000000000000000000000000000000000000000000000000000000000000000000000000110000000000000000000000000000000000000000000000100000000000000000000000000000000000000000000000000000000000000000
000000000000010000101000010000000000000010101000000000000010000010000010001000000000000000000000000000000000110000000000000000000000000000000000000000000000000000000000000000000000000001001000000000000000000000000000000000000000000000000000000000000000000000001100000000000000000000000000000000000000
000110000000010000101000010000000000000001000000000000000010000010000001110000000000000000000000000000000000000000000000000000000000000000000000000000000000000000000000000000000000000001001000000000000000000000110000000000000000000000000000000000000000000000001100000000000000000000000000000000000000
000110000000000111000111000000000000000000000000000000000000111000000000000000000000000000000000000000000000000000000000000000000000000000000000000000000000000000000000000000000000000000110000000000000000000000110000000000000000000000000000000000000000000000000000000000000000000000000000000000000000
