300 300
000000000000001100000000000000000000000000000000000000000000000000000000000000000000000000000000000000000000000000000000000000000000000000000000000000000000000000000000000000000000000000000000000000010000000000000000000001000000000000000000000000000000000000000000000000000000000000000000000000000000
000000000000010010011100000000000000000000000000000000000000000000000000000000000000000000000000000000000000000000000000000000000000000000000000000001110000000000000000000000000000000000000000000010010000000000000000000001000000000000001100000000000000000000000000000000000000000000000111000000000000
000000000000001100000000000000000000000000000000000000000000000000000000000000000000000000000000000000000000000000000000000000000000000000000000000100001000000000000100000000000000000000000000000101111000000000000000000001000000000000010010000000000000000000000000000000000000000000000000000000000000
000000000000000000000000000000000000000000000000000000000000000000000110000110000000000001000000000011100000000000000000000000000000000000000000000100001000000000001110110000000000000000001000000000001100000000000000000000000000000000010100000000000000000000000000000000000000000000000000000000000000
000000000000000000000000000000000000000000000000000000000000000000001001000110000000000010100000110101100000000000000000000000000000000000000000000100010000000000001101110000000000000000001000001100001100000000000000000000000000000000001000000000000000000000000000000000000000000000000000000000000000
000000000000000000000000000000000000000000000000000000000000000000000110000000000000000010100000100001000000000000000000000000000000000000000000000011000000000000000000100000000000000000001000101000000000000000000000000000000000000000000000000000000000000000000000000000000000000000000000000000000000
000000000000000000000000000000000000000000000000000000000000000000000000000000000000000001000001000010000000000000000000000000000000000000000000000000000000000000000000000000000000000000000000101000000000000000000000000000000000000000000000000000000000000000000000000000000000000000000000000000000000
000000000000000000000000000000000000000000000000000000000000000000000000000000000000000000000000100000000000000000000000000000000000000000000000000000000000000000000000000000000000000000000000000001000000000000000001100000000000000000000000000000000000000000000000000000000000000000000000000000000000
000000000000000000000000000000000000000000000000000001000000000000000000000000000000000000000000100100000000000000000000000000000000000000000000000000000000000000110000000000000000000000000000000010100000000000000001100000000000000000000000000000000000000000000000000000000000000000000000000000011000
000000000000000000000000000000000000000000000000000001110000000000000000000000000000000000000000011100000000000000000000000000000000000000000000000000000000000001010000000000000000000000000000000100100000000000000000000000000000000000000000000000000000000000000000000000000000000000000000000000011000
000000000000000000000000000000000000000000000000000010000000000000000000000000000000000000000000000000000000000000000000000000000000000000000000000000000000000000100000000000000000000000000000000011000000000000000000000000000000000000000000000000000000000000000000000000000000000000000000000000000000
000000000000000000000000000000000000000000000000000001001000000000000000000000000000000000000000000000000000000000000000000000000000000000000000000000000000000000000000000000000000000000010000000000000000000000000000011000000000000000000000000000000000000000000000000000000000000000000000000000000000
000000000000000000000000000000000000000000000000000000000000000000000000000000000000000000000000000000000110000000000000000000000000000000000000000000000000000000000000000000000000000001101000000000000000000000000000011000000000000000000000000000000000000000000000000000000000000000000000000000001100
000000000000000000000000000000000000000000000000000000010100000000000000000000000000000000000000000000000110000000000000000000000000000000000000000000000000000000000000000000000000000111111000110000000000000000000000000000000000000000000000000000000000000000000000000000000000001100000000000000001100
000000000001100011000000000000000000000000000000000000100100000000000000000000000000000000001100000000000000000000000000000000000000000000000000000000000000000000000000000000000000000100000100110000000000000000001110000000000001000000000000000000000000000000000000000000000000001100000000011100000000
000000000001100011000000000000000000000000000000000001011000000000000000000000000000000000010010000000000000000000000000000000000000000100000000000100000000000000000010000000000001000011111100000000000000000000000000000000000001000000000000000000000000000000000000000000000000000000000000000000000000
000000000000000000000000000000000000000000110000000000000000000000000000000000000000000000010010000000000000000000000010000000000000001010000000000100000000000000000101000000000001000000000010000000000000000000000000100000000001000000000000000000000000000000000000000000000000000000000000000000000000
000000000000000000001100000000000000000000110000000011000100000000000000000000000000000000001100000000000000000000000010000000000000000110000000000100000000000000000110000000000001000001000100000000000000000000000000100000000000000000000000000000000000000000000000000000000000000000000000000000000000
000000011000000000010010000000000000000000000000000001101100000000000000000000000000000000000000000000000000000000000010000000000000000000000000000000000000000000000000000000000000000010000100000000000000000000000000100000001100011100000000000000000000000000000000000000000000001000000000000000000000
000000011000000000001100000000000000000000000000000000111000000000000000000000000000000000000000000000000000000000000000000000100000000000000000000000000000000000000000000000000000000100000000000000000000000000000000000000001100000000000000000000000000000000000000000000000000001000000000000000000000
000110000000000000000000000000000000000000000000000000010000000000000000000000000000000010000000000000100000000000000000000000100000000000000000000000000000000000000000000000000000000010001000000000000000001100000000000000000000000000000000000000000000000000000000000000000000001000000000000000000000
001001000000000000000000000000000000110000000000000000010000000000000000000000000000000101000000000001010000100000000000000000100000000000000000000000000000000000000000000110000000000001111000000000000000001000000000000010000000000000000000000000000000000000000000000000000000000000000000000000000000
000110000000000000000000000000000000110000000000000000011000111000000000000000000000000101000000000001001000100000000000000000000000000001100000000000000000000000000000000110000000000000000000000000000000000111100000000111000001100000000000000000000000000000000000000000000011100011100000000000000000
000000000110000000110000000000000000000000000000000100100110000000000000000000000000000010000000000000110001000000000000000000001110000001100000000000000000000000000000000000000000000000000000000000000000000000100000001010100001100000000000000000000000000000000000000000000000000000000000000000000000
000000000110000000110000000000000000000000000000001011110000100000000000000000000000000000000000000000000000000000000000000000000000000000000000000000000000000000000000000000000000000000000000000000001000001000100000001000100000000000000000000000000000000000000000000000000000001000000000000000000000
000000000000000000000000000000000000000000000000010000100000100000000000000000000000000000000000000000000001100000000000000000000000000000000000000000000000000000000000000000000000000000000011100000011100001000100000110000011000000000100000000000000000000000000000000000000000001000000000000000000000
000000000000000000000000000000000000000000000000001011110000010000110000000000000000000000000000000000000001100000000000000000000000000000000000000000000000000000100000000000000000000000000000100000100110011000000001000010000100000001010000000000000000000000000110000000000000001000000000000100000000
000000000000000000000000000000000000000000000000000100000101010000101000000000000000000000000000000000000001100000000000000000000000000000000000000000000000000000100000000000000000000000000000000001110110100110010011100101001110000001010000000000000000000000000110000000000000000000000000000100000000
000000000000000000000000000000000000000000000000000000000100010000010000000000000000000000000000000000000000000000000000000000000000000000000000000000000000000000100000000000000000000000001000000000000110010100000001000010000100000000100000000000000000000000000000000000000000000000000000000100000000
000000000000000000000000000000000000000000000000001100000100100000000000000000000000000000000000000000000000000000000000000000000000000000000000000000000000000000000000000000000000000000001101000000000001000011000000110000011000000000000000000000000000000000000000000000000000000000000000000000000000
000000000000000000000000000000000000000000000000011000000011100000000000000000000000000000000000000000000000000000000000000010000000000000000000000000000000001100001110000000000000000000000110000000000000000000000000001000100001100000000000000000000000000000000000000000000000000000000000000000000000
000000000000000000000000000000000000000000000000001100000000000000000000000000000000000000000000000000000000000000000000000101000000000000000000000000000000111010000000000000000000000000000000000001100000011101000000001010100001100000000000000000000000000000000111000000000000000000000000000000000000
000000000000000000000000000000000000000000000000000100000000000000000000000000000000000000000000000000000000000000000000000010000000000000000000000000000001100110000000000000000000000000000000000000000000011111000000000111000001100000000000000000000000000000000000000000000000000000000000000000000000
000000000000000000100000000000000000000000000000000000000000000000000000000000000000000000000000000000000000000000000000000000000000000000000000000000000011000110000000000000000000000000000000000000001100011110000000000010000001110000000000000000000000000000010000010000000000000000000000000000000000
000000000000000001010000000000000000000000000000000000000000000000000000000000000000000110000000000000000000000000000000000000000000000000000000000000000001010110000000000000000000000000000000000001000000000000000000000000000001010000000000000000000000000000010000010000001100000000000000000000000000
000000000000000001001000000000000000000000000000000000000000000000000000000000000000001001000100000000000000000000000000000000000000000000000000000000000000110110000000000000000000000000000000000000100010000001000000000000000010010000000000000000000000000000010000010000001100000000000000000000000000
000000000000000000110000000000000000000000000000000000000000000000000000000000000000000101001010000000000000000000100000000000000001000000000000000000000000100010000000000000000000000000000000000000000010000011100000000000000001100000000000000000000000000000000000000000000000000000000000000000000000
000000000000000000000000000000000000000000000000000000000000000000000000000000000000000010001010000000000000000001010000000000000010100000000000000000000000001011000000000000000000000000000000000000001100000101111000000000000000000000000000000000000000000000000111000000000000000110000000000000001100
000000000000000000000000000000000000000000000000000000000000000000000000000000000000000000000100000000011000000000100000000000000010100000000000000000000000011100000000000000000000000000000000000000000000000100010100000000000000000000000000000000000000000000000000000000000000000101100000000000001100
000000000000000000000000000000000000000000000000000000000000000000000000000000000000000000000000000000011000000000000000000000000001000000000000000000000000000000000000000000000000000000000000000000000000000010010000000000000000000000000000111000000000000000000000000000000000000011100000000000000000
000000000000000000000000000000000000000000000000000000000000000000000000000000000000000000000000000000000000000000000000000000000000000000000000000000000000000000000000000000000000000000000000001001000000000000001100000000000000000000000000000000000000000000000000000000000000000000100000000000000000
000000000000000000000000000110000000000000000000000000000000000000000000000000000000000000000000000000000000000000000000000000000000000000000000000000000001110000000110000000000000000110000000001000100000000000000000000000000000000000000000000000001100000000000000000000000000000000000000000000000000
000000000000000000000000001001000000000000000000000000000000000000000000000000000000000000000000000000000000000000000000000000000000000000000000000000000001100000000110000000000000000110000000010000100000001100000000000000000000000000000000000000001100000110000011000000000111000001000000000000000000
000000000000000000000000000101000000000000000000000000000000110000000000000000000000000000000000000000000000001000010000000000000000000000000000000000000000010000000000000000000000000000000000010000100000001100000000000000000000000000000000000000000000000110000011000000000100000101000000000000000000
000000000000000000000000000010000000000000000000000000000000110000000000000000000000000000000000000000000000001000010000000000000000000000000000000000000000000000000000000000000000000000000000010001000000000000000000000000000000000000000000000000000000000000000000000000000110110000000000000000000000
000000000000000000000000000000000000000000000000000000000000000000000000000000000000000000000000000000000000001000010000000000000000000000000000000000000000000000000000000000000000000000000000001010000000000000000001100000000000000000000000000000000000000000000000000000000010000000000000000000000000
000000000000000000000000000000000000000000000100100000000000000000000000000000000000000000000000000000000000000000000000000000000000000000000000000011001100000000000000000000000000000000000000000000000000000000000010010000000110000000000000000000000000000001000000000000000001010000000000000000000000
000000000000000000000000000000000011000000000100110000000000000000000000000000000000000000000000000000000000000000000111000000000000000000000000000101001100000000000000000000000000000000000000000000000000000000000001100000000110000000000000000000000000000010100000000000000000100000000000000000000000
000000000000000000000000000000000110010000001001001000000000000000000000000000000001000000000000000000000000000000000000000001100000000000000000000010000000000000000000000000000000000000011100000000000000000000000000000000000000000000000000000000000000000010100000000000000000000000000000000000000000
000000000000000000000000000000011010010000000000011000000000000000000000000000000010100000000000000000000000000000000000000001100000000000000000000000000000000000000000000000100000000000000000000000000000000000000000000000000000000000000000000000000000000001000000000000000000000000000000000000000000
000000000000000000000000000110000000010000000000000000000000000000000000000000000010010000000000000000000000001000000000000000000000000000000000000000000000000000000000000001010000001100000000000000000000000000000000000000000000000000000000000000000000000000000000000000000000000000000000000000000100
000000000000000000000000000110110000100000000000000000001000000000000000000000000001100000000000000000000000001000000000000000000000000000000000000000000000000000000000000011011000001100000000000000000000000000000000000000000000000000000000000000000000000000000000000001000000000000000000000000000100
000000000000000000000000000000010001000000000000110110001100000000000000000000000000000000000000000000000000001000000000000000000000000000000000000000000000000000000000000001010000000000000000000000000000000000000000000000000000000000000000000000000000000000000000000010000100000000000000000000000100
000000000000000000000000000000000110000000000000110101100110000000000000000000000000000000000000000000000000000000000000000001111000000000000000000000000000110000000000000010001000000000011000000000000000000000000000000000000000110000000000000000000110000000000000000100000010000000000000000000000000
000000000000000000000000000000000000000001000000000101001000011100000000000000000000000000000000000000000000000000000000000011101100000000000000000000000001001000000000000111111000000000100100000000001000000000000000000000000000110000000000001100000110000000000000000000000010000000000000000000000000
000000000000000000000000000000000000011001000000111001001000010000000000000000000000000001000000000000000000000000000000000011001100000000000000000000000000110000000000000100010000000000011000000000010100000000000000000000000000000000000000000010000000000000000000001000100001000000000000000000000000
000000000000000000000000000000000000100000100000110100100001100000000000000000000000000001100000000000000000000000000000000000000011000000000000000000000000000000000000000010100000000000000000000000110100000100000000000000000000000000000000101110000000000000000000000100000010100000000000000000000000
110000000000000000000000000000001001100101000000001000000001110001000000000000000000000001110000000000000000000000000000000000000011100000000000000000000000000000110000000110110000000000100000000000010000010011000000000000000000000000000001100000000000000000000000000010011101110000000000000000000000
110000000000000000000000000000101000111000000000000000000010101011000000010111011101010000001000000000000000000000000000000000100000100000000000000000000000000000110000000010100000000001100000000000011000010001100000000000000000000000000001000010000000000000000000000000001001110000000000000000000000
000000000000000000000000000000110000110111000000000000000010011111000001001111011110100000011000000000000000000000000000000000010001100000000000000000000000000000000000000001000000000010110000000000001110000110110000000000000000000000000001011001000000000000000000000000000000011000000000000000000000
000000001100000000000011000000000000000111000000000000000001100100000001001000000010000000100000000000000000000000000000000000000011100000000000000000000000000000000000000000000000000111000000000000001010011000011000000000000000000000000001011011000000000000000000000000000000010000000000000000000000
000000010010000000000011000000000000000011000000000000000001101000000011000111011100010000000000000000000000000000000000000000000011000000000000000000000000000000000000000000000000000110000000000000000000111000011100000000000000000000000001100000000000011100000000000000000000110100000000000000000000
000000001100000000000000000000000000000011000000000000000000001100000000011111011111001010000000000000000000000000000000000000000000000000000000000000000000000000000000000000000000000101000000000000000000000000111000000000000000000000000000000000011000000000000000000001100000110100000000000000000000
000000000000000000000000000000000000001010000000000000000000000100000000000000000000000001000000000000000000000000000000000000000000000000000000000000000000000000000000000000000000001111111000000000010000000001010000000000000000000000000000000011111100000000000000000000000010000000011100000000000000
000000000000000000000000000000000000000100000000000000000000000000000000000000000000000011000000000000000110000000000000000000000000000000000000000000000000000000000000000000000000001001110000000000000100000001111000000000000000000000000000000100011000000000000000000000000011100001100000000000000000
000000000000000000011100000000000000000000000000000000000110000000000000010000000001000000000000000000000110000000000000000000000000000000000000000000000000000000000000000000000000001100000000000000011100000000011100000000000000000000000010001100100000000000000000000000000001101001010100000000000000
000000000000000000000000000000000000000000000000000000001001000000000000010001110001000000000000000000000000000000000000000000000000000000000000000000000000000000000000110000000000001100000000000000110000000000001100000000000000000000000001001100000000000000000000000000000000100000101110000000000000
000000000000000000000000000000000000000000000000000000000110000000000000000011101000000000000000000000000000000000000100000000000000000000000000000000000000000000000000110000000000000000000000000001010001000000000000000000000000000000000001000101100000000000000000000000000000010001000011000000000000
000000000000000000000000010000000000000000000000000000000000000000000000000100001000000000000000000000000000000000001010000000000000000000000000000000001100000000000000000000000000000000000000000000110101100000000000000000000000000000000000010100110000000000000000000110000000000011000011000000000000
000000000000000000000000101000000000000000000000000000000000001000000000000100110000000000000000000000000000000000001001000000000000000000000000000000001100000000000000000000000000000000000000000000000101100000000000000000000000000000100000001100100000000000000000001001000000001000000000000000000000
000000011000000000110000010000000000011000000000000000000000010100000000000011100000000000000000000000000000000100000110000000000000000000000000000000000000000000000000000000000000000000000000000000011001000000000000000000000000000000100000000011000011000000000100000110000000000000000000000000000000
000000011000000000010000000000000000011000000000000000000000100100000000000000000000000000000000000110000000001010000000000000000000000000000000000000000000000000000000000000000000000000000000000000101010000000000000000000000000000000100000000000000011000000001110000000110000000010000000000000000000
000110000001000001100000000000000000000000000000000000000000011000000000000000010000000000000000000110000000001010000000000000000000000000000000000000000000000000000001000000000000000000000000000001011100000000000000000000000000000000000000000000000000001110001011000000110000000010001000000000000000
000110000001000000000000000000000000000000000000000000000000000000000000000000101000000000000000000000011100000100000000000000100000101000000000000000000000000010000001000000000000000000000000000001010000000000000000000000000000000000000000000000000000000110000001100111110000111010001011100000000000
000000000001000000000000000000000000000000000000000000000000000000000000000001001000000000000000000000000000000000000000000000110000111110000000000000000000000001000001000000000000000000000000000000000000000000000000000000000000000000000000000000000000000000000111000000101000000000000001100000000000
000000000000000000000000000000000000000000000000000000000000000000000000000000110000000000000000000000000000000000000000000101110001111011000000000000000000001110000000000000011001100000000001000000000000000000000000000000000000000000000000000000000000000000001001000000011100000000000000000000000000
000000000000000000000000000000000000000000000000000000000000000000000000000000000011000000000000000000000000000000000000011110000111100010001000000000000000001100000000000000011001100000000010100000000000000000000000000000000000000000000000000000000000000000000001000000000100001100001000000000000000
000000000000000000000000000000000000000000000000000000000000000000000000000000000011000000000000000000000000000000000000110001000000000010010000000000000000000000000000000000000000000000000001100000000000001000000000000000000000000000000000000000000000000000010000000001111000001100000000000000000000
000000000111000000000000000000000000000000000000000000000000000000000000000000000000000000000000000000000000000000000000000011111010100011010000000000000000000000000000000000000000000000000000000000000000010100000000000000000000000000000110000000000000000000010010000000111110001010000000000000000000
000000000000000000000000000000000000000000000000011100000000000000000000000000000000000000000000000000000000000000000000001001011000100000000000000000000000000000000000000000011000000000110000000000000000010100000000000000000000000000000110000000000000000000011100000000011110001011000000000001100000
000000000000000000000000011000000000000000000000000000000000000000000000000000000000000000000000000000000000000000000000010100011000000000000000000000000000000000000000000000011000000001001000000000000000001000000000000000000111000000000000000000000000000000000000000000000000101111000000000001100000
000000000000000000000000111100000011000000000001000000000000000000000000000000000000000000001100000000000000000000000000111011000000000000000000000000000000000000000000000000000000000000110000000000000000000000000000000000000000000000000000000100000000000000000000000000000001000000000000000000000000
000000000000000000000000000100000010100000000001000000000000000000000000000000000000000000001100000000000000000000000000100010000000000000000000000000000000000000000000000000000000000000000000000000000000000000000000000000010000010000000000000101000000000000000000011000011010010000000000000000000000
000000000000000000000000101010000001000000000001000000000000000000000000000000000000000000000000000000000000000000000000000000000000000000000000000000000000000000000000000000000000000000000000010000000000000000000000000000010000010000000000000110000000000000000000100100001010000000000000000000000000
000000000000000000000001101111000000000000000000000000000000000000000000000000000000000000000000000000000000000000000000000000000000000000000000000000001000000000000000000000000000000000000000101000000000000000000000000000010000010000000000000000000000000000000000011000001000101000000000000000000000
000000000111000000000000001001000000000000000000011100000000000000000000000000000000000000000000000000000000000000000000000000000000000000000000000000001000000000000000000000000000000000000000101000000000000000000000000000000000000000000000000000000000000000000000000000000000110000000000000000000000
000000000000000000000001100100000000000000000000000000000000000000000000000000000000000000000000000000000000000000000000000000000000000000000000000000001000000000000000000000000000000000000000010000000000000000000000000000000111000000000000000000000000000000000000000000000100000000000000000000000000
000000000000000000000000000111000000000000000000000000000100000000000000000000000000000000000000000000000000000000000000000000000000000000000000000000000000000000000000000000000000000000000000000000000000000000000000000000000000000000000000000000000000000000000000000000000111000000000000000000000000
000000000000000000000000000100000000000000000000000000001010000000000000000000000000000000000000000000000000000000000000111000000000000000000000000000000000000000000000000000000000000000000000010000000000000000000000000000000000000000000000000000000000000000000000000000000000000000000000000000000000
000000000000000000000000001111000000000000000000000000001001000000000000000000000000000000000000000000000000000001000000010000000000000000000000000000000000000000000000000000000000000000000000101000000000000000000000000000000000000000000000000000000000000000000000000000000000000000000000000000000000
000000000000000000000000001111100000000000000000000000000110000000000000000000000000000000000000000000000000000000110000010000000000000000010000000000000000000000000000000000000000000000000000101000000000000000000000000000000000000000000000000000000000000000000000000000000000000000000000000000000000
000000000000000000000000000011100000100000000000001100000000000000000000000000000000000000000000000000000000000001100000111000000000000000010000000000000000000000000000000000000000000000000000010000000000000000000000000000000000000000000000000000000000000000000000010000000000000000000000000000000000
000000000000000000000000000000000001010000000000010110000100000000000000000000000000000000000000000000000000000000000000000000000000000000010000000000000000000000000000000000001000000000000000000000000000000000000000000000000000000000000000000000000000000000000001001000000000000000000000000000001100
000000000000000000000000000000000000100000000000100011011010000100000000000000000000000110000000000000000000000000000000000000000000000000000000000000000000000000000000000000001000000000000000000000000000000000000000000000000000000000000000000000000000000000000001001000000000000000000000000000001100
000110000000000000000000000000000000000000000000100001100001000101110000000000000000001111000000000000000000000000000000000000000000000000000000000000000000100000000000000000001000000000000000000000000000000000000000000000000000000000011100000000000000000000000000100000000000000000000000000000000000
000110000000000000000000000000000000000000000000100011011010000100000110000000001010000100100000000000000000000000000000000000000000000000000000000000000001010000000000000000000000000000000000000000000000000000000000000000000000000000000000000000000000110000000000000000000000000000000000000000000000
000000000000000000000000000000000000000000000000010110000000000001100010000000011011111111100010000000000000000000000000000000000000000000000000000000000000100000000000000000000000000000000000000000000000000000000000000000000000000000000000000000000000110000000000000000000000000000000000000000000000
000000000000000000011100000000000000000000000000001100000000000001000010000000000111100000000010100000000000000000000000000000000000000000000000000000000000000000000000000000000000000000000000000000000000000000000000000000000000000000000000000000000000000000000000000000000000000000000000000000000000
000000000000000000000000000000000000000000000000000000000000000001000000000000100000000000000011000000000000000000000000000000010100000000000000000000000000000000000000000000000000000000000000000000000000000000000000000000000000000000000000000100000000000000000000000000000000000000000000000000000000
000000000000000000000000000000000000000000000000000000000000000000000100000000000000000000000000000000000000000000000000000000110100000000000000000000000000000000000000000000000000000000000000000000000000000000000000000000000000000000000000001010000000000000000000000000000000000000000000100000000000
000000000000000000000000000000000000000000000000000000000000000001001000000000000000000000000000000000000000000000000000000011101011000000000000000000000000000000000000000000000000000000000000000000000000000000000000000000000000000000000000001100000000000000000000000000000000000000110001100000000000
000000000000000000000000000000000000000000000000000001110000000000111000000000000000000000000000000000000000000000000000000011000001000000000000000000000000000000000000000000000000000000000000000000000000000000000000000000000000000000000000000000000000000000000000000000000000000000110001100000000000
000000000000000000000000000000000001100000000000000000000000000000001100000000000000000000000000000000000000000000000000000000000101000000000000000000000000000000000000000000000000000000000000000000000000000000000000000000000000000000000000000000000000000000000000000000000000000000000001000000000000
000000000000000000000000000000000001100000000000000000000000000000001100000000001100000000000000000000000000000000000000000000000110000000000000000000000000000000000000000000000000000001100000000000000000000000000000000000000000000000000000000000000000000000000000000000000000000000000000000000000000
000000000000000000000000000000000000000000000000000000000000000000000000000000011010000000100011100011000000000000000000000000000000000000000000000000000000000000000000000000000000000001100000000000000000000000000000000000000011000000000000000000000000000000000000000000000000000000000000000000000000
000000000000000110000000000000000000000000000000000011000000000000000000000000011011000011101100000100100000000000000000000000000000000000000000000000000000010000000000000000000000000000000000000000000000000000000000000000111001011000000000000000000000000000000000000000000000000000000000000000000000
000000000000000110000000000000000000000001000000000100100000000000000000000000001010000011101101000100100000000000000000000000000000000000000000000000000000101000000000000000000000000000000000000000000000000000000000000001101111001000000000000000000000000000000000000000000000000000000000000000000000
000000000000000000000000000000000000000001000000000010100000000000000000000000000100000101000011011101000000000000000000110001100000000000000000000000000001001000000000000000000000000000000000000000000000000000000000000010001001001000000000000000000000000000000000000000000000000000000000000000000000
000000000000000000000000000000000000000001000000000001000000000000000000000001000000000011000000110100000000000000000001010010010000000000000000000000000000110000000000000000000000000000000000000000000000000000000000000001101010110000000000000000000000000000000000000000000000000000000000000000000000
000000000000000000000000000000000000000000000000000000000000000000000000000010100000000011000000000010000000000000000011000001010000000000000000000000000000000000000000000000110000000000000000000000000000000000000111000000110000100000000000000000000000000000000000000000000000000000000000000000000000
000000000000000000000000000000000000000000000000000000000000000000000000000000010000000000000000010100000000000000100001010000100000000000000000000000000000000000000000000000101000000000000000000000000000000000000000000000010001000000000000000000000000000000000000000000000000000000000000000000000000
000000000000000000000000000000000000000000000000000000000000000000000000100011010000000000000000001000000000000001010000110000000000000000000011000000000000000000000000000000010000000000000000000000000000000000000000000000001010000000000000000000000000000000000000000000000000000000000000000000000000
000000000000000000000000000000000000000111100001100000000000000000000001011000100000000000000000000000000000000011010000000000000000000000000011000000000000000000000000000000000000000000000000000000000000000000000000000000000000000000000000000000000000000000000000000000000000000000000000000000000000
000000000000000000000000000000000000000000000000000000000000000000000000010111000000000000010000000000000000101100100000000000000000000000000000000000000000000000000000000000000000000000000000000000000000000000000000000000000000000000000000000000000000000000000000001000000000000000000000000000000000
000100000000000000000000000000000000000000000110000000000000000000000000011000001010000000110000000000000001000100000000000000000000000000000000000000000000000000000000000000000000000000000000000000000000000000000000000000000000000000000000000000000001100000000000001000000000000000000000000000000000
001010000000000000000000000000000000000000000100000000000000000000000000000110010011100001101000000000000010001000000011000000000000000000000000000000000000000000000000000000000000000000000000000000000000000000000000000000100000000000000000000000000001100000000000000000000000000000000000000000000000
001100000000000000000000000000000000000000000000000000000000000000000000000000001001100010100000000000000010000000000100100011000000000000000000000000000000000000000011000000000000000000000000000000000000000000000000000001110000000000000000000000000000000000000000000000000000000000000000000000000000
000000000000000000000000000000000000000000111000000000000000000000000000000010011000100011000000000000000110110000000011000011000000000000000000000000000000000000000100100000000000000000000000000000000000000000000000000010011000000000000000000000000000000000000000000000000000000000000000000000000000
000000000000000000000000000000000000000000000000000000000000000000000000000101010001000000000000000000000100011000000000000000000000000000000000000000000000000000000011000000000000000000000000000000000000000000000000000011100000000000000000000000000000000000000000000000000000000000000000000000000000
000000000000000000000000000000000000000000000000000000000000000000000000000101001100110000000100000000000011010111100000000000000000000000000000000000000000000000000000000000000000000000000000000000000000000000000000000000000000000000000000000000000000000000000000000010000000000000000000000000000000
000000000000000000000000000000000000000000000000000000000000000000000000000111000100011000000110000000000000110000010000000000000000000000000000000110000010000000000000000000000000000000000000000000000000000000000000000000000000000000000000000000000000000000000000000111000000000000000000000000000000
000000000000000000000000000000000000000000000000000000000000000000000110100010000100100110011110000000000000000000010000000000000000000000000000000110000101000000000000000000000000000000000000000000000000000000000000000000000000000000000000000000000000000000000000000111000000000000000000000000000000
000000000000000000000000000000000000000000000000000000000000000000001000000100000011011011000011100000000000000011100000000000000000000000000000000000000101000000000000000000000000000000000000000000000000000000000000000000000000000000000000000000000000000000000000000000000000000000000000000000000000
000000000000000000000000000000000000000000000000000000000001100000000100101100000000011001111011100000000000000000000000000000000000000000000000000000000010000000000000000000000000110000000000000000000000000000000000011001100000000000000000000000000000000000000000000111000000000000000000000100000000
000000000000000000000000000000000000000000110000000000000010010000000011011000000000011100001101101110000000000000000000000000000000000000000000000000000000000000000000000000000000110000000000000000000000000000000110000001000000000000000000000000000000000000000000000111000000000000000000001010000000
000000000000000000000000000000000000000001001000000000000001100000000000000100000000000000001010000000000000000000000000000000000000000000000000000001100000001100000000000000000000000001000000000000000000000000000110011100000000000000000000000000000000000000000000001000100111000000000000001010000000
000000000000000000000000000000000000000000110000000000000000000000000000111100000000000000001100000000000000000000000000000000000000000000000000000010010000010010000000000000000000000010100000000000000000000000000000000100000000000000000000000000000000000000000000011011000100100000000000000100000000
000000000000000000000000000000000000000000000000000000000000000000000000000000011000001100000010010000000000000000000000000000000000000000000000000001100000001100000000000000000000000011000000000000000000000000000000000000000000000011100000000000000000000000000000010000000100100000000000000000000000
000000000001100000000000000000000000000000000000000000000000000000000000000000011000000110000000010000000000110000000000000000000000000000000000000000000000000000000000000000000000000000000000000000000000000000000000000000000000000000000000000000000000000000000000001100000100100000000000000000000000
000000000001100000000000000000000000000000000000000000000000000000000000000000000000000010000000000000000000110000000000000000000000000010000000111000000010000000000000000000000000000000000000000000000000000000000000000000000000000000000000000000100000000101000011100000000111000000000000000000000000
000000000000000000000000111000000000000000000000000000000000000000000000000000000000000000010000000000000000000000000000000000000000000101000000000000000101000000000000000000000000000000000001100000000000000000000000000000000000000000000000000001010000000011000000000000011100000000000000000000000000
000000000000000000000000000000000000000000000000000000000000000000000000000000000000000000010000000000000000000000000000000000000000000110000000000000000101000000000000000000000111000000000010010000000000000000000001000000000000000000000000000001010000000010000000001000011000000000000000000000000000
000000000000000100000010000010000000000110000000000000000000000000000000000000000000000000010000000000000000000000000000000000000000000000000000000000000010000000000000000100000000000000000001100000000001100000000010100000000000000000000000000000100000000000000000001000000000000000000000000000000000
000000000000001010000010000010000000000110000000000000000011000000000000000000000000000000000000000000000000000000000000000000000000000000000000000000000000000000000000001010000000010000000000000000000001100000000010100000000000000000000000000000000000000000000000001000000000000000000000000000000000
000000000000010010000010000010000000000000000000000000000011000000000000000000000000000000000000000000000000000000000000000000000000000000000000000000000000000000000000001010000000010000000000000000000000000000000001000000000000000000000000000000000000000000000000000000000000000000000000000000000000
000000000000001100000000000000000000110000000000000000000000000000000000000000000000000000000000000000000000000000000000000000000000000000000000000000000000000000000000000100000000010000000000000000000000000000000000000000000000000000000000000000000000000000000000000000110000000000000000000000000000
000000000000000000000000111000000000110000000000000000000000000000000000000000000000000000000000000000001000000000000000000000000110000000000000000000000000000000000000000000000000000000000000000000000000000000000000000000000000000000000000000000000000000000000000000000110000000000000000000110000000
000000000000000000000000000000000000000000000000000000000000000000000000000000000000000000000000000000001000000000000000000000001001000000000000000000000000000000000011000000000000000000000000000000000000000000000000000000000000000000000000000000000000000000000000000000000000000000000000000110000000
000000000000000000000000000000000000000000000000000000000000000000000000000000000000001100000000000000001000000000000000000000000110000000000000001000000000000000001000111000000000000000000000000000000000000000001100000000000000000000000000000000000000000000000000000000000000000000000000000000000000
000000000000000000000000000000000000000000000000000000000000000000000000000000000000001100000000000000000000000000000000000000000000000000000000001000000000000000010000100010000000000000000000000000000000000000010010000000000000000000000000000000000000000000000000000000000000000000000000000000000000
000000000000000000000000000000000000000001100000000000000000000000000001100000001100000000000000000000000000000000000000000000000000000000000000001000000000000000101010101111100000000000000000000000000000001000001100000000000000000000000000000000000000000000000000000000000000000000001100000000000000
000000000000000000000000000000000000000010010000000000000000000000000010010000010010000000000000000000000000000000000000000000000000000000000000000000100000000001101100100011100000000000000000000000000000010100000000000000000000000001000000000000000000000000000000000000000000000000001100000000000000
000000000000000000000000000000000000000001010000000000000000000000000001100000001100000000000000000000000000000000000000000000000000000000000000000001010000000000100010000010000000000000000000000000000000010100000000000000000000000001000000000000000000000000000000000000000000000000000000000000000000
000000000000000000000000000000000000000000100000000000000000000000000000000000000000000000000000000000000000000000000000000000000001110000000000000001100000000000010110010110000000000000000000000000000000001000100000000000000000000001000000000000000000000000000000000000000000000000000000000000000000
000000000000000000100000000000000000000000000000000000000100000000000000000010000000000000000000000000000000000000000000000000000000000000000000000000000000000000000110000000000011000000000000000000000000000000100000000000000000000000000000000000000000000000000000000000000000000000000000000000000000
000000000000000001010000000000000000000000000000000000000011000000000000000101000000000000000000000000000000000000000000000000000000000100000000000000000000000000000000000110100011100000000000000000000000000000100000000000000000011100011100000000000000000000000000000000000000000000000000000000000000
000000000000000001001000000000000000000000000000000000000001000000000000000101000000000000000000000000000000000000000000000000000000000100000000000000000000000000000000000010010010011000000000000000000000000000000000000000000000000000000000000000000000000000000000000000000000000000000000000000000000
000000000000000000110000000000011000000000000000000000000111000000000000000010000011000000000000000000000000000000000000000000000000000100000000000000000000000000000000000001100001101000000000000000000000000000000000000000000000000001000000011000000000000000000000000000000000000000000000000000000000
000000000000000000000000000000100100000000000000000000000000000000000000000000000011000000000000000000000000000000000000000000000000000000000000000000000000100000000000000000000000101100000000000000000000000000000000000000000000000001000000011000000000000000000000000000000000000000000000000000000000
010000000000000000000000000000101000000000000000000000000000000000000000000000000000000000000000000010000000000000000000000000000000000000000000000000001001010000000000000000000000011100000000000000000000000000000000000000000000000001000000000000000000000000000000000000000000000000000000000000000000
101000000000000000110000000000010000000000000000000000000000000000000000000000000000000000000000000101000000000000000000000000000000000000000000000000111000110000000000000000000000001100000000000000000000000000000000000000000001000000000000000000000000000000000000000000000000000000000000000000000000
101000000000000000110000000000000000000000000000000000000000000000000000000000000000000000000000000101000000000000000000000000000000000000000000110001010000000000000000000000000001110100000000000000000000000000000000000000000001000000000000000000000000000000000000000000000000000000000000000000000000
010000000000000000000000000000000000000000000000000000011000000000000000000000000000000000000000000010000000000000000000000000000000000000000000110001100000000000000000000000000000000111000000000000000000000000000000000000000001000000010000000000000000111000000000000000000000000000000000000000000000
000000000000000000000000000000000000000000000000000000011000110000000000000000000000000000000000000000000000000000000000000000000000000000000000001000000000000000000000000000000000000011000000000000000000000000000000000000000000000000101000000000000000000000000000000000000000000000000000000000000000
000000000000000000000000000000000000000000000000000000000000110000000000000000000000000000000000000000000000000000000000000000000000000000000000101000000000000000000000000000000000000000000000000000000000000000000000000000000000011100101000000000000010000010000000000000000000000000000000000000000000
000000110000000000000000000000000000000000000000000000000000000000000000000000000000000000000000000000011000000000000000000000000000000000000000100000000000000000000000000000000000000000000000000000000000000000000000000000000000000000010000000000000010000010000000000000000000000000000000000000000000
000000110000000000000000000000000000000000000000000000000000000000000000000000000000001100000000000000011000000000000000000000000000000000000000001111100000000000000000000000000000000000000000000000000000000000000000000000000000000000000000011000000010000010000000000000000000000000000000000000000000
000000000000000000000000000000000001110000000000000000000000000000000000000000000000001100000000000000000000000000011000000000000000000000000000001001000000000000000000000000000000000000000100000000000000000000000000000000000001000000000000011000000000000000000000000000000000000000000000000000000000
000000000000000000000000000000000000000000000000000000000000000000000000000000000000000000000000000000000000000000011000000100000000000000000000000101000000000000000000000000000000000000000100000000000000000000000000000000000010100000010000000000000000111000000000000000000000000000000000000000000000
000000000000000000000000000000000000000000000000000000000000000000000000000000000000000000000000000000000000000000000000001100010000000000000000000000010000000000000000000000000000000000000100000000000000000100000000000000000100100000010000000000000000000000000000000000000000000000000000000000000000
000000000000000000000000000000000000000000000000000000000000000000000000000000000000000000000000000000000000000000000000011011100000000000000000000001111000000000000000000000000000000000000000000000000000001010000000000000000011000000010000000000000000000000000000000000000000000000000000000000001000
000000000000000000000000000000000000000000010000000000000000000000000000000000001110000000000000000000000000000000000000001011010000000000000000000010111000000000001000000000100000000001110000100001000000000100000000000000000000000000000000000000000000000000000000000000000000000000000000000000010100
000000000000000000000000000000000000000000110000000000000000000000000000000000000000000000000000001000000000000000000000000110000000000000000000000010100000000000010100000001010000000000000000110001010000000000000000000000000000000111000111000000000000000000000000000000000000000000000000000000010100
000000000000000000000000000000000000000000110000000100000000000000000000000000000000000000000000010010000000000000000000011100000000000000000000000000000000000000010100000001010000000000000000000001010000000000000000000000000000000000000000000000000000000000000000000000000000000000000000000000001000
000000000000000000000000000000000000000000100000001010000000000000000000000000000000000000000000000000000000000000100000010000000000000000000000000000000000000000001000000000100000000000000000000000100000000000000000000000000000000000010000000000000000000000000000000000000000000000000000000000000000
000000000000000000000000000000000011000000000000000110000000000000000001000000000000000000000000100001000000000000100000010000000000000000000000000000000000000000000000000000000000000000000000000000000110000000000000000000000000000000010000000000000000000000000000000000000000000000000000000000000000
000000000000000000000000000000000011000000000000000000000000000000000010100000000000001110000000000010001110000000100000000000000000110000000000000000000000000000000000000000000000000000000000000000000001000000000000000000000000000000010000000000000000000000000000000000000000000000000000000000000000
000000000000000000000000000000000000000000000000000000000000000000000010100000000000000000000000100100001010000000000000000000000000101000000000000000000000000000000000000000000000000000000100000000000011000000000000000000000000000000000000000000000000000000000000000000000000000000000000000000000000
000000000000000000000001000000000000000000000000000000000000000000000001000000000000100000100000010000000110001100001110000000000000001000000000000000000000000000000000000000000000000000001110000000000000000000000000000000000000000000000000000000000000000000000000000000000000000000000000000001100000
000000000000000000000001000000000000000000000000000000000000000000000000000000000000100000100000011100000000001100000000000001100000000110000000000000000000010000000000000000000000000000001000000000110100000000000000000000000000000000000000000000000000000000000000000000010000000000000000000001100000
000000000000000000000001000000000000000000000000000000000000000110000000000000000000100000100000001000000000000000000000000001100000000010000000000000000000101000000000000000000000000000010010000011101000000000000000000000000000000000000000000000000000000000000000000000101000000000001110000000000000
000000000000000000000000000000000000000000000100000000000000000110000000000000000000000000000000010000000000000000000000000000000000000000000000000000000000101000000000000000000000000000001010000011101000000000000000000000000000000000000000000000000000000000110000000000101000000000000000000000000000
000000000000000000011100000000000000000000001010000000000000000000000000000000000000001110000000111000001100000000000000000000000000000000000000000000000000010000000000000000000000000000000000000010010000000000000000000000000000000000000000000000000000000001001000000000010000000000000000000000000000
000000000000000000000000000000000000000000000110000111000111000000000000000000000000000000000001111000000010001100000000000000011000000000000000000000000000000000000000000000000000000000000000000001101000000000000000000000000000000000000000000000000000000000110000000000000000000000000000000000000000
000000000000000000000000000000000000000000000000000000000000000000000000000000000000000000000110000000000101010010000000000000010000000000000000000000000000000000000000000000000000000000000000000001101000000000000000000000000000000000000000000000000000000000000000001100000001100000000000000000000000
000000000000000000000011000000000000011000000000000000010000000000000000000000000000000000000110000000011110001110100000000000010010011000010000000000000000000000000000000000001000000000000000000000000000000000000000000000000000000000000000000000000000000000000000010010000001100000000000000000000000
000000000000011100000011000000000000100100000000000000010000000000000000000000000000000000000110100000001110000111100000000000001000111000010000000000000000000000000000000000110100000000000000000000000000000000000000000000000000000000000000000000000000000000000000001100000000000000000000000000000000
000000000000000000000000000000010001001000000000000000010000000000000000000000000000000000000001100010001000000011101000000000000011011100010000000110000000000000000000000001000010000000000000000000000000000000000000000000000000000000000000000000000000000000000000000000000000000000000000000000000000
000000000000000000000000000000010000110000000000000000000000100000000000000000000000000000000001100010010000000001111110111000000000000101000000000110000000000000000000000001001110000000000000000000000000000000000000000000000000000000000000000000000000000001100000000000000000000000000000000000000000
000000000000000000000000000000010000000000000000000000000000100000000000000000111000000000000000000001000000000000111001100000000000001000000000000000000000000000000000000011110110000000000000000000100000000000000000000000000000000000000000000000000000000001100000000000110000000000000000000000000000
000000000000000000000000000000000000000000000000000000000000100000000000000000000000000000000000000000000000000000000000010000000001101000000000000000000000000000000000000110000110000000000001000001010000000000000000000000000000000000000000000000011000000000000010000000110000000000000000000000000000
000000000000000000000000000111000111000000000000000000000000000000000000000000000000000000000000000000000000000000000000100000000000010101000000000000000000000000000000000010000011000001000001100010010000000000000000000000000000000000000000011000010100000000000101000000000000000000000000000000000000
000000000000000000000000000000000000000000000000000000001110001110000000000000000100000000000000000000000000000000000001000000000001100000000000000000000000000000000000000001000110000001000001001000100000000000000000000000000000000000000000100100001000000000001010000000000000000000001100000000000000
000000111000000000000000000000010000000000000000000000000000000000000000000000001010000000000000000000000000000000000000000000000000000000000000000000000000000000000000000000000000100000010000101111010100100000000000000000000000000000000000101000000000000000001100000000000000000000001100000000000000
000000000000000000000000000000010000000000000000000000000000100000000000000000001010000000000000000000000000000000000000000000000000000000000000000000000000000000000000000000000110110000100001011110110100111000000000000000000000000000000000010000000000000000000000000000000000000000000000000000000000
000010000010000000000000000000010000000000000000000000000000100000000000000000000100000000000000000000000000000000000101000000000000000000000000000000000000000000000000000000001000000001100000111001100011000100000000000000000000000000000000000000000000000000000000000000000000011000000000000000000000
000010000010000000000110000000000000000000000000000000000000100000000000000000000000000000000000000000000000000000001000011100000000000000000000000000000000000000000000000000000011000000000000000000100001000000000000000000000000000000000000000000000000000000000000000000000000011000000000000000000000
000010000010000000000110000000000000000000000000000000000000000000000000000000000000000000000000000000000000000000000110001110000000000000000000000000000000000000000000000000000000000010000000000000011111100010100000000000000000000000000000000000000000000000000000000000000000000000000000000000000000
000000000000000000000000000000000000000000000000000000000000000000000000000000000110000000000000000000000000000000000001000101000000111000000000011100000000000000000000000000000000000100000000000000001100001100100000000000000000000000000000000000000000000000000000000000000000000000000000000000000000
000000111000000000000000000000000000000000000000000000000000000000000000000000000110000000000000000000000000000000000000010000100000111000000000000000000000000000000000000000000000000100011000000000000011000000000000000000000000000000000000000000000000000000000000000000000000000000000000001000000000
000000000000000000000000000000000000000000000000000000000000000000000000000000000000000000000000000000000000000000000000011000000001101100000001000001000000000000000000000000000000000000100100000000000001000000000000000000000000000000000000000000000000001100000000000000000000000000000000010100000000
001000000000000000000000000000000000000000000000000000000011000000000000000000000000000000000001100000000000000000000000001000000000111000000001000001000000000000000000110000000000000000100100000000000000000000000000000000000000000000000000000000000000001100000000000000000000000000000000010100000000
001000000000000000000000000000000000000000000000000000000011000000000000000000000000000000001011100000000000000000000000000001100000111000000001000001000000000000000000110000000000000000011000000000000000000000000011000000000000000000000000000000000000000000000000000000000001000000000000001000000000
001000000000000000000000000000000000000000000000000000000000000000100000000000000000000000011111000000000000001100000110000000000000010000000000000000000000000000000000000000000000000000000000000000000000000000000100100000000000000000000000000000000000000000000000000000000001000000000000000000000000
000000011000000000000000000000000110000000000000000000100000000001110000000000000000000000111110000000000000010010000110000000000000000000000000011100000000000000000000000000000000000000000000000000000000000000000011000000000000000000000000000000000000000000000000000000000001000000000000000000000000
000000100100000000000000000000000110000000000000000000110000000011100000110000000000000001000001000000000000010100000000000000000000000000000000000000000000000000000000000000000000000000000000000000000000000000000000000000000000000000000000000000000000000000000000000000000000000000000000000000000000
000000010100000000000000000000000000000000000000000001010000000001101000101000000000000011001001100000000000001000000000000000000000000000000000000000000000000000000000000000000000000000000000000001010000000000000000000000000000000000000000000000000000000000000000000000011100011100000000000010000000
000110001000000000000000000000000000000000000000000000000000000000101000001000000000000111010101110000000000000000000000000000000000000000000000000000000000000000000000010000000000000000000000001101111000000000000000000000000000000000000000000000000000000000000000000000000000000000000110000101000000
000110000000000000000000000000000000000000000001110000000000000000101000101000000000000011001001100000000000000000000000000000000000000000000000000000000000000000000000101000000000000000000000001000000100000000000000000000000000000000000000110000000000001000000000000000000001000000000110000101000000
000000000000000000000000000000000000000000000001001100000000000000000000110000000000000001000001000000000000000000000000000000000000000000000000000000000000000000000000101000000000000000000000001010011000000000001110000000000000000110000000110000000000010100000000000000000001000000000000000010000000
000000000000000000000000000000000000000000000000101100000000000000000000000000110110000000111110000000000000000000000000000000000000000000000000000000000000000000000000010000000000000000000000000110001000000000000000000000000000000110000000000000000000101000000000000000000001000000100000000000000000
000000000000000000000000000001110000000000000000100000000000000011000000000000110110000000011100000000000000000000000010000000000000000000000000000000000000000000000000000000000000000000000000000001010000000000000000000000000000000000000000000000000000110000000000000000000000000000100000000000000000
000000000000000000000000000000000000000000000000010100000000000000000000000000000000000000001000000000000000001100000010000000001000000000000000000000000000000000000000000000000000000000000000000000000001110000000000000000000000000000000000000000000000000000000000000000000000000000100000000000000000
000000000000000000000000000000000000000000000000001000000000000100000000000000000000000000000000000000000000010100000010000000010100000000000000000000000000000000000000000000000000000000000100000000000101110000000000000000000000000000000000000000000000000000000000000000000000000000000000000000000000
000000000000000000000000000000000000000000000000000000000000000001000000000000000000000000000000000000000000001000010000000000001000000000000000000000000000000000000000000000000000000000001010000000011100100000000000000000000000000000000000000000000000000000000000000000000000000000000000000000000000
000000000000000000000000000000000000000000000000000000000000000011010000000000000000000000000000000000000000000000101000000000000000000000000000000000000000000000000000000000000000000000001001000000011100110101000111000000000000000000000000000000000000000000000000000000000000000000000000000000000000
000000000000000000000011000000000000000000000000000000000000000011011000000000000000000000000000000010011000000000010000000000000000000000000000000000000000000000000000000000000000000000000110000000000000011011000100100000000000011100000110000000000000000000000000000000000000000000011000000000000000
000000000000000000000011000000011000000000000000000000000000000011011000000000000000000000000000000010001000000000000000000000001000000000000000000000000000000000000000000000000000000000000000000000000000000100100000110000000000000000000110000000000000000000000000000000000000000000011000000000000000
000000000000000000000000000000011000000000000000000000000000000010011000000000000000000000000000000011111100000000000000000000010100000000000000000000000000000000000000000000000000000000000000000000000000000011100000110000000000000000000000000000000000000000000000000000000000000000000000000000000000
000000000000000000011000000000000000000000000000000000000000000110010000000000000000000000000000000000100110000000000000000000010100000000000000000000000000000000000000000000000000000000000000000000000000000000010001000000000000000000000000000000000000000000000000000000000000000000000000000000000000
000000000000000000100100000000000000000000000000000000000000001100010000000000000000000000000000000001000110000000000000000000001000000000000000000000000000000000000000000000000000000000000000000000000000000001111100000000000000000000000000000000000000000000000000000000000000011000000000000000000000
000000000000000000011000000000000000000000111000000000000000000001000000000000000110000000000000000001100000000000000000000000000000000000001100000000000000000000000000000000000000000000000000000000000000000110110000000000000000001100000000000000000000000000000000000000000000100100000000000000000000
000000000000000000000000000000000000000000101000000000000110010000000000000000011001000000000000000000000000000000000000000000000000000000001100000000000000000000000000000000000000000000000000000000000000000001000000111100000000001010000000000000000000000000000000000000000000010100000000000000000000
000000000001100000000000000000000000000001100100000000001000000000000000000000011011000000000000000000000000000000000000000000000000000000000000000000000000000000000000000000000000000000000000000011100000001110000001100110000000000110000000000000000000000000000000000000000000001000001000000000000000
000000000001100000000000000000000000000001101100010000000111101000100000000000011010000000000000011000001011110000000000000000000000000000000000000000000000000000000000000000000000000000000000000000000000000000100010001100000000000000000000000000000000000000000000000000000000000000010100000000000000
000000000110000000000000000000000000000001101101001100000011101000100000000000111011000000000000100100000011110000000000000000000000000000000000001000000000000000000000000000000000000000000000000000000000000001110001110000000000000000000000000000000000000000000000000000000000000000100100000000000000
000000000110000000000000000000000000000000010001001101000000000110010000000000110110000000000000011000010001000000000000000000000000000000000000001000000000000000000000000000000000000000000000000000000000000111000001000000000000000000000000000000000000000000000000000000000000000000011000000000000000
000000000000000000000000000000000000000000000000110011100000000011100000000000110110000000000000000000011110000000000000000000000000000000000000001000000000001000000000000000000000000000000000000000000000001000000000000000000000000000000000000000000000000000000000000000000000000000000000000000000000
000000000000000000000000000000000000000000000000000011100000000000000000000000001000000000000000000000001001000000000000000000000000000000000000000000000000001000000000000000000000000000000000000000000000010110000000000000000111000000000000000000011000000000000000000000000000000000000000000000000000
000000000000000000000000000000000000000000000000000000000000000000000000000000000000000000000000000000010000000100000000000000000000000000011000000000000000001000000000000000000000000000000000000000000000010100000000000000011111100000000000000000011000000000000001000000000000000000000000000000000000
001100000000000000000000000000000000000000000000000000000000000010000000000000000000000000000000000000000000101010000000000000000000000000100100000000000000000000000000000000000000000000000000000000000000000000000000000000011000100000000000000000000000110000000001000000000000000000000000000000000000
001100000000000000000011100000000000000000000000000000000000000101000000000000000000000000000000000000000010000010000000000000000000000000011000000000000000000000010000000000000000000000000100000000000000000000000000000000001101000000000000000000000001010000000001000000000000000000000000000000000000
000000000000000000000000000000000001100000000000000000000000000110000000000000000000000000000000000000010000000010000000000000000000000000000000000000000000000000010000000000000000000000001010000000000000000000110000000000010000000000000000000000000011100000000000000000110000000000000000000000000110
000000000000000000000000000000000010010000000000000000000000000000001000000000000000000000000000000000001000000100000000000000000000000000000000000000000000000000010000000000000000000000001010000000000000000000000000000000000000000010000000000000000000000000000000000001001000000000000000000000000110
000000000000000000000000000000000001100000000001110000000000000000110000000000000000000000000000000100000000110100000000000000000000000000000000000000000000000000000000000000000000000000000100000000000000000000000000000000000000000101000000000000000000000000000000000000110000000000000000000000000000
000000000000000000000000000000000000000000000000000000000000000000011000000000000000000000000000001010000000000000000000000000000000000000000000000000000000000000000111000000000000000000000000000000000000000000000000000000000000000101000000000000000000000000001110000000000000000000000000000000000000
000000000000000000000001100000000001100000000000000000000000000000000000000000000000000000000000001001000000000000000000000000000000000011000000000000000000000000000000000000000000000000000000011000000000000000000000000000000000000010000000000000000000101000001110000000000000000000000000000000000000
000000000000000000000001100000000010010000000000000000000000000000000000000000000000000000000000000110000000000000000000000000000000000100100000000000000000000000000000000000000000000000000000100100000000000000000000000000000000000000000000000000000000100010000000000000000000000000000000000000000000
000000000000000000000000000000000001100000110000000000000000000000000000000000000000000000000000000000000000000000000000000000000000000100100000000000000000000000000000000000000111000000000000011000000000000000000000000001100000000000001100000000000001000110000000000000000000000000000000000000000000
110000000000001100000000000000000000000001001000000000000000000000000000000000000000000000000000000000000000000110000000000000000000000011000000111000000000000000000000000000000000000000000000000000000000000000000000000010010001010000010010000000000001000000000000000000000000000000000000000000000000
110000000000001100000000000000000000000000110000000000000000000000000000000000000000000000000000000000000000000010000000000000000000000000000000000000000000000000000000000000000000000000000000000000000000000000000000000001100000100000001100000000000000000101010000000000000000000000000000000000000000
000000000000000000000000000000000000000000000000000000000000000000000000000000000000000000000000000000000000000000000000000000000000000000000000000000000000000000000100000000000000000000000000000000000000000000000000000000000000000000000000000000000000100101010000000000000000000000000000000000000000
000000000000000000000000000000000000110000000000000000000000000000000000000000000000000000000000000000000000000000000000000011000000000000000001000000000000000000001110000000000000000000000000000000000001100000000000000000000000000000000000000000000000001000100000000000000000000000000000000000000000
000000000000000000010000000000000001001000000000000000001100000000000000000000000000000000000000000000000000000000000000000011000000000000000001000000000000000000000011000001110000000000000000000000000001100000000000000000000000000000000000000000000000000000000000000000000000000000000000000000000000
000000000000000000101000000000000000110000000000000000001100000000000000000000000000000000000000000000000000000000000000000000000000000000000001000000000000000000000011100000000000000000000000000000000000000000000000000000000000000000000000000000000000000000000000000000000000000000000000000000000000
000000000000000000101000000000000000000000000000000000000000000000000000000000000000000000000000000000000000000000000000000000000000000000000000000000000000000000000001100100000101110000000000010000000000000000000000000000000000000000000000000000000000000000000000000000000000000000000000000000000000
000000000000000000010000000000000000000000000000000000000000000000000000000000000001100011000000000000000000000010000000000000000000000000000000000000000000000000000010000100000101110000000000010000000000000000000000000000000000000000000000000000000000011000000000000000000000000000000000000000000000
000000000000000000000000000000000000000000000000000000000000000000000000000000000001100100100000000000000000100010000000000000000000000000000000000000000000000000000000000100000100000000000000010000000000000000000000000000000000000000000000000000000000011000000000000000000000000000000000000000000000
000000000000000000000000000000000000000000000000000000000000000000000000000000000000000011000000000000000000010010000000000000000000000000110000000000000000000000000000000000000000000000000000000000000000000000000000111000000000000000000000000000000000000000000000000000000000000000000000000000000000
000000011100000000000000000000000000000000000000000000000000000000000000000000000000000000000000000000000000011011000000000000000000000000110000000000000100000000000000000001110000000000000111000111000000000000000001001100010000000000000000000000000000000000000000000000000000000000000000000000000000
000000000000000000000000000000000000000000000000000000000000000000000000000000000000000000000000000000000000001010000000000000000000000000000000000000001010000000000000000000000000000110000000000000000000000000000000100010000000000000000000000000000000000000000000000000000000000000000000000000000000
000000000001000000000000000000000000000000000000000000000000000000000000000000000000000000000000000000000000000100000000000000000000000000000000000000001010000000000000000000000000000110000000010000000010000000000000011100101000000000000010000000000000000000000000000000000000000000000000000000000000
000000000001000100000000000000000000000000000000000000000000000000000000000000000000000000000000000000000000000000000000000000000000000000000000000000000100000000000000000010000000100000000000010000000010000000000000001000101000000000000010000000000000000000000000000000000000000000000001100000000000
000000000001000100000010000000000000000000000000000000000000000000000000000000000000001110000000000000000000000000000000000000000000000000000000000000000000000000000000000101000001010000000000010000000010000000000000000000111000000000000010000000000000000000000000000000000000000000000001100000000000
000000000000000100000010000000000000000000000000000000000000000000000000000000000000000000000000000000000000000000000000000000000000000110000000000000000000000011000000000101000001010000000000000000000000000000000000000000100110000000000000000000000000000000000000000000000000000000000000000000000000
000000000000000000000010000000000000001100000000000000000000000000000000000000000000000000000000000000000000000000000000000000000000000110000000000000000000000011000001000010000000100000000000000000000001000000000000000000010001000000000000000000000000110000000000000000000000000000000000000000110011
000001000000000000000000000000000000001100000000000000000000000000000000000000000000000000000000000000000000000000000000000000000000001010000000000000000000000000000010100000000000000000000000000000000001000000000000000000100000100000000000000000000000110000000000000000000000000000000000000000110011
000001000000000000000000000000000000000000000000000000000000000000000000000000000000000000000000000000000100000000000000000000000000010100000000000000000000000000000001000000000000000000000000000000000001000000000000000000010001000000000000000000000000000000000000000000000000000000000000000000000000
000001000000000000000000000000000000000000000000000000000000000000000000000000000000000000000000000000001010000000000000000000000000000010000000000000000000000000000000000000000000000000000000000000000000000000000000000000001110000000000000000000000000000000001100000000000000000000000000000000000000
000000000000000000000000000000000000000000000000000000000000000000000000000000000000000000000000000000000110000000000000000000000000010100000000000000000000000110000000000000000000000000000000000000000000011100000000000000000000000000000000000000000000000000001100000000000000000000000001000000000000
000000000000000000000000000000000000000000000000000000000000000000000000000000000000000000000000000000000000000000000000000000000000100000000000000000001100000110000000000000000000000000000000000000000000000000000000000001100000000000000000000000000000000000000000000000000000000000000001000000000000
000000000000000000000000000000000000000000000000000000000000000000000000000000000000000000000000000000000000000000000000000000000000100100000000000000010010000000000000000000000000000000000000000000000000000000000000000001100000000000000000000000000000000000000000110000000000000000000001000000000000
000000000000000001100000000000000000000000000000000000000000000000000000000000000000000000000000000000000000000110000000000000000000000100000000000000001100000000000000000000000000000000000000000000000000000000000000000000000000000000000000000000000000000000000000110000000000000000000000000000000000
000000000000000001100000000000000000001100000000000000000000000000000000000000000000000000000000000000000000000110000000000000110000110000000000000001000000000000000000000000000000000000000000000000000000000000000000000000000000000000000000000000000000000000000000000000000000000000001000000000000000
000000000000000000000000000000000000001100000000000000000000000000000000000001100000000000000000000000000000000000000000000000110000000000000000000010100000000000000000000000000000000000000000000000010000000000000000000000000000000000000000000000000000000000000000000000000000000000001000000000000000
000000000000000000000000000000000000000000000001000000000000000000000000000010010000000000000000000000000000000000000000000000000000000010000000000010100000000000000000000000000000000011000000000000101000000000000000000000000000001110000000000000000000000000000000000000000000000000001000000000000000
000000000000000000000000000000000000000000000010100000000000000000000000000010100000000000000000000000000000000000000000000000000000000101000000000001000000000000000000000000000000001010000000010000110000000000000000000000000001010001000000000000000000000000000000000000000000000000000000000001000000
000000000000000000000000000000000000000000000010100000000000000000000000000001000000000000000000000000000000000000000000000000000000000110000000000000000000000000000000000000000000000111000000010000000000000000000000000000001101000010000000000000000000000000000000000000000000000000000000000010100000
000000000000000000000000000000000000000000000001000000000000000000000000000000000000000000000000000000000000000000000000000000000000000000000000000000000000000000000000000110000000000010000000010000000000000000000000000000001000110000000000000000000000000000000000000000000000000000000000000010100000
000000000000000000000000000000000000000000000000000000000000000000000000000000000000000000000000000000000000000000000000000000000000000000000000000000000000000000000000000110000000000000000000000000000000000000000000000000010011000000000000000000000000000000000000000000000000000000000000000001000000
000000000000000000000000000000000000000000011000000000000000000000000000000000000000000000000000000000000000000000000000000000000000000000000000000000000000000000000000000000000000000000100000000000000000000000000000000000010110000000000000000000000000000000000000000000000000000000000000000000000000
000000000000000000000000000000000000000000100100000000000000000000000000000000000000000000000000000000000000000000000000110000000000000000000000000000000000000000000000000000000000000000010000001000000000000000000000000000011100000000000000000000000000000000000000000000000011000001100000000000000000
000000000000000000000000000000000000000000011000000000000000000000000000000000000000000000000000000000000000000000000000110000000000000000000000000000000000000000000000000000000000000000010000010100000000000000000000000000000000000000000000000000000000000000000000000000000011000001100000000000000000
000000100000000000000000000000000000000000000000000000000011000000000000000000000000000000000000000000000000000000000000000000000000000000000000000000000000000000000000000000000000000000000000010100000000000000000000000100000100000000000000000000000000000000000000000000000000000000000000000000000000
000001010000000000000000000000000000000000000000000000000011000000000000000000000000000000000000000000000000000000000000000000000000000000000000000000000000000000000000000000000000000000000000001000000000000000000000001010001010000000000000000000000000000000000000000000000000000000000000000000000000
000001010000000000000010000000000000000000000000000000000000000000000000000000000000000000000000000000000000000000000000000000011000000011000000000000000000000000000000000000000000000000000000000000000000000000000000001010001010000000000000000000000000000000000000000000000000001100000000000000000000
000000100000000000000010011100000000000000000000000000000000000000000001100000000000000000000000000000000000000000000000000000100100000100100000000000000000000000000000000000000000000000000000000000110000000000000000000100000100000000000000000000000000000000000000000000000000010010000000000000000000
000000000000000000000010000000000000000000000000000000000000000000000001100000000000000000000000000000000000000000000000000000011000000011000000000000000000000000000000000000000000000000110000000000110000000000000000000000100000000000000000000000000000000000000000000000000000001100000000000000011000
000000000000000000000000000000000000000000000000000000000000000000000000000000000000000000000000000000000000000000000000000000000000000000000000000000000000000000000000000000000000000000110000000000000000000000000000000000100000000000000000000000000000000000000000000000000000000000000000000000011000
000000110000000000000000000000000000000000000000000000000000000000000000000000000000000000000000000000000000000110000000000000000000100000000000000000000000000000000000000000000000000000000000000000000000000000000000000000100000000000000000000000000000000000000000000000000000000000000000000000000000
000000110000000000000000000000000000000000000000001100000000000000000000000000000000000000000000000000000000001001000000000000000001010000000000000000000000000000000000000000000000000000000000000000000000000000000000000000000000000010000000000000000000000000000000000000000000000000000000000000000000
000000000000000000000000000000000000000000000000001100000000000000000000000000000000000000000000000000000000000101000000000000000001010000000000000000000000000000000000000000000000000000000000000000000000000000000000000000000000000101000000000000000000000000000000000000000000000000000000000110000000
000000000000000000000000000000000000000000000000000000000000000000000000000000000000000000000000000000000000000010000000000000000000100000000000000100000000000000000000000000000000000000000000000000000000000000000000000000000000000101000000000000000000000000000000000000000000000000000000000110000000
000000000000000000000000000000000000000000000000000000000000000000000000000000000000000000000000000000010000000000000000000000000000000010000000000100000000000000000000000000000000000000000000000000000000011000000000000000000000000010000000000000000000110000000000000000000000000000000000000000000000
000000000000000000000000000000000000000000000000000000000000000000100000000000000000000000000000000000101000000000000000000000000000000101000000000100000000000000000000000000001100000000000000000000000000011000000000000000000000000000000000011000000000110000000000000000000000000000000000000000000000
000000000000000000000000000000000000000000000000000000000001110001110000000000000000000000000000000000100100000000000000000000011000000101000000000000000000000000000000000000001100000000000000000000000000000000000000000000011000011000001100011001110000000000000000000000000000000000000000000000000000
000000000000000000000000000000000000000000000000000000000000000011011000000000000000000000110000000000011000000000000000000000100100000010000000000000000000000000000000000000000000000000000000000000000000000000000000000000011000011000010010000001010000000000000000000000000000000000000000000000000000
000010000000000000000000000000000000000000000000000000000000000011110100000000000000000000110000000000000000000000000000000000100100000000000000000110000000000001100000000000000000000000000000000000000000000000000000000000000000000000001100000011001100000011000000000000000000000000000000000000000000
000101000000000000000000000000000000000000000000000000000000000011001100000000000000000000000000000000000000000000000000000000011000000000000000001001000000000001010000000000000000000000000000000000000000000000000000000000000000000000000000000000010000000011000000000000000000000000000000000000000000
000110000000000000000000000000000001000000000000000000000000000111001000000000000000000100000000000000000000000000000000000000000000000000000000000110000000000000100000000000110000000000000000000000000000000000000000000000000000000010000000001100010000000000000000000000000000000000000000000000000000
000000000000000000001100000000000010100000000000000000000000111111000000000000000000001010000000000000000000000000000000000000000000000000000000000000000000000000000000000000101000000000000000000000000000000000000000000000000000000101000000000111101100000000000000000000000000000000000000000110000000
000000000000000000010010000000000010010000000000000000000000001011000110000000000000000100000000000000000000000000000000000000000000000000000000000000000000000000000000000000010000000000000000000000000000000000000000000000000000000101000000000011110000000000000000000000000000000000000000000110000000
000000000000000000001100000000000001100000000000000000000000001001000110000000000000000000000000000000000000000000000000000000000000000000000000000000000000000000000000000000000000000000000000000000000000000000000000000000000000000010000001000000110000001100000000000000000000000000000000000000000000
000000000000000000000000000000000000000000000000000000000000000110000000000000000000000000000000000000000011000000000000000000000000000000000000000000000000000001100000000000000000000000000000000000000000000000000000000000000000000000000010000000000000001100000000000000000000000000000000000000000000
000000000000000000000000000000000000000000000000000000000000000000000000000000000000000000000000000000000100100000000000000000000000000000000000000000000000000001100000000000000000000000000000000000000000000000000000000000000000000000000001000000000000000000000000000000000000000000000010000000000000
000000000000000000000000000000000000000000000110000000000000000000000000000000000101000000000000000000000011000000000000000000000000000000000000000000000000000000000000000000000000000000000000011100000000000000000000000000000000000000000000000000000000000000000000000000000000000000000101000000000100
000000000000000000000000000000000000000000000110000000000000000000000000000000000011000000000000000000000000000000000000000000000000000000000001110000000000000000000000000000000000000000000000010100000000000000000000000000000000000000000000000010100000000000000000000000011100000000000101000000001010
000000000000000000000000000000000000000000000000000001100000000000000000000000000010000000000000000000000000000000000000000000000000000000000000000000000000000000000000000000000000000000000000010110000000000001000000000000000000001000000000000001100000000001100000000000000000000000000010000000001001
000000000000000000000000000000000000000000000000000001100000000000000000000000000000000000000000000000000000000000000000000000000000000000000000000000000000000000000000000000000000000000000000000011100000000001000000000000000000101000000000000001000000000001100000000001000001000000000000000000000110
000000000000000000000000000000000000000000000000000000000000000000000000100000000000000000000000000110000000000000000000000000000000000000000000000000000000000000000000000000000000000000000000000001100000000001000000000000000000011000000000000000000000000000000000000001000001000000000000000000000000
000000000000000000000000000000000000000000000000000000000000000000000000100000000000000000000000000110000011000000000000000000000000000000000000000000000000000000000000000000000000000000000000000000100000000000000000000000000000001000000000000000000000000000000000000001000001000000000000000000000000
000000000000000000000000000000000000000001100000100000000001000000000000000000110000000000000000000000000011000000000000000000000000000000000000000000000000000000000000000000000000000000000000000000001000000000011100000000000000001100000000000000000000000000000000000000000000000000000000000000000000
000000000000000000000000000000000000000001100010010000000010100000000010101000110000000000000000000000000000000000000000000000000000000000000000000000000000000000000000000000000000000000000000000000001100000000000000000000000000001100000000000000000110000000000000000000011100000000000000000000000000
000000010000000000000000000000000000000000000001100000000110110000000011111000000000000000000000000000000000000000000000000000000000000000010000000000000000000000000000000000000000000000000000000000010010000001000000000000000000000000000000000000000110000000000000000000000000000000000000100000000000
000000010000000111000111000000000000000000000001000000000100100000001101110110000000000000000100000000000000000000000000000000000000000000010000000000000000000000000000000000000000000000000000000000001100000001000000000000000000000000000000000000000000000000000000000000000000000000000000100000000000
000000010000000000000000000001110000000000000000000000000101100000000110101100000000000000001010000000000000000000000000000000000000000000010000000000000000000000000000000000000000000000000000000000000000000001000000000000000000000001110000000000000000000000000000000000000000000000000000100000000000
000000000000010000101000010000000000000001000000000000000001000110100001010000110000000000001100000000000000110000000000000000000000000000000000000000000000000000000000000000000000000000110000000000000000000000000000000000000000000000000000000000000000000000000000000000000000000000000000000000000000
000000000000010000101000010000000000000001000000000000000000001010110000100001000000000000000000000000000000110000000000000000000000000000000000000000000000000000000000000000000000000001001000000000000000000000000000000000000000000000000000000000000000000000001100000000000000000000000000000000000000
000110000000010000101000010000000000000001000000000000000000010010000000000000000000000000000000000000000000000000000000000000000000000000000000000000000000000000000000000000000000000001001000000000000000000000110000000000000000000000000000000000000000000000001100000000000000000000000000000000000000
000110000000000111000111000000000000000000000000000000000000011100000000000000000000000000000000000000000000000000000000000000000000000000000000000000000000000000000000000000000000000000110000000000000000000000110000000000000000000000000000000000000000000000000000000000000000000000000000000000000000
