300 300
000000000000001100001000000000000000000000000000000000000000000000000000000000000000000000000000000000000000000000000000000000000000000000000000000000100000000000000000000000000000000000000000000000000000000000000000000000000000000000000000000000000000000000000000000000000000000000000010000000000000
000000000000010010001000000000000000000000000000000000000000000000000000000000000000000000000000000000000000000000000000000000000000000000000000000000110000000000000000000000000000000000000000000011000000000000000000000011100000000000001100000000000000000000000000000000000000000000000010000000000000
000000000000001100001000000000000000000000000000000000000000000000000000000000000000000000000000000001000000000000000000000000000000000000000000000010101000000000001110000000000000000000000000000011100100000000000000000000000000000000010010000000000000000000000000000000000000000000000010000000000000
000000000000000000000000000000000000000000000000000000000000000000000110000110000000000001000000000010100000000000000000000000000000000000000000001110011000000000000000010000000000000000000000001110100000000000000000000000000000000000010100000000000000000000000000000000000000000000000000000000000000
000000000000000000000000000000000000000000000000000000000000000000001001000110000000000010100000110000000000000000000000000000000000000000000000000100000000000000001000000000000000000000011100011100001100000000000000000000000000000000001000000000000000000000000000000000000000000000000000000000000000
000000000000000000000000000000000000000000000000000000000000000000000110000000000000000010100001110001100000000000000000000000000000000000000000000010000000000000000001110000000000000000000000001000000000000000000000000000000000000000000000000000000000000000000000000000000000000000000000000000000000
000000000000000000000000000000000000000000000000000000000000000000000000000000000000000001000001100000000000000000000000000000000000000000000000000000000000000000000000000000000000000000000000000000000000000000000000000000000000000000000000000000000000000000000000000000000000000000000000000000000000
000000000000000000000000000000000000000000000000000000000000000000000000000000000000000000000001100000000000000000000000000000000000000000000000000000000000000000000000000000000000000000000000000001000000000000000001100000000000000000000000000000000000000000000000000000000000000000000000000000000000
000000000000000000000000000000000000000000000000000001000000000000000000000000000000000000000000100100000000000000000000000000000000000000000000000000000000000000110000000000000000000000000000000010100000000000000001100000000000000000000000000000000000000000000000000000000000000000000000000000011000
000000000000000000000000000000000000000000000000000011100000000000000000000000000000000000000000011100000000000000000000000000000000000000000000000000000000000001010000000000000000000000000000000100100000000000000000000000000000000000000000000000000000000000000000000000000000000000000000000000011000
000000000000000000000000000000000000000000000000000010010000000000000000000000000000000000000000001000000000000000000000000000000000000000000000000000000000000000100000000000000000000000000000000011000000000000000000000000000000000000000000000000000000000000000000000000000000000000000000000000000000
000000000000000000000000000000000000000000000000000000000000000000000000000000000000000000000000000000000000000000000000000000000000000000000000000000000000000000000000000000000000000000110000000000000000000000000000011000000000000000000000000000000000000000000000000000000000000000000000000000000000
000000000000000000000000000000000000000000000000000000001000000000000000000000000000000000000000000000000110000000000000000000000000000000000000000000000000000000000000000000000000000000001000000000000000000000000000011000000000000000000000000000000000000000000000000000000000000000000000000000001100
000000000000000000000000000000000000000000000000000000001000000000000000000000000000000000000000000000000110000000000000000000000000000000000000000000000000000000000000000000000000000100001100110000000000000000000100000000000000000000000000000000000000000000000000000000000000001100000000001000001100
000000000001100011000000000000000000000000000000000000100100000000000000000000000000000000001100000000000000000000000000000000000000000000000000000000000000000000000000000000000000000100000100110000000000000000000100000000000000000000000000000000000000000000000000000000000000001100000000001000000000
000000000001100011000000000000000000000000000000000000111000000000000000000000000000000000010010000000000000000000000000000000000000000100000000000000000000000000000010000000000000000011111110000000000000000000000100000000000011100000000000000000000000000000000000000000000000000000000000001000000000
000000000000000000000000000000000000000000110000000011101000000000000000000000000000000000010010000000000000000000000000000000000000001010000000001110000000000000000101000000000011100010010010000000000000000000000000000000000000000000000000000000000000000000000000000000000000000000000000000000000000
000000000000000000001100000000000000000000110000000011101100000000000000000000000000000000001100000000000000000000000111000000000000000110000000000000000000000000000110000000000000000000000110000000000000000000000001110000000000001000000000000000000000000000000000000000000000000000000000000000000000
000000011000000000010010000000000000000000000000000010000100000000000000000000000000000000000000000000000000000000000000000000000000000000000000000000000000000000000000000000000000000010000000000000000000000000000000000000001100001000000000000000000000000000000000000000000000000000000000000000000000
000000011000000000001100000000000000000000000000000001000100000000000000000000000000000000000000000000000000000000000000000000000000000000000000000000000000000000000000000000000000000110000000000000000000000000000000000000001100001000000000000000000000000000000000000000000000011100000000000000000000
000110000000000000000000000000000000000000000000000000000000000000000000000000000000000010000000000000100000000000000000000001110000000000000000000000000000000000000000000000000000000011101000000000000000001100000000000000000000000000000000000000000000000000000000000000000000000000000000000000000000
001001000000000000000000000000000000110000000000000000110000010000000000000000000000000101000000000001010000000000000000000000000000000000000000000000000000000000000000000110000000000001111000000000000000001001000000000111000000000000000000000000000000000000000000000000000001000001000000000000000000
000110000000000000000000000000000000110000000000000000111100010000000000000000000000000101000000000001001001100000000000000000000100000001100000000000000000000000000000000110000000000000110000000000000000000111100000000000000001100000000000000000000000000000000000000000000001000001000000000000000000
000000000110000000110000000000000000000000000000000110000101100000000000000000000000000010000000000000110000000000000000000000000100000001100000000000000000000000000000000000000000000000000000000000000000000110110000001010100001100000000000000000000000000000000000000000000001000001000000000000000000
000000000110000000110000000000000000000000000000001110010001000000000000000000000000000000000000000000000001100000000000000000000100000000000000000000000000000000000000000000000000000000000001000000011100000001110000001101100000000000000000000000000000000000000000000000000000000000000000000000000000
000000000000000000000000000000000000000000000000011000000000110000000000000000000000000000000000000000000001100000000000000000000000000000000000000000000000000000000000000000000000000000000001100000010010001100000000110000011000000000100000000000000000000000000000000000000000011100000000000000000000
000000000000000000000000000000000000000000000000001111110000010000110000000000000000000000000000000000000010010000000000000000000000000000000000000000000000000000000000000000000000000000000000100001000001011000000010010010010010000001010000000000000000000000000110000000000000000000000000000000000000
000000000000000000000000000000000000000000000000000111101010011000101000000000000000000000000000000000000001100000000000000000000000000000000000000000000000000001110000000000000000000000000000000001110000100110000010100101001010000001010000000000000000000000000110000000000000000000000000001110000000
000000000000000000000000000000000000000000000000001100001100010000010000000000000000000000000000000000000000000000000000000000000000000000000000000000000000000000000000000000000000000000001100000000101100101101000010010010010010000000100000000000000000000000000000000000000000000000000000000000000000
000000000000000000000000000000000000000000000000011100000100110000000000000000000000000000000000000000000000000000000000000000000000000000000000000000000000000000000100000000000000000000001000000000000010000010000000110000011000000000000000000000000000000000000000000000000000000000000000000000000000
000000000000000000000000000000000000000000000000010000000011100000000000000000000000000000000000000000000000000000000000000010000000000000000000000000000000001100000100000000000000000000001110000000000000001101000000001101100001100000000000000000000000000000000010000000000000000000000000000000000000
000000000000000000000000000000000000000000000000010100000001000000000000000000000000000000000000000000000000000000000000000101000000000000000000000000000001100010000100000000000000000000000000000000000000010001000000001010100010010000000000000000000000000000000010000000000000000000000000000000000000
000000000000000000000000000000000000000000000000001100000000000000000000000000000000000000000000000000000000000000000000000010000000000000000000000000000010000001000000000000000000000000000000000000000000100001000000000000000010000000000000000000000000000000000010000000000000000000000000000000000000
000000000000000000100000000000000000000000000000000000000000000000000000000000000000000000000000000000000000000000000000000000000000000000000000000000000010000001000000000000000000000000000000000000000000010001000000000111000010010000000000000000000000000000000000000000000000000000000000000000000000
000000000000000001010000000000000000000000000000000000000000000000000000000000000000000110000000000000000000000000000000000000000000000000000000000000000011010001000000000000000000000000000000000000000100001110000000000000000011011000000000000000000000000000111000111000001100000000000000000000000000
000000000000000001001000000000000000000000000000000000000000000000000000000000000000001001000100000000000000000000000000000000000000000000000000000000000001010001000000000000000000000000000000000000000000000011100000000000000010010000000000000000000000000000000000000000001100000000000000000000000000
000000000000000000110000000000000000000000000000000000000000000000000000000000000000000101001010000000000000000000100000000000000001000000000000000000000000101000000000000000000000000000000000000000000010000000000000000000000001100000000000000000000000000000000010000000000000000000000000000000000000
000000000000000000000000000000000000000000000000000000000000000000000000000000000000000010001010000000000000000001010000000000000010100000000000000000000000001011000000000000000000000000000000000000000100000100001000000000000000000000000000000000000000000000000010000000000000000111000000000000001100
000000000000000000000000000000000000000000000000000000000000000000000000000000000000000000000100000000011000000000100000000000000010100000000000000000000000011110000000000000000000000000000000000000000000000101000000000000000000000000000000010000000000000000000010000000000000000100100000000000001100
000000000000000000000000000000000000000000000000000000000000000000000000000000000000000000000000000000011000000000000000000000000001000000000000000000000000001000000000000000000000000000000000000000000000000000010100000000000000000000000000010000000000000000000000000000000000000010010000000000000000
000000000000000000000000000000000000000000000000000000000000000000000000000000000000000000000000000000000000000000000000000000000000000000000000000000000000100000000000000000000000000000000000000000000000000000001000000000000000000000000000010000000000000000000000000000000000000000100000000000000000
000000000000000000000000000110000000000000000000000000000000000000000000000000000000000000000000000000000000000000000000000000000000000000000000000000000001010000000110000000000000000110000000011001100000000000000000000000000000000000000000000000001100000000000000000000000010000000000000000000000000
000000000000000000000000001001000000000000000000000000000000000000000000000000000000000000000000000000000000000000000000000000000000000000000000000000000001000000000110000000000000000110000000011001110000001100000000000000000000000000000000000000001100000110000011000000000110000010000000000000000000
000000000000000000000000000101000000000000000000000000000000110000000000000000000000000000000000000000000000000000000000000000000000000000000000000000000000100000000000000000000000000000000000111001100000001100000000000000000000000000000000000000000000000110000011000000001000100010000000000000000000
000000000000000000000000000010000000000000000000000000000000110000000000000000000000000000000000000000000000011100111000000000000000000000000000000000000000000000000000000000000000000000000000011001000000000000000000000000000000000000000000000000000000000000000000000000000111000000000000000000000000
000000000000000000000000000000000000000000000000000000000000000000000000000000000000000000000000000000000000000000000000000000000000000000000000000000000000000000000000000000000000000000000000000000000000000000000001100000000000000000000000000000000000000000000000000000000110010000000000000000000000
000000000000000000000000000000000000000000000000110000000000000000000000000000000000000000000000000000000000000000000010000000000000000000000000000011001100000000000000000000000000000000000000000000000000000000000010010000000110000000000000000000000000000001000000000000000001100000000000000000000000
000000000000000000000000000000000111000000001111110000000000000000000000000000000000000000000000000000000000000000000010000000000000000000000000000101001100000000000000000000000000000000001000000000000000000000000001100000000110000000000000000000000000000010100000000000000000100000000000000000000000
000000000000000000000000000000001000100000000000001000000000000000000000000000000001000000000000000000000000000000000010000001100000000000000000000010000000000000000000000000000000000000001000000000000000000000000000000000000000000000000000000000000000000010100000000000000000000000000000000000000000
000000000000000000000000000000001010111000000000011000000000000000000000000000000010100000000000000000000000000000000000000001100000000000000000000000000000000000000000000000100000000000001000000000000000000000000000000000000000000000000000000000000000000001000000000000000000000000000000000000000000
000000000000000000000000000111101000110000000000000000000000000000000000000000000010010000000000000000000000000000000000000000000000000000000000000000000000000000000000000011011000001100000000000000000000000000000000000000000000000000000000000000000000000000000000000000000000000000000000000000000000
000000000000000000000000000111110000100000000000000000001100000000000000000000000001100000000000000000000000011100000000000000000000000000000000000000000000000000000000000011011000001100000000000000000000000000000000000000000000000000000000000000000000000000000000000000000000000000000000000000001110
000000000000000000000000000000111011000000000000110111011010000000000000000000000000000000000000000000000000000000000000000000110000000000000000000000000000000000000000000001010000000000000000000000000000000000000000000000000000000000000000000000000000000000000000000010000000000000000000000000000000
000000000000000000000000000000000010000000000000110101110010001000000000000000000000000000000000000000000000000000000000000010001100000000000000000000000000110000000000000100001000000000011000000000000000000000000000000000000000110000000000000000000110000000000000000000000110000000000000000000000000
000000000000000000000000000000000000000000000000000101011000011000000000000000000000000000000000000000000000000000000000000000000000000000000000000000000001001000000000000101101000000000100100000000001000000000000000000000000000110000000000000100000110000000000000000000000011000000000000000000000000
000000000000000000000000000000000000010001100000100101110000010000000000000000000000000001100000000000000000000000000000000010111000000000000000000000000000110000000000000100001000000000011000000000110100000000000000000000000000000000000000010010000000000000000000000000000011000000000000000000000000
000000000000000000000000000000000001101011100000100100000001000000000000000000000000000010010000000000000000000000000000000000000000100000000000000000000000000000000000000010100000000000010000000000110000000010000000000000000000000000000001110110000000000000000000000100011110010000000000000000000000
110000000000000000000000000000010001001000000000011000000010000011000000000010001000000001010000000000000000000000000000000000000010100000000000000000000000000000110000000110110000000001100000000000000000001011100000000000000000000000000001110010000000000000000000000000011100000000000000000000000000
110000000000000000000000000000101000000001000000000000000010000000100000000001010001100000001000000000000000000000000000000000000010010000000000000000000000000000110000000110110000000000000000000000010000001100010000000000000000000000000011010000000000000000000000000000011111000000000000000000000000
000000000000000000000000000000110000100001000000000000000010000001000000110001010000100000011000000000000000000000000000000000000010010000000000000000000000000000000000000001000000000100010000000000000010010110001000000000000000000000000011011001000000000000000000000000000000001000000000000000000000
000000001100000000000011000000000000001000100000000000000010000000000001101000000011000000010000000000000000000000000000000000000000000000000000000000000000000000000000000000000000000000100000000000001011100000000100000000000000000000000011001111000000001000000000000000000000000000000000000000000000
000000010010000000000011000000000000000000100000000000000001101000000011110001010001000000000000000000000000000000000000000000000010100000000000000000000000000000000000000000000000001000000000000000000000101000000100000000000000000000000001110000000000001000000000000000000000000000000000000000000000
000000001100000000000000000000000000000000000000000000000000011100000000001001010010000000000000000000000000000000000000000000000000000000000000000000000000000000000000000000000000000000010000000000000000010000000100000000000000000000000000000001000100001000000000000000000001110000001000000000000000
000000000000000000000000000000000000000011000000000000000000001100000000001110001110000101000000000000000000000000000000000000000000000000000000000000000000000000000000000000000000001000001000000000000000000001000000000000000000000000000000000011000100000000000000000000000010010000111000000000000000
000000000000000000001000000000000000000100000000000000000000000000000000000000000000000011000000000000000110000000000000000000000000000000000000000000000000000000000000000000000000010000001000000000010100000001000100000000000000000000000000001100000100000000000000000000000010110001000100000000000000
000000000000000000001000000000000000000000000000000000000110000000000000000000100000000000000000000000000110000000000000000000000000000000000000000000000000000000000000000000000000010010100000000000110100000000000000000000000000000000000000000010010000000000000000000000000010000001010110000000000000
000000000000000000001000000000000000000000000000000000001001000000000000000010010000000000000000000000000000000000000000000000000000000000000000000000000000000000000000110000000000001100000000000000000000000000010100000000000000000000000011000001100000000000000000000000000001100001111001000000000000
000000000000000000000000000000000000000000000000000000000110000000000000000010001000000000000000000000000000000000000100000000000000000000000000000000000000000000000000110000000000000000000000000001000011100000000000000000000000000000000000100101110000000000000000000000000000000011100000000000000000
000000000000000000000000010000000000000000000000000000000000000000000000000100001000000000000000000000000000000000001010000000000000000000000000000000001100000000000000000000000000000000000000000000110000000000000000000000000000000000000000000100010000000000000000000110000000000011000011000000000000
000000000000000000000000101000000000000000000000000000000000001000000000000100110000000000000000000000000000000000001001000000000000000000000000000000001100000000000000000000000000000000000000000000100100000000000000000000000000000000000000001100110000000000000000001001000000000000000000000000000000
000000011000000000110000010000000000011000000000000000000000010100000000000011110000000000000000000000000000000100000110000000000000000000000000000000000000000000000000000000000000000000000000000000011001100000000000000000000000000001110000000111000011000000001110000111100000000000000000000000000000
000000011000000001010000000000000000011000000000000000000000100100000000000001100000000000000000000110000000001010000000000000000000000000000000000000000000000000000000000000000000000000000000000000100010000000000000000000000000000000000000000000000011000100001001000001110000000000000000000000000000
000110000000000000100000000000000000000000000000000000000000011000000000000000010000000000000000000110001000001010000000000000000000000000000000000000000000000000000000000000000000000000000000000001000100000000000000000000000000000000000000000000000000001010001000100010001000010011000101000000000000
000110000011100000000000000000000000000000000000000000000000000000000000000000101000000000000000000000001000000100000000000000110000101000000000000000000000000000000011100000000000000000000000000000010000000000000000000000000000000000000000000000000000001010000000100010001000010100000110100000000000
000000000000000000000000000000000000000000000000000000000000000000000000000001001000000000000000000000001000000000000000000000000000000011000000000000000000000001000000000000000000000000000000000000000000000000000000000000000000000000000000000000000000000000000100000010000100010000000010100000000000
000000000000000000000000000000000000000000000000000000000000000000000000000000110000000000000000000000000000000000000000000101011000000001000000000000000000001010000000000000011001100000000001000000000000000000000000000000000000000000000000000000000000000000000101100000010100000000000000000000000000
000000000000000000000000000000000000000000000000000000000000000000000000000000000011000000000000000000000000000000000000110100000010000010000000000000000000001010000000000000011001100000000010100000000000000000000000000000000000000000000000000000000000000000000000000000000100001100000000000000000000
000000000010000000000000000000000000000000000000000000000000000000000000000000000011000000000000000000000000000000000000110000011000100110111000000000000000000000000000000000000000000000000001100000000000001000000000000000000000000000000000000000000000000000000000000001000010010010000000000000000000
000000000010000000000000000000000000000000000000001000000000000000000000000000000000000000000000000000000000000000000000010010001101000011100000000000000000000000000000000000000000000000000000000000000000010100000000000000000000000000000110000000000000000000110100000001000010011011000000000000000000
000000000010000000000000000000000000000000000000001000000000000000000000000000000000000000000000000000000000000000000000001101000001000000000000000000000000000000000000000000011000000000110000000000000000010100000000000000000010000000000110000000000000000000011100000000100011001000000000000001100000
000000000000000000000000100100000000000000000000001000000000000000000000000000000000000000000000000000000000000000000000100101011000000000000000000000000000000000000000000000011000000001001000000000000000001000000000000000000010000000000000000000000000000000001000000000001111011001000000000001100000
000000000000000000000000100100000011000000000000000000000000000000000000000000000000000000001100000000000000000000000000101011000000000000000000000000000000000000000000000000000000000000110000000000000000000000000000000000000010000000000000000010000000000000000000000000000001111110000000000000000000
000000000000000000000000100010000010100000000011100000000000000000000000000000000000000000001100000000000000000000000000100111000000000000000000000000000000000000000000000000000000000000000000000000000000000000000000000000000000000000000000001100000000000000000000011000011011000000000000000000000000
000000000000000000000001101001000001000000000000000000000000000000000000000000000000000000000000000000000000000000000000000000000000000000000000000000000000000000000000000000000000000000000000010000000000000000000000000000111000111000000000000110000000000000000000100100001001010000000000000000000000
000000000010000000000001101001000000000000000000001000000000000000000000000000000000000000000000000000000000000000000000000000000000000000000000000000000000000000000000000000000000000000000000101000000000000000000000000000000000000000000000000000000000000000000000011000000101100000000000000000000000
000000000010000000000000001001000000000000000000001000000000000000000000000000000000000000000000000000000000000000000000000000000000000000000000000000011100000000000000000000000000000000000000101000000000000000000000000000000010000000000000000000000000000000000000000000000000110000000000000000000000
000000000010000000000000001101000000000000000000001000000000000000000000000000000000000000000000000000000000000000000000000000000000000000000000000000000000000000000000000000000000000000000000010000000000000000000000000000000010000000000000000000000000000000000000000000000101100000000000000000000000
000000000000000000000000001100000000000000000000000000000100000000000000000000000000000000000000000000000000000000000000010000000000000000000000000000000000000000000000000000000000000000000000000000000000000000000000000000000010000000000000000000000000000000000000000000000110000000000000000000000000
000000000000000000000000000000000000000000000000000000001010000000000000000000000000000000000000000000000000000000000000111000000000000000000000000000000000000000000000000000000000000000000000010000000000000000000000000000000000000000000000000000000000000000000000000000000010000000000000000000000000
000000000000000000000000000000100000000000000000000000001001000000000000000000000000000000000000000000000000000000100000000000000000000000000000000000000000000000000000000000000000000000000000101000000000000000000000000000000000000000000000000000000000000000000000000000000000000000000000000000000000
000000000000000000000000001000000000000000000000000000000110000000000000000000000000000000000000000000000000000000010000000000000000000000000000000000000000000000000000000000000000000000000000101000000000000000000000000000000000000000000000000000000000000000000000000000000000000000000000000000000000
000000000000000000000000000000100000100000000000001110000110000000000000000000000000000000000000000000000000000001110000111000000000000000111000000000000000000000000000000000000000000000000000010000000000000000000000000000000000000000000000000000000000000000000000000000000000000000000000000000000000
000000000000000000000000000001000001010000000000010001001100000000000000000000000000000000000000000000000000000000000000010000000000000000000000000000000000000000000000000000000000000000000000000000000000000000000000000000000000000000000000000000000000000000000000111000000000000000000000000000001100
000000000000000000000000000000000000100000000000110100011110000010100000000000000000001001000000000000000000000000000000000000000000000000000000000000000000000000000000000000011100000000000000000000000000000000000000000000000000000000001000000000000000000000000001110000000000000000000000000000001100
000110000000000000000000000000000000000000000001110000000011001100100000000000000000001001000000000000000000000000000000000000000000000000000000000000000000100000000000000000000000000000000000000000000000000000000000000000000000000000001000000000000000000000000000000000000000000000000000000000000000
000110000000000000000000000000000000000000000000110100010000000000010110000000011010100000100000000000000000000000000000000000000000000000000000000000000001010000000000000000000000000000000000000000000000000000000000000000000000000000001000000000000000110000000000000000000000000000000000000000000000
000000000000000000001000000000000000000000000000010001000000000011100011000000011000011111100001000000000000000000000000000000000000000000000000000000000000100000000000000000000000000000000000000000000000000000000000000000000000000000000000000000000000110000000000000000000000000000000000000000000000
000000000000000000001000000000000000000000000000001110000000000011000000000000011100001111000110000000000000000000000000000000000000000000000000000000000000000000000000000000000000000000000000000000000000000000000000000000000000000000000000000000000000000000000000000000000000000000000000000000000000
000000000000000000001000000000000000000000000000000000000000000000000000000000000011000000000011000000000000000000000000000000110000000000000000000000000000000000000000000000000000000000000000000000000000000000000000000000000000000000000000000100000000000000000000000000000000000000000000000000000000
000000000000000000000000000000000000000000000000000000000000000000000000000000000000000000000000000000000000000000000000000000000100000000000000000000000000000000000000000000000000000000000000000000000000000000000000000000000000000000000000001010000000000000000000000000000000000000000001100000000000
000000000000000000000000000000000000000000000000000000100000000000101100000000000000000000000000000000000000000000000000000010001111000000000000000000000000000000000000000000000000000000000000000000000000000000000000000000000000000000000000001100000000000000000000000000000000000000110000010000000000
000000000000000000000000000000000000000000000000000000100000000000100000000000000000000000000000000000000000000000000000000010100101100000000000000000000000000000000000000000000000000000000000000000000000000000000000000000000000000000000000000000000000000000000000000000000000000000110010000000000000
000000000000000000000000000000000001100000000000000000100000000000000000000000000000000000000000000000000000000000000000000000000101000000000000000000000000000000000000000000000000000000000000000000000000000000000000000000000000000000000000000000000000000000000000000000000000000000000001100000000000
000000000000000000000000000000000001100000000000000000000000000000001100000000011100000000000001000000000000000000000000000000000110000000000000000000000000000000000000000000000000000001100000000000000000000000000000000000000000000000000000000000000000000000000000000000000000000000000000000000000000
000000000000000000000000000000000000000000000000000000000000000000000000000000000011000000110111000011000000000000000000000000000000000000000000000000000000000000000000000000000000000001100000000000000000000000000000000000010011100000000000000000000000000000000000000000000000000000000000000000000000
000000000000000110000000000000000000000000000000000011000000000000000000000000000011000010001000100100100000000000000000000000000000000000000000000000000000010000000000000000000000000000000000000000000000000000000000000001101000011000000000000000000000000000000000000000000000000000000000000000000000
000000000000000110000000000000000000000000000000000100100000000000000000000000011011000100001001100101100000000000000000000000000000000000000000000000000000101000000000000000000000000000000000000000000000000000000000000001100001001100000000000000000000000000000000000000000000000000000000000000000000
000000000000000000000000000000000000000011100000000010100000000000000000000000000100000100000111010100000000000000000000110001100000000000000000000000000001001000000000000000000000000000000000000000000000000000000000000010001000001000000000000000000000000000000000000000000000000000000000000000000000
000000000000000000000000000000000000000000000000000001000000000000000000000001000000000100100001110100000000000000000011010010010000000000000000000000000000110000000000000000000000000000000000000000000000000000000010000001101100110000000000000000000000000000000000000000000000000000000000000000000000
000000000000000000000000000000000000000000000000000000000000000000000000000001100000000011000000110110000000000000000011000001010000000000000000000000000000000000000000000000110000000000000000000000000000000000000010000001001000110000000000000000000000000000000000000000000000000000000000000000000000
000000000000000000000000000000000000000000000000000000000000000000000000000010010000000000000000001100000000000000100011010000100000000000000000000000000000000000000000000000101000000000000000000000000000000000000010000000111001000000000000000000000000000000000000000000000000000000000000000000000000
000000000000000000000000000000000000000011000000000000000000000000000000110001010000000000000000001000000000000011010000110000000000000000000011000000000000000000000000000000010000000000000000000000000000000000000000000000000000000000000000000000000000000000000000000000000000000000000000000000000000
000000000000000000000000000000000000000011000000000000000000000000000000011000100000000000000000000000000000000111010000000000000000000000000011000000000000000000000000000000000000000000000000000000000000000000000000000000000000000000000000000000000000000000000000000000000000000000000000000000000000
000000000000000000000000000000000000000011000011000000000000000000000000000111000000000000110000000000000000001101100000000000000000000000000000000000000000000000000000000000000000000000000000000000000000000000000000000000000000000000000000000000000000000000000000000000000000000000000000000000000000
000100000000000000000000000000000000000000000110000000000000000000000000010001000110000001001000000000000001010100000000000000000000000000000000000000000000000000000000000000000000000000000000000000000000000000000000000000000000000000000000000000000001100000000000000000000000000000000000000000000000
001010000000000000000000000000000000000000000110000000000000000000000000001100011010100000000000000000000011000000000011000000000000000000000000000000000000000000000000000000000000000000000000000000000000000000000000000001110000000000000000000000000001100000000000000000000000000000000000000000000000
001100000000000000000000000000000000000000011000000000000000000000000000000110001110010010110000000000000010010000000100100011000000000000000000000000000000000000000011000000000000000000000000000000000000000000000000000001001000000000000000000000000000000000000000000000000000000000000000000000000000
000000000000000000000000000000000000000000010000000000000000000000000000000010111000100011000000000000000111111000000011000011000000000000000000000000000000000000000100100000000000000000000000000000000000000000000000000010001000000000000000000000000000000000000000000000000000000000000000000000000000
000000000000000000000000000000000000000000010000000000000000000000000000000101010101010000000000000000000100000111000000000000000000000000000000000000000000000000000011000000000000000000000000000000000000000000000000000011110000000000000000000000000000000000000000000000000000000000000000000000000000
000000000000000000000000000000000000000000000000000000000000000000000000001101001110111000000110000000000011000111100000000000000000000000000000000000000000000000000000000000000000000000000000000000000000000000000000000001000000000000000000000000000000000000000000000111000000000000000000000000000000
000000000000000000000000000000000000000000000000000000000000000000000000000101000110001100000000000000000001111011010000000000000000000000000000000110000010000000000000000000000000000000000000000000000000000000000000000000000000000000000000000000000000000000000000000000000000000000000000000000000000
000000000000000000000000000000000000000000000000000000000000000000000100000001000101100011001000000000000000000001010000000000000000000000000000000110000101000000000000000000000000000000000000000000000000000000000000000000000000000000000000000000000000000000000000000101000000000000000000000000000000
000000000000000000000000000000000000000000000000000000000000000000001011011110000011000000000000100000000000000001100000000000000000000000000000000000000101000000000000000000000000000000000000000000000000000000000000000000000000000000000000000000000000000000000000000000000000000000000000000000000000
000000000000000000000000000000000000000000000000000000000001100000000111100100000000000001111000000100000000000001000000000000000000000000000000000000000010000000000000000000000000110000000000000000000000000000000000000001100000000000000000000000000000000000000000000101000000000000000000000100000000
000000000000000000000000000000000000000000110000000000000010010000000011110000000000010100100000110100000000000000000000000000000000000000000000000000000000000000000000000000000000110000000000000000000000000000000110000111100000000000000000000000000000000000000000001000100010000000000000001010000000
000000000000000000000000000000000000000001001000000000000001100000000001000100000000001000010011000100000000000000000000000000000000000000000000000001100000001100000000000000000000000001000000000000000000000000000110001110000000000000000000000000000000000000000000011000100111000000000000001010000000
000000000000000000000000000000000000000000110000000000000000000000000000011100000000000000001010000000000000000000000000000000000000000000000000000010010000010010000000000000000000000010100000000000000000000000000000000100000000000001000000000000000000000000000000011101001100100000000000000100000000
000000000000000000000000000000000000000000000000000000000000000000000000011000011000001110000100000000000000000000000000000000000000000000000000000001100000001100000000000000000000000011000000000000000000000000000000000000000000000001000000000000000000000000000000010010001111110000000000000000000000
000000000001100000000000000000000000000000000000000000000000000000000000000000011000001010000000000000000000110000000000000000000000000000000000010000000000000000000000000000000000000000000000000000000000000000000000000000000000000001000000000000000000000000000001111000001100100000000000000000000000
000000000001100000000000010000000000000000000000000000000000000000000000000000000000000110000000000000000000110000000000000000000000000010000000010000000010000000000000000000000000000000000000000000000000000000000000000000000000000000000000000000100000000001000001000000000001000000000000000000000000
000000000000000000000000010000000000000000000000000000000000000000000000000000000000000000000000000000000000000000000000000000000000000101000000010000000101000000000000000000000010000000000001100000000000000000000000000000000000000000000000000001010000000101000001000000010000000000000000000000000000
000000000000000000000000010000000000000000000000000000000000000000000000000000000000000000111000000000000000000000000000000000000000000110000000000000000101000000000000000000000010000000000010010000000000000000000001000000000000000000000000000001010000000011000000000000010100000000000000000000000000
000000000000000100000000000000000000000110000000000000000000000000000000000000000000000000000000000000000000000000000000000000000000000000000000000000000010000000000000000100000010000000000001100000000001100000000010100000000000000000000000000000100000000000000000011100000000000000000000000000000000
000000000000001010000111000111000000000110000000000000000011000000000000000000000000000000000000000000000000000000000000000000000000000000000000000000000000000000000000001010000000000000000000000000000001100000000010100000000000000000000000000000000000000000000000000000000000000000000000000000000000
000000000000010010000000000000000000000000000000000000000011000000000000000000000000000000000000000000000000000000000000000000000000000000000000000000000000000000000000001010000000111000000000000000000000000000000001000000000000000000000000000000000000000000000000000000000000000000000000000000000000
000000000000001100000000010000000000110000000000000000000000000000000000000000000000000000000000000000000000000000000000000000000000000000000000000000000000000000000000000100000000000000000000000000000000000000000000000000000000000000000000000000000000000000000000000000110000000000000000000000000000
000000000000000000000000010000000000110000000000000000000000000000000000000000000000000000000000000000000000000000000000000000000110000000000000000000000000000000000000000000000000000000000000000000000000000000000000000000000000000000000000000000000000000000000000000000110000000000000000000110000000
000000000000000000000000010000000000000000000000000000000000000000000000000000000000000000000000000000011100000000000000000000001001000000000000000000000000000000000001110000000000000000000000000000000000000000000000000000000000000000000000000000000000000000000000000000000000000000000000000110000000
000000000000000000000000000000000000000000000000000000000000000000000000000000000000001100000000000000000000000000000000000000000110000000000000000000000000000000000000110000000000000000000000000000000000000000001100000000000000000000000000000000000000000000000000000000000000000000000000000000000000
000000000000000000000000000000000000000000000000000000000000000000000000000000000000001100000000000000000000000000000000000000000000000000000000011100000000000000011100100010000000000000000000000000000000000000010010000000000000000000000000000000000000000000000000000000000000000000000000000000000000
000000000000000000000000000000000000000001100000000000000000000000000001100000001100000000000000000000000000000000000000000000000000000000000000000000000000000001101000100000100000000000000000000000000000001000001100000000000000000000000000000000000000000000000000000000000000000000001100000000000000
000000000000000000000000000000000000000010010000000000000000000000000010010000010010000000000000000000000000000000000000000000000000000000000000000000100000000001101010010000100000000000000000000000000000010100000000000000000000000000000000000000000000000000000000000000000000000000001100000000000000
000000000000000000000000000000000000000001010000000000000000000000000001100000001100000000000000000000000000000000000000000000000000100000000000000001010000000001100011000000000000000000000000000000000000010100000000000000000000000011100000000000000000000000000000000000000000000000000000000000000000
000000000000000000000000000000000000000000100000000000000000000000000000000000000000000000000000000000000000000000000000000000000000100000000000000001100000000000001001000110000000000000000000000000000000001000000000000000000000000000000000000000000000000000000000000000000000000000000000000000000000
000000000000000000100000000000000000000000000000000000000010000000000000000010000000000000000000000000000000000000000000000000000000100000000000000000000000000000001110001001000010100000000000000000000000000001110000000000000000001000001000000000000000000000000000000000000000000000000000000000000000
000000000000000001010000000000000000000000000000000000000011000000000000000101000000000000000000000000000000000000000000000000000000000000000000000000000000000000000000000111000100110000000000000000000000000000000000000000000000001000001000000000000000000000000000000000000000000000000000000000000000
000000000000000001001000000000000000000000000000000000000100100000000000000101000000000000000000000000000000000000000000000000000000001110000000000000000000000000000000000110010010001000000000000000000000000000000000000000000000001000001000000000000000000000000000000000000000000000000000000000000000
000000000000000000110000000000011000000000000000000000000011000000000000000010000011000000000000000000000000000000000000000000000000000000000000000000000000000000000000000001100001100000000000000000000000000000000000000000000000000000000000011000000000000000000000000000000000000000000000000000000000
000000000000000000000000000000100100000000000000000000000010000000000000000000000011000000000000000000000000000000000000000000000000000000000000000000000000100000000000000000000001100000000000000000000000000000000000000000000000000011100000011000000000000000000000000000000000000000000000000000000000
010000000000000000000000000000101000000000000000000000000000000000000000000000000000000000000000000010000000000000000000000000000000000000000000000000001001010000000000000000000000000010000000000000000000000000000000000000000000000000000000000000000000000000000000000000000000000000000000000000000000
101000000000000000110000000000010000000000000000000000000000000000000000000000000000000000000000000101000000000000000000000000000000000000000000000000101000110000000000000000000000000010000000000000000000000000000000000000000000000000000000000000000000000000000000000000000000000000000000000000000000
101000000000000000110000000000000000000000000000000000000000000000000000000000000000000000000000000101000000000000000000000000000000000000000000110001001000000000000000000000000000110000000000000000000000000000000000000000000011100000000000000000000000010000000000000000000000000000000000000000000000
010000000000000000000000000000000000000000000000000000011000000000000000000000000000000000000000000010000000000000000000000000000000000000000000101001100000000000000000000000000000101101000000000000000000000000000000000000000000000000010000000000000000010000000000000000000000000000000000000000000000
000000000000000000000000000000000000000000000000000000011000110000000000000000000000000000000000000000000000000000000000000000000000000000000000101000000000000000000000000000000000000101000000000000000000000000000000000000000000001000101000000000000000010000000000000000000000000000000000000000000000
000000000000000000000000000000000000000000000000000000000000110000000000000000000000000000000000000000000000000000000000000000000000000000000000000000000000000000000000000000000000000000000000000000000000000000000000000000000000001000101000000000000000000000000000000000000000000000000000000000000000
000000110000000000000000000000000000000000000000000000000000000000000000000000000000000000000000000000011000000000000000000000000000000000000000001011000000000000000000000000000000000000000000000000000000000000000000000000000000001000010000000000000111000111000000000000000000000000000000000000000000
000000110000000000000000000000000000100000000000000000000000000000000000000000000000001100000000000000011000000000000000000000000000000000000000011111100000000000000000000000000000000000000000000000000000000000000000000000000000000000000000011000000000000000000000000000000000000000000000000000000000
000000000000000000000000000000000000100000000000000000000000000000000000000000000000001100000000000000000000000000011000000000000000000000000000001000000000000000000000000000000000000000000000000000000000000000000000000000000001000000000000011000000000010000000000000000000000000000000000000000000000
000000000000000000000000000000000000100000000000000000000000000000000000000000000000000000000000000000000000000000011000001100000000000000000000000010100000000000000000000000000000000000001110000000000000000000000000000000000010100000000000000000000000010000000000000000000000000000000000000000000000
000000000000000000000000000000000000000000000000000000000000000000000000000000000000000000000000000000000000000000000000010001100000000000000000000011011000000000000000000000000000000000000000000000000000000100000000000000000100100000111000000000000000010000000000000000000000000000000000000000000000
000000000000000000000000000000000000000000000000000000000000000000000000000000000100000000000000000000000000000000000000010000010000000000000000000001000000000000000000000000000000000000100000000000000000001010000000000000000011000000000000000000000000000000000000000000000000000000000000000000001000
000000000000000000000000000000000000000000110000000000000000000000000000000000000100000000000000000000000000000000000000011000000000000000000000000010001000000000001000000000100000000000100000110000100000000100000000000000000000000010000010000000000000000000000000000000000000000000000000000000010100
000000000000000000000000000000000000000000001000000000000000000000000000000000000100000000000000000000000000000000000000010001000000000000000000000000100000000000010100000001010000000000100000110011000000000000000000000000000000000010000010000000000000000000000000000000000000000000000000000000010100
000000000000000000000000000000000000000001000000000100000000000000000000000000000000000000000000000000000000000000000000010110000000000000000000000000000000000000010100000001010000000000000000000001010000000000000000000000000000000010000010000000000000000000000000000000000000000000000000000000001000
000000000000000000000000000000000000000000110000001010000000000000000000000000000000000000000000000000000000000000000000110000000000000000000000000000000000000000001000000000100000000000000000000000100000000000000000000000000000000000000000000000000000000000000000000000000000000000000000000000000000
000000000000000000000000000000000011000000000000000110000000000000000001000000000000000100000000000000000100000001110000000000000000000000000000000000000000000000000000000000000000000000000000000000000010000000000000000000000000000000111000000000000000000000000000000000000000000000000000000000000000
000000000000000000000000000000000011000000000000000000000000000000000010100000000000000100000000000010001010000000000000000000000000110000000000000000000000000000000000000000000000000000000000000000000101000000000000000000000000000000000000000000000000000000000000000000000000000000000000000000000000
000000000000000000000000000000000000000000000000000000000000000000000010100000000000000100000000000000001001000000000100000000000000101000000000000000000000000000000000000000000000000000001110000000000011000000000000000000000000000000000000000000000000000000000000000000000000000000000000000000000000
000000000000000000000000000000000000000000000000000000000000000000000001000000000000000000000000110100000110001100000100000000000000011000000000000000000000000000000000000000000000000000001010000000000010000000000000000000000000000000000000000000000000000000000000000000000000000000000000000001100000
000000000000000000000011100000000000000000000000000000000000000000000000000000000001110001110000010100000000001100000100000001100000000110000000000000000000010000000000000000000000000000011010000000111000000000000000000000000000000000000000000000000000000000000000000000010000000000000100000001100000
000000000000000000000000000000000000000000000000000000000000000110000000000000000000000000000000000100000000000000000000000001100000000110000000000000000000101000000000000000000000000000011000000010001100000000000000000000000000000000000000000000000000000000000000000000101000000000000100000000000000
000000000000000000001000000000000000000000000100000000000000000110000000000000000000000100000000100000000000000000000000000000000000000000000000000000000000101000000000000000000000000000000100000100001000000000000000000000000000000000000000000000000000000000110000000000101000000000000100000000000000
000000000000000000001000000000000000000000001010000010000010000000000000000000000000000100000001000000000100000000000000000000000000000000000000000000000000010000000000000000000000000000000000000010001000000000000000000000000000000000000000000000000000000001001000000000010000000000000000000000000000
000000000000000000001000000000000000000000000110000010000010000000000000000000000000000100000011001000001010001100000000000000011000000000000000000000000000000000000000000000000000000000000000000010001000000000000000000000000000000000000000000000000000000000110000000000000000000000000000000000000000
000000000000000000000000000000000000000000000000000010000010000000000000000000000000000000000100110000000001010011000000000000110000000000000000000000000000000000000000000000000000000000000000000001100000000000000000000000000000000000000000000000000000000000000000001100000001100000000000000000000000
000000000000001000000011000000000000011000000000000000000000000000000000000000000000000000001000000000010001001000100000000000011000101000000000000000000000000000000000000000011000000000000000000000000000000000000000000000000000000000000000000000000000000000000000010010000001100000000000000000000000
000000000000001000000011000000000000100100000000000000111000000000000000000000000000000000000100100000000010001000000000000000000110000000111000000000000000000000000000000000111100000000000000000000000000000000000000000000000000000000000000000000000000000000000000001100000000000000000000000000000000
000000000000001000000000000000000001001000000000000000000000000000000000000000000000000000000000010000011000000100001000010000000001000110100000000110000000000000000000000001010010000000000000000000000000000000000000000000000000000000000000000000000000000000000000000000000000000000000000000000000000
000000000000000000000000000000111000110000000000000000000000000000000000000000010000000000000001100011000000000010000010110000000000010110000000000110000000000000000000000000011001000000000000000000000000000000000000000000000000000000000000000000000000000001100000000000000000000000000000000000000000
000000000000000000000000000000000000000000000000000000000001110000000000000000010000000000000000000000000000000001000011001000000000011100000000000000000000000000000000000100110001000000000000000000100000000000000000000000000000000000000000000000000000000001100000000000110000000000000000000000000000
000000000000000000000000000010000010000000000000000000000000000000000000000000010000000000000000000000000000000000010001010000000000101100000000000000000000000000000000000100101000000000000001100001010000000000000000000000000000000000000000000000011000000000000010000000110000000000000000000000000000
000000000000000000000000000010000010000000000000000000000100000100000000000000000000000000000000000000000000000000000000100000000000011000000000000000000000000000000000000111000001000000000011100001010000000000000000000000000000000000000000011000010100000000000101000000000000000000000000000000000000
000000010000000000000000000010000010000000000000000000000100000100000000000000000100000000000000000000000000000000000000000000000000100000000000000000000000000000000000000000000110000000100001001000111000000000000000000000000000000000000000100100001000000000001010000000000000000000001100000000000000
000000010000000000000000000000000000000000000000000000000100000100000000000000001010000000000000000000000000000000000000000000000000000000000000000000000000000000000000000000000000110000100001100000010000100000000000000000000000000000000000101000000000000000001100000000000000000000001100000000000000
000000010000000000000000000000111000000000000000000000000000000000000000000000001010000000000000000000000000000000000000000000000000000000000000000000000000000000000000000000000101110001110001000000010100111000000000000000000000000000000000010000000000000000000000000000000000000000000000000000000000
000000000000000000000000000000000000000000000000000000000001110000000000000000000100000000000000000000000000000000000000001000000000000000000000000000000000000000000000000000000000100001100000100010000011011000000000000000000000000000000000000000000000000000000000000000000000011000000000000000000000
000111000111000000000110000000000000000000000000000000000000000000000000000000000000000000000000000000000000000000001000010010000000000000000000000000000000000000000000000000000000000001000000010001101000000000000000000000000000000000000000000000000000000000000000000000000000011000000000000000000000
000000000000000000000110000000000000000000000000000000000000000000000000000000000000000000000000000000000000000000000110010000000000010000000000001000000000000000000000000000000000000000000000000000010001100101000000000000000000000000000000000000000000000000000000000000000000000000000000000000000000
000000010000000000000000000000000000000000000000000000000000000000000000000000000110000000000000000000000000000000000010000101000000101000000000001000000000000000000000000000000000000110000000000000010000100101000000000000000000000000000000000000000000000000000000000000000000000000000000000000000000
000000010000000000000000000000000000000000000000000000000000000000000000000000000110000000000000000000000000000000000000110000000000000000000000001000000000000000000000000000000000000000011000000000000111000000000000000000000000000000000000000000000000000000000000000000000000000000000000001000000000
000000010000000000000000000000000000000000000000000000000000000000000000000000000000000000000000000000000000000000000000011000000001000100000000000000000000000000000000000000000000000000100100000000000011000000000000000000000000000000000000000000000000001100000000000000000000000000000000010100000000
000000000000000000000000000000000000000000000000000000000011000000000000000000000000000000000010100000000000000000000000011000000000000000000011100011100000000000000000110000000000000000100100000000000000000000000000000000000000000000000000000000000000001100000000000000000000000000000000010100000000
011100000000000000000000000000000000000000000000000000000011000000000000000000000000000000011000000000000000000000000000000000000000000000000000000000000000000000000000110000000000000000011000000000000000000000000011000000000000000000000000000000000000000000000000000000000000000000000000001000000000
000000000000000000000000000000000000000000000000000000000000000001110000000000000000000000100000100000000000001100000110000000000000111000000000001000000000000000000000000000000000000000000000000000000000000000000100100000000000000000000000000000000000000000000000000000000011100000000000000000000000
000000011000000000000000000000000110000000000000000000110000000010010000000000000000000000100000000000000000010010000110000000000000000000000000001000000000000000000000000000000000000000000000000000000000000000000011000000000000000000000000000000000000000000000000000000000000000000000000000000000000
000000100100000000000000000000000110000000000000000001010000000010000000110000000000000011000001100000000000010100000000000000000000000000000000001000000000000000000000000000000000000000000000000000000000000000000000000000000000000000000000000000000000000000000000000000001000001000000000000000000000
000000010100000000000000000000000000000000000000000000010000000010000000101000000000000100001000010000000000001000000000000000000000000000000000000000000000000000000000000000000000000000000000000011011000000000000000000000000000000000000000000000000000000000000000000000001000001000000000000010000000
000110001000000000000000000000000000000000000000100000000000000000101100001100000000000100010100010000000000000000000000000000000000000000000000000000000000000000000000010000000000000000000000001111011000000000000000000000000000000000000000000000000000000000000000000000001000001000000110000101000000
000110000000000000000000000000000000000000000001111000000000000000000000101000000000000100001000010000000000000000000000000000000000000000000000000000000000000000000000101000000000000000000000011011000100000000000100000000000000000000000000110000000000001000000000000000000000000000000110000101000000
000000000000000000000000000000000000000000000001000100000000000000000000110000000000000011000001100000000000000000000000000000000000000000000000000000000000000000000000101000000000000000000000001010011100000000000100000000000000000110000000110000000000010100000000000000000011100000000000000010000000
000000000000000000000000000000100000000000000001101100000000000000000000000000110110000000100010000000000000000000000000000000000000000000000000000000000000000000000000010000000000000000000000000111101000000000000100000000000000000110000000000000000000101000000000000000000000000000000000000000000000
000000000000000000000000000000100000000000000000100100000000000000000000000000110110000000100010000000000000000000000000000000000000000000000000000000000000000000000000000000000000000000000000000010000000100000000000000000000000000000000000000000000000110000000000000000000000000001110000000000000000
000000000000000000000000000000100000000000000000011000000000000010000000000000000000000000011100000000000000001100000111000000001000000000000000000000000000000000000000000000000000000000000000000000000011010000000000000000000000000000000000000000000000000000000000000000000000000000000000000000000000
000000000000000000000000000000000000000000000000001000000000000000000000000000000000000000000000000000000000010100000000000000010100000000000000000000000000000000000000000000000000000000000100000000000100000000000000000000000000000000000000000000000000000000000000000000000000000000000000000000000000
000000000000000000000000000000000000000000000000000000000000000001100000000000000000000000000000000000000000001000010000000000001000000000000000000000000000000000000000000000000000000000001010000000010000001000000010000000000000000000000000000000000000000000000000000000000000000000000000000000000000
000000000000000000000000000000000000000000000000000000000000000000011000000000000000000000000000000000000000000000101000000000000000000000000000000000000000000000000000000000000000000000001001000000010100100101000111000000000000001000000000000000000000000000000000000000000000000000000000000000000000
000000000000000000000011000000000000000000000000000000000000000100000000000000000000000000000000000000011000000000010000000000000000000000000000000000000000000000000000000000000000000000000110000000001000110001100100110000000000001000000110000000000000000000000000000000000000000000011000000000000000
000000000000000000000011000000011000000000000000000000000000000100000100000000000000000000000000000110000000000000000000000000001000000000000000000000000000000000000000000000000000000000000000000000000000001100100001000000000000001000000110000000000000000000000000000000000000000000011000000000000000
000000000000000000000000000000011000000000000000000000000000000000000000000000000000000000000000000010100010000000000000000000010100000000000000000000000000000000000000000000000000000000000000000000000000000011110001010000000000000000000000000000000000000000000000000000000000000000000000000000000000
000000000000000000011000000000000000000000000000000000000000001010110000000000000000000000000000000010000000000000000000000000010100000000000000000000000000000000000000000000000000000000000000000000000000000010000000100000000000000000000000000000000000000000000000000000000000000000000000000000000000
000000000000000000100100000000000000000000010000000000000000001100100000000000000000000000000000000001000110000000000000000000001000000000000000000000000000000000000000000000000000000000000000000000000000000011000000000000000000000000000000000000000000000000000000000000000000011000000000000000000000
000000000000000000011000000000000000000000101000000000000000001000000000000000001110000000000000000001100000000000000000000000000000000000001100000000000000000000000000000000000000000000000000000000000000000010000000011000000000001100000000000000000000000000000000000000000000100100000000000000000000
000000000000000000000000000000000000000000001100000000000100000000000000000000010001000000000000000000000000000000000000000000000000000000001100000000000000000000000000000000000000000000000000000001000000001001100001111110000000001010000000000000000000000000000000000000000000010100000000000000000000
000000000001100000000000000000000000000000000100000000001000110000000000000000100011000000000000000000000001100000000000000000000000000000000000000000000000000000000000000000000000000000000000000001000000000111000001100010000000000110000000000000000000000000000000000000000000001000001000000000000000
000000000000100000000000000000000000000010000000001000000100100000000000000000000000000000000000011000000110010000000000000000000000000000000000000000000000000000000000000000000000000000000000000001000000000110110010001110000000000000000000000000000000000000000000000000000000000000010100000000000000
000000000100000000000000000000000000000001000100110110000100101001110000000000000001000000000000100100000100010000000000000000000000000000000000000000000000000000000000000000000000000000000000000000000000000000010011111000000000000000000000000000000000000000000000000000000000000000100100000000000000
000000000110000000000000000000000000000000111011000001100001000110010000000001000000000000000000011000010000000000000000000000000000000000000000011100000000000000000000000000000000000000000000000000000000000111000001000000000000000000000000000000000000000000000000000000000000000000011000000000000000
000000000000000000000000000000000000000000000000111000000000000111100000000000100010000000000000000000010111000000000000000000000000000000000000000000000000000000000000000000000000000000000000000000000000001001000000000000000010000000000000000000000000000000000000000000000000000000000000000000000000
000000000000000000000000000000000000000000000000000010100000000001000000000000011100000000000000000000000010000000000000000000000000000000000000000000000000011100000000000000000000000000000000000000000000010110000000000000000000100000000000000000011000000000000000000000000000000000000000000000000000
000000000000000000000000000000000000000000000000000001000000000000000000000000000000000000000000000000000000000100000000000000000000000000011000000000000000000000000000000000000000000000000000000000000000000110000000000000010000100000000000000000011000000000000000000000000000000000000000000000000000
001100000000000000000001000000000000000000000000000000000000000010000000000000000000000000000000000000000000000010000000000000000000000000100100000000000000000000000000000000000000000000000000000000000000000000000000000000000000100000000000000000000000110000000011100000000000000000000000000000000000
001100000000000000000001000000000000000000000000000000000000000101000000000000000000000000000000000000000000000011000000000000000000000000011000000000000000000000000000000000000000000000000100000000000000000000000000000000000100000000000000000000000010010000000000000000000000000000000000000000000000
000000000000000000000001000000000001100000000000000000000000000110000000000000000000000000000000000000000000000110000000000000000000000000000000000000000000000000111000000000000000000000001010000000000000000000000000000000001000000000000000000000000011100000000000000000110000000000000000000000000110
000000000000000000000000000000000010010000000000100000000000000000010000000000000000000000000000000000000000001110000000000000000000000000000000000000000000000000000000000000000000000000001010000000000000000000000000000000000000000010000000000000000001000000000000000001001000000000000000000000000110
000000000000000000000000000000000001100000000000100000000000000000100000000000000000000000000000000100000000001000000000000000000000000000000000000000000000000000000010000000000000000000000100000000000000000000000000000000000000000101000000000000000000000000000100000000110000000000000000000000000000
000000000000000000000000000000000000000000000000100000000000000000111000000000000000000000000000001010000000000000000000000000000000000000000000000000000000000000000010000000000000000000000000000000000000000000000000000000000000000101000000000000000000000000001010000000000000000000000000000000000000
000000000000000000000001100000000001100000000000000000000000000000000000000000000000000000000000001001000000000000000000000000000000000011000000000000000000000000000010000000000000000000000000011000000000000000000000000000000000000010000000000000000000010000001010000000000000000000000000000000000000
000000000000000000000001100000000010010000000000000000000000000000000000000000000000000000000000000110000000000000000000000000000000000100100000000000000000000000000000000000000010000000000000100100000000000000000000000000000000000000000000000000000001110010000100000000000000000000000000000000000000
000000000000000000000000000000000001100000110000000000000000000000000000000000000000000000000000000000000000000000000000000000000000000100100000010000000000000000000000000000000010000000000000011000000000000000000000000001100000000000001100000000000001100110000000000000000000000000000000000000000000
110000000000001100000000000000000000000001001000000000000000000000000000000000000000000000000000000000000000000110000000000000000000000011000000010000000000000000000000000000000010000000000000000000000000000000000000000010010000100000010010000000000000000100000000000000000000000000000000000000000000
110000000000001100000000000000000000000000110000000000000000000000000000000000000000000000000000000000000000000110000000000000000000000000000000010000000000000000000000000000000000000000000000000000000000000000000000000001100000100000001100000000000000000000000000000000000000000000000000000000000000
000000000000000000000000000000000000000000000000000000000000000000000000000000000000000000000000000000000000000000000000000000000000000000000000000000000000000000001110000000000000000000000000000000000000000000000000000000000000000000000000000000000000001101010000000000000000000000000000000000000000
000000000000000000000000000000000000110000000000000000000000000000000000000000000000000000000000000000000000000000000000000011000000000000000000000000000000000000001001000000100000000000000000000000000001100000000000000000000000000000000000000000000000000000100000000000000000000000000000000000000000
000000000000000000010000000000000001001000000000000000001100000000000000000000000000000000000000000000000000000000000000000011000000000000000011100000000000000000000000100000100000000000000000000000000001100000000000000000000000000000000000000000000000000000000000000000000000000000000000000000000000
000000000000000000101000000000000000110000000000000000001100000000000000000000000000000000000000000000000000000000000000000000000000000000000000000000000000000000000000000000100000100000000000000000000000000000000000000000000000000000000000000000000000000000000000000000000000000000000000000000000000
000000000000000000101000000000000000000000000000000000000000000000000000000000000000000000000000000000000000000000000000000000000000000000000000000000000000000000000000100000000001010000000000000000000000000000000000000000000000000000000000000000000000000000000000000000000000000000000000000000000000
000000000000000000010000000000000000000000000000000000000000000000000000000000000001100011000000000000000000000000000000000000000000000000000000000000000000000000000001001110001101010000000000111000000000000000000000000000000000000000000000000000000000011000000000000000000000000000000000000000000000
000000000000000000000000000000000000000000000000000000000000000000000000000000000001100100100000000000000000000111000000000000000000000000000000000000000000000000000000000000000010100000000000000000000000000000000000010000000000000000000000000000000000011000000000000000000000000000000000000000000000
000000001000000000000000000000000000000000000000000000000000000000000000000000000000000011000000000000000000111010000000000000000000000000110000000000000000000000000000000000100000000000000010000010000000000000000000111100000000000000000000000000000000000000000000000000000000000000000000000000000000
000000001000000000000000000000000000000000000000000000000000000000000000000000000000000000000000000000000000011011000000000000000000000000110000000000000100000000000000000000100000000000000010000010000000000000000001001100000000000000000000000000000000000000000000000000000000000000000000000000000000
000000001000000000000000000000000000000000000000000000000000000000000000000000000000000000000000000000000000011011000000000000000000000000000000000000001010000000000000000000100000000110000010000010000000000000000000100010010000000000000000000000000000000000000000000000000000000000000000000000000000
000000000000000000000000000000000000000000000000000000000000000000000000000000000000000000000000000000000000000100000000000000000000000000000000000000001010000000000000000000000000000110000000000000000000000000000000011101000000000000000000000000000000000000000000000000000000000000000000000000000000
000000000011100000000000000000000000000000000000000000000000000000000000000000000000000100000000000000000000000000000000000000000000000000000000000000000100000000000000000010000000100000000000111000000111000000000000011101101100000000000111000000000000000000000000000000000000000000000001100000000000
000000000000001110000000000000000000000000000000000000000000000000000000000000000000000100000000000000000000000000000000000000000000000000000000000000000000000000000000000101000001010000000000000000000000000000000000000001101000000000000000000000000000000000000000000000000000000000000001100000000000
000000000000000000000111000000000000000000000000000000000000000000000000000000000000000100000000000000000000000000000000000000000000000110000000000000000000000011000000000101000001010000000000000000000000000000000000000000100110000000000000000000000000000000000000000000000000000000000000000000000000
000000000000000000000000000000000000001100000000000000000000000000000000000000000000000000000000000000000000000000000000000000000000001001000000000000000000000011000001000010000000100000000000000000000000000000000000000000110011000000000000000000000000110000000000000000000000000000000000000000110011
000000000000000000000000000000000000001100000000000000000000000000000000000000000000000000000000000000000000000000000000000000000000001010000000000000000000000000000010100000000000000000000000000000000011100000000000000000110001100000000000000000000000110000000000000000000000000000000000000000110011
000011100000000000000000000000000000000000000000000000000000000000000000000000000000000000000000000000000100000000000000000000000000001110000000000000000000000000000001000000000000000000000000000000000000000000000000000000011111000000000000000000000000000000000000000000000000000000000000000000000000
000000000000000000000000000000000000000000000000000000000000000000000000000000000000000000000000000000001010000000000000000000000000000110000000000000000000000000000000000000000000000000000000000000000000001000000000000000001110000000000000000000000000000000001100000000000000000000000000000000000000
000000000000000000000000000000000000000000000000000000000000000000000000000000000000000000000000000000000110000000000000000000000000000000000000000000000000000110000000000000000000000000000000000000000000001000000000000000000100000000000000000000000000000000001100000000000000000000000000000000000000
000000000000000000000000000000000000000000000000000000000000000000000000000000000000000000000000000000000000000000000000000000000000111000000000000000001100000110000000000000000000000000000000000000000000001000000000000001100000000000000000000000000000000000000000000000000000000000000011100000000000
000000000000000000000000000000000000000000000000000000000000000000000000000000000000000000000000000000000000000000000000000000000000000000000000000000010010000000000000000000000000000000000000000000000000000000000000000001100000000000000000000000000000000000000000110000000000000000000000000000000000
000000000000000001100000000000000000000000000000000000000000000000000000000000000000000000000000000000000000000110000000000000000000111000000000000000001100000000000000000000000000000000000000000000000000000000000000000000000000000000000000000000000000000000000000110000000000000000000000000000000000
000000000000000001100000000000000000001100000000000000000000000000000000000000000000000000000000000000000000000110000000000000110000000000000000000001000000000000000000000000000000000000000000000000000000000000000000000000000000000000000000000000000000000000000000000000000000000000000000000000000000
000000000000000000000000000000000000001100000000000000000000000000000000000001100000000000000000000000000000000000000000000000110000000000000000000010100000000000000000000000000000000000000000000000010000000000000000000000000000000100000000000000000000000000000000000000000000000000011100000000000000
000000000000000000000000000000000000000000000001000000000000000000000000000010010000000000000000000000000000000000000000000000000000000010000000000010100000000000000000000000000000000111000000000000101000000000000000000000000000001110000000000000000000000000000000000000000000000000000000000000000000
000000000000000000000000000000000000000000000010100000000000000000000000000010100000000000000000000000000000000000000000000000000000000101000000000001000000000000000000000000000000000000000000000000110000000000000000000000000010101001000000000000000000000000000000000000000000000000000000000001000000
000000000000000000000000000000000000000000000010100000000000000000000000000001000000000000000000000000000000000000000000000000000000000110000000000000000000000000000000000000000000000001000000111000000000000000000000000000001111010000000000000000000000000000000000000000000000000000000000000010100000
000000000000000000000000000000000000000000000001000000000000000000000000000000000000000000000000000000000000000000000000000000000000000000000000000000000000000000000000000110000000000111000000000000000000000000000000000000011000100000000000000000000000000000000000000000000000000000000000000010100000
000000000000000000000000000000000000000000000000000000000000000000000000000000000000000000000000000000000000000000000000000000000000000000000000000000000000000000000000000110000000000000000000000000000000000000000000000000010011100000000000000000000000000000000000000000000000000000000000000001000000
000000000000000000000000000000000000000000011000000000000000000000000000000000000000000000000000000000000000000000000000000000000000000000000000000000000000000000000000000000000000000000000000000000000000000000000000000000110001000000000000000000000000000000000000000000000000000000000000000000000000
000000000000000000000000000000000000000000100100000000000000000000000000000000000000000000000000000000000000000000000000110000000000000000000000000000000000000000000000000000000000000000110000001000000000000000000000000000010110000000000000000000000000000000000000000000000011000001100000000000000000
000000000000000000000000000000000000000000011000000000000000000000000000000000000000000000000000000000000000000000000000110000000000000000000000000000000000000000000000000000000000000000000000010100000000000000000000000000000100000000000000000000000000000000000000000000000011000001100000000000000000
000000100000000000000000000000000000000000000000000000000011000000000000000000000000000000000000000000000000000000000000000000000000000000000000000000000000000000000000000000000000000000000000010100000000000000000000000100000100000000000000000000000000000000000000000000000000000000000000000000000000
000001010000000000000000000000000000000000000000000000000011000000000000000000000000000000000000000000000000000000000000000000000000000000000000000000000000000000000000000000000000000000000000001000000000000000000000001010001010000000000000000000000000000000000000000000000000000000000000000000000000
000001010000000000000000001000000000000000000000000000000000000000000000000000000000000000000000000000000000000000000000000000011000000011000000000000000000000000000000000000000000000000000000000000000000000000000000001010001010000000000000000000000000000000000000000000000000001100000000000000000000
000000100000000000000111001000000000000000000000000000000000000000000001100000000000000000000000000000000000000000000000000000100100000100100000000000000000000000000000000000000000000000000000000000110000000000000000000100000100000000000000000000000000000000000000000000000000010010000000000000000000
000000000000000000000000001000000000000000000000000000000000000000000001100000000000000000000000000000000000000000000000000000011000000011000000000000000000000000000000000000000000000000110000000000110000000000000000000000000000000000000000000000000000000000000000000000000000001100000000000000011000
000000000000000000000000000000000000000000000000000000000000000000000000000000000000000000000000000000000000000000000000000000000000000000000000000000000000000000000000000000000000000000110000000000000000000000000000000001110000000000000000000000000000000000000000000000000000000000000000000000011000
000000110000000000000000000000000000000000000000000000000000000000000000000000000000000000000000000000000000000110000000000000000000100000000000000000000000000000000000000000000000000000000000000000000000000000000000000000000000000000000000000000000000000000000000000000000000000000000000000000000000
000000110000000000000000000000000000000000000000001100000000000000000000000000000000000000000000000000000000001001000000000000000001010000000000000000000000000000000000000000000000000000000000000000000000000000000000000000000000000010000000000000000000000000000000000000000000000000000000000000000000
000000000000000000000000000000000000000000000000001100000000000000000000000000000000000000000000000000000000000101000000000000000001010000000000000000000000000000000000000000000000000000000000000000000000000000000000000000000000000101000000000000000000000000000000000000000000000000000000000110000000
000000000000000000000000000000000000000000000000000000000000000000000000000000000000000000000000000000000000000010000000000000000000100000000000000000000000000000000000000000000000000000000000000000000000000000000000000000000000000101000000000000000000000000000000000000000000000000000000000110000000
000000000000000000000000000000000000000000000000000000000000000000000000000000000000000000000000000000010000000000000000000000000000000010000000001110000000000000000000000000000000000000000000000000000000011000000000000000000000000010000000000000000000110000000000000000000000000000000000000000000000
000000000000000000000000000000000000000000000000000000000000100001110000000000000000000000000000000000101000000000000000000000000000000101000000000000000000000000000000000000001100000000000000000000000000011000000000000000000000000000000000011000100000110000000000000000000000000000000000000000000000
000000000000000000000000000000000000000000000000000000000000100010001000000000000000000000000000000000100100000000000000000000011000000101000000000000000000000000000000000000001100000000000000000000000000000000000000000000011000011000001100011001010000000000000000000000000000000000000000000000000000
000000000000000000000000000000000000000000000000000000000000100000000000000000000000000000110000000000011000000000000000000000100100000010000000000000000000000000000000000000000000000000000000000000000000000000000000000000011000011000010010000000010000000000000000000000000000000000000000000000000000
000010000000000000000000000000000000000000000000000000000000000100000100000000000000000000110000000000000000000000000000000000100100000000000000000110000000000001100000000000000000000000000000000000000000000000000000000000000000000000001100000011011000000011000000000000000000000000000000000000000000
000101000000000000000000000000000000000000000000000000000000000000000100000000000000000000000000000000000000000000000000000000011000000000000000001001000000000001010000000000000000000000000000000000000000000000000000000000000000000000000000000110110000000011000000000000000000000000000000000000000000
000110000000000000000000000000000001000000000000000000000000010000101100000000000000000100000000000000000000000000000000000000000000000000000000000110000000000000100000000000110000000000000000000000000000000000000000000000000000000010000000001101010000000000000000000000000000000000000000000000000000
000000000000000000001100000000000010100000000000000000000000010000100100000000000000001010000000000000000000000000000000000000000000000000000000000000000000000000000000000000101000000000000000000000000000000000000000000000000000000101000000001000001000000000000000000000000000000000000000000110000000
000000000000000000010010000000000010010000000000000000000000000000100110000000000000000100000000000000000000000000000000000000000000000000000000000000000000000000000000000000010000000000000000000000000000000000000000000000000000000101000000000100000000000000000000000000000000000000000000000110000000
000000000000000000001100000000000001100000000000000000000000001001000110000000000000000000000000000000000000000000000000000000000000000000000000000000000000000000000000000000000000000000000000000000000000000000000000000000000000000010000000000000010000001100000000000000000000000000000000000000000000
000000000000000000000000000000000000000000000000000000000000000110000000000000000000000000000000000000000011000000000000000000000000000000000000000000000000000001100000000000000000000000000000000000000000000000000000000000000000000000000011000000000000001100000000000000000000000000000000000000000000
000000000000000000000000000000000000000000000000000000000000000000000000000000000000000000000000000000000100100000000000000000000000000000000000000000000000000001100000000000000000000000000000001000000000000000000000000000000000000000000000000000000000000000000000000000000000000000000010000000000000
000000000000000000000000000000000000000000000110000000000000000000000000000000000001000000000000000000000011000000000000000000000000000000000000100000000000000000000000000000000000000000000000010100000000000000000000000000000000000000000000000000000000000000000000000000001000000000000101000000000100
000000000000000000000000000000000000000000000110000000000000000000000000000000000101000000000000000000000000000000000000000000000000000000000000100000000000000000000000000000000000000000000000110000000000000000000000000000000000000000000000000000100000000000000000000000001000000000000101000000001010
000000000000000000000000000000000000000000000000000001100000000000000000000000000011000000000000000000000000000000000000000000000000000000000000100000000000000000000000000000000000000000000000000100000000000000000000000000000000010000000000000010100000000001100000000000001000000000000010000000001001
000000000000000000000000000000000000000000000000000001100000000000000000000000000000000000000000000000000000000000000000000000000000000000000000000000000000000000000000000000000000000000000000000100100000000011100000000000000000001100000000000001100000000001100000000000000000000000000000000000000110
000000000000000000000000000000000000000000000000000000000000000000000000000000000000000000000000000110000000000000000000000000000000000000000000000000000000000000000000000000000000000000000000000010010000000000000000000000000000001100000000000000000000000000000000000011100011100000000000000000000000
000000000000000000000000000000000000000000000000000000000000000000000000000000000000000000000000000110000011000000000000000000000000000000000000000000000000000000000000000000000000000000000000000001110000000000001000000000000000000000000000000000000000000000000000000000000000000000000000000000000000
000000000000000000000000000000000000000001100000000000000001000000000001010000110000000000000000000000000011000000000000000000000000000000000000000000000000000000000000000000000000000000000000000000011100000000001000000000000000010000000000000000000000000000000000000000001000000000000000000000000000
000000000000000000000000000000000000000001100000010000000110110000000010101000110000000000000000000000000000000000000000000000000000000000000000000000000000000000000000000000000000000000000000000000011100000000001000000000000000001100000000000000000110000000000000000000001000000000000000000000000000
000000000000000010000010000000000000000000000011100000000110110000000000000000000000000000000000000000000000000000000000000000000000000000000000000000000000000000000000000000000000000000000000000000010010000000000000000000000000000000000000000000000110000000000000000000001000000000000000000000000000
000000111000000010000010000000100000000000000001100000001100000000001000000010000000000000000100000000000000000000000000000000000000000000111000000000000000000000000000000000000000000000000000000000001100000011100000000000000000000000100000000000000000000000000000000000000000000000000001110000000000
000000000000000011000110000000100000000000000000000000000001100000001100000110000000000000001010000000000000000000000000000000000000000000000000000000000000000000000000000000000000000000000000000000000000000000000000000000000000000000100000000000000000000000000000000000000000000000000000000000000000
000000000000000000000000000000100000000000000000000000000011100110110011011000100000000000001100000000000000110000000000000000000000000000000000000000000000000000000000000000000000000000110000000000000000000000000000000000000000000000100000000000000000000000000000000000000000000000000000000000000000
000000000000111001101100111000000000000011100000000000000000001010110000100000100000000000000000000000000000110000000000000000000000000000000000000000000000000000000000000000000000000001001000000000000000000000000000000000000000000000000000000000000000000000001100000000000000000000000000000000000000
000110000000001010101010100000000000000000000000000000000000010011000000000000000000000000000000000000000000000000000000000000000000000000000000000000000000000000000000000000000000000001001000000000000000000000110000000000000000000000000000000000000000000000001100000000000000000000000000000000000000
000110000000000011000110000000000000000000000000000000000000011100000000000000000000000000000000000000000000000000000000000000000000000000000000000000000000000000000000000000000000000000110000000000000000000000110000000000000000000000000000000000000000000000000000000000000000000000000000000000000000
