300 300
000000000000001100000000000000000000000000000000000000000000000000000000000000000000000000000000000000000000000000000000000000000000000000000000110000000000000000000000000000000000000000000000000000000000000000000000000001000000000000000000000000000000000000000000000000000000000000000000000000000000
000000000000010010011100000000000000000000000000000001000000000000000000000000000000000000000000000000000000000000000000000000000000000000000000110000000000000000000000000000000000000000000000000000000000000000000000000001000000000000001100000000000000000000000000000000000000000000000111000000000000
000000000000001100000000000000000000000000000000000011100000000000000000000000000000000000000000000000000000000000000000000000000000000000000000000000000000000000000000000000000000000000001101000000000000000000000000000001000000000000010010000000000000000000000000000000000000000000000000000000000000
000000000000000000000000000000000000000000000000000110000000000000000110000110000000000001000000000000000000000000000000000000000000000000000000000000110000000000000000000000000000000000010111010000000000000000000000000000000000000000010100000000000000000000000000000000000000000000000000000000000000
000000000000000000000000000000000000000000000000000110000000000000001001000110000000000010100000000000000000000000000000000000000000000000000000000000110000000000000000000000000000000000010111001100000000000000000000000000000000000000001000000000000000000000000000000000000000000000000000000000000000
000000000000000000000000000000000000000000000010110100000000000000000110000000000000000010100000000000000000000000000000000000000000000000000000101000000000000000000000000000000000000000000000000000000000000000000000000000000000000000000000000000000000000000000000000000000000000000000000000000000000
000000000000000000000000000000000000000000000111000100000000000000000000000000000000000001000000000011110000000000000000000000000000000000000000001000000000000000000000000000000000000000000001000000000000000000000000000000000000000000000000000000000000000000000000000000000000000000000000000000000000
000000000000000000000000000000000000000000001001010001000000000000000000000000000000000000000000000111111000000000000000000000000000000000000000100000000000000000000000000000000000000000000001000000000000000000000001100000000000000000000000000000000000000000000000000000000000000000000000000000000000
000000000000000000000000000000000000000000011111001100000000000000000000000000000000000000001100001011100100000000000000000000000000000000000000001100000000000000110000000000000000000000000001000000000000000000000001100000000000000000000000000000000000000000000000000000000000000000000000000000011000
000000000000000000000000000000000000000000001000000000000000000000000000000000000000000000010010001100000010000000000000000000000000000000000000000000000000000001010000000000000000000000000000000000000000000000000000000000000000000000000000000000000000000000000000000000000000000000000000000000011000
000000000000000000000000000000000000000000000110010000000000000000000000000000000000000000010010000000011100000000000000000000000000000000000000000000000000000000100000000000000000000000000000000000000000000000000000000000000000000000000000000000000000000000000000000000000000000000000000000000000000
000000000000000000000000000000000000000000000010000100001000000000000000000000000000000000001011000000001010000000000000000000000000000000000000000000000000000000000000000000000000000000000000000000000000000000000000011000000000000000000000000000000000000000000000000000000000000000000000000000000000
000000000000000000000000000000000000000000000000110001100100000000000000000000000000000000000000000000000000000000000000000000000000000000000000000000000000000000000000000000000000000000000000100000000000000000000000011000000000000000000000000000000000000000000000000000000000000000000000000000001100
000000000000000000000000000000000000000000000000000000001000000000000000000000000000000000001010000000000000000000000000000000000000000000000000000000000000000000000000000000000000000000000001010000000000000000000000000000000000000000000000000000000000000000000000000000000000001100000000000000001100
000000000001100011000000000000000000000000000000000100010000000000000000000000000000000000001110000000000000000000000000000000000000000000000000000000000000000000000000000000000000000000000000010000000000000000001110000000000001000000000000000000000000000000000000000000000000001100000000011100000000
000000000001100011000000000000000000000000000000000011100000000000000000000000000000000000010011000000000000000000000000000000000000000100000000000100000000000000000010000000000000000000000010001000000000000000000000000000000001000000000000000000000000000000000000000000000000000000000000000000000000
000000000000000000000000000000000000000000110000000000000000000000000000000000000000000000010010000000000000000000000010000000000000001010000000000100000000000000000101000000000011000000000011011000000000000000000000100000000001000000000000000000000000000000000000000000000000000000000000000000000000
000000000000000000001100000000000000000000110000000000000000000000000000000000000000000000001100000000000000000000000010000000000000000110000000000100000000000000000110000000000011000000000011001000000001000000000000100000000000000000000000000000000000000000000000000000000000000000000000000000000000
000000011000000000010010000000000000000000000000000000000000000000000000000000000000000000000000000000000000000000000010000000000000000000000000000000000000000000000000000000000000000000000000110000000110000000000000100000001100011100000000000000000000000000000000000000000000001000000000000000000000
000000011000000000001100000000000000000000000000000000000000000000000000000000000000000000000000000000000000000000000000000000100000000000000000000000000000000000000000000000000000000010000000000000001000000000000000000000001100000000000000000000000000000000000000000000000000001000000000000000000000
000110000000000000000000000000000000000000000000000000000000000000000000000000000000000010000000000000100000000000000000000000100000000000000000000000000000000000000000000000000000001011000000000000001101100000000000000000000000000000000000000000000000000000000000000000000000001000000000000000000000
001001000000000000000000000000000000110000000000000000000000000000000000000000000000000101000000000001010000000000000000000000100000000000000000000000000000000000000000000110000000011001000000000000000000100001100000000010000000000000000000000000000000000000000000000000000000000000000000000000000000
000110000000000000000000000000000000110000000000000000001100000000000000000000000000000101000000000001001000000000000000000000000000000001100000000000000000000000000000000110000000001101100000000000000010111001000000000101000001100000000000000000000000000000000000000000000011100011100000000000000000
000000000110000000110000000000000000000000000000000000001100000000000000000000000000000010000000000000110000000000000000000000001110000001100000000000000000000000000000000000000000000101100000000110000000000000001000000101000001100000000000000000000000000000000000000000000000000000000000000000000000
000000000110000000110000000000000000000000000000000000000000000000000000000000000000000000000000000000000001100000000000000000000000000000000000000000000000000000000000000000000000000010111000000100100000000001010000000010000000000000000000000000000000000000000000000000000000001000000000000000000000
000000000000000000000000000000000000000000000000000000000000000000000000000000000000000000000000000000000010010000000000000000000000000000000000000000000000000000000000000000000000000000011000001000010000000000000000000000000000000000100000000000000000000000000000000000000000001000000000000000000000
000000000000000000000000000000000000000000000000000000000000000000110000000000000000000000000000000000000010010000000000000000000000000000000000000001000000000000100000000000000000000000000000000100010000000000000001100000000000000001000000000000000000000000000110000000000000001000000000000100000000
000000000000000000000000000000000000000000000000000000000000000000101000000000000000000000000000000000000001100000000000000000000000000000000000000011000000000000100000000000000000000000000000000100010000000000000010010000000000010001000000000000000000000000000110000000000000000000000000000100000000
000000000000000000000000000000000000000000000000000000000000000000010000000000000000000000000000000000000000000000000000000000000000000000000000000010100000000000100000000000000000100000000000000010100000000000000001100000000000110001100000000000000000000000000000000000000000000000000000000100000000
000000000000000000000000000000000000000000000000000000000000000000000000000000000000000000000000000000000000000000000000000000000000000000000000000000000000000000000000000000000001111100000110000001000000000000000000000000000001100001100000000000000000000000000000000000000000000000000000000000000000
000000000000000000000000000000000000000000000000000110000000001000000000000000000000000000000000000000000000000000000000000010000000000000000000000000000000000110001110000000000010000000000010000000000000000000000000000000000001100011100000000000000000000000000000000000000000000000000000000000000000
000000000000000000000000000000000000000000000000000110000000001000000000000000000000000000000000000000000000000000000000000101000000000000000000000000000000000110000000000000000001100000000000000000000000000000000000000000000000010010000000000000000000000000000111000000000000000100000000000000000000
000000000000000000000000000000000000000000000000000000000000001000000000000000000000000000000000000000000000000000000000000010000000000000000000000000000000000000000000000000000000110000000000000000000000100000000000000000000000011110000000000000000000000000000000000000000000000100000000000000000000
000000000000000000100000000000000000000000000000000000000000000000000000000000000000000000000000000000000000000000000000000000000000000000000000000000000000000000000000000000000000001000000000000000000001000000000000000000000000000101000000000000000000000000010000010000000000000010000000000000000000
000000000000000001010000000000000000000000000000000000000000000000000000000000000000000110000000000000000000000000000000000000000000000000000000000000000000000000000000000000000000000000000000000000000001111000000000000000000000000110000000000000000000000000010000010000000000000000000000000000000000
000000000000000001001000000000000000000000000000000000000000000000000000000000000000001001000100000000000000000000000000000000000000000000000000000000000000000000000000000000000000000000000000000000000000000100000000000000000000000000000000000000000000000000010000010000001000101111000000000000000000
000000000000000000110000000000000000000000000000000000000000000000000000000000000000000101001010000000000000000000100000000000000001000000000000000000000000000010000000000000000000000000000000000000000000011000000000000000000000000000000000000000000000000000000000000000000110101100000000000000000000
000000000000000000000000000000000000000000000000000000000000000000000000000000000000000010001010000000000000000001010000000000000010100000000000000000000000001101100000000000000000000000000000000000000000010000000000000000000000000000000000000000000000000000000111000000000010100000000000000000001100
000000000000000000000000000000000000000000000000000000000000000000000000000000000000000000000100000000011000000000100000000000000010100000000000000000000000000101000000000000000000000000000000000000000000000000001000000000000000000000000000000000000000000000000000000000000000000000000000000000001100
000000000000000000000000000000000000000000000000000000000000000000000000000000000000000000000000000000011000000000000000000000000001000000000000000000000000000101000000000000000000000000000000000000000000000000001000000000000000000000000000111000000000000000000000000000000000000000000000000000000000
000000000000000000000000000000000000000000000000000000000000000000000000000000000000000000000000000000000000000000000000000000000000000000000000000000000011000010000000000000000000000000000000000000000000000000001000000000000000000000000000000000000000000000000000000000000000000000110000000000000000
000000000000000000000000000110000000000000000000000000000000000000000000000000000000000000000000000000000000000000000000000000000000000000000000000000000100100101000000000000000000000110000000111000000000000000000000000000000000000000000000000000001100000000000000000000000000000001001000000000000000
000000000000000000000000001001000000000000000000000000000000000000000000000000000000000000000000000000000000000000000000000000000000000000000000000000000010100101000000000000000000000110000000100000000000001100000000000000000000000000000000000000001100000110000011000000000000000000110000000000000000
000000000000000000000000000101000000000000000000000000000000110000000000000000000000000000000000000000000000001000010000000000000000000000000000000000000001000010000000000000000000000000000000010000000000001100000000000000000000000000000000000000000000000110000011000000000000000000000000000000000000
000000000000000000000000000010000000000000000000000000000000110000000000000000000000000000000000000000000000001000010000000000000000000000000000000000000000000000000000000000000100000000000000000000000001000000000000000000000000000000000000000000000000000000000000000000000000000000000000000000000000
000000000000000000000000000000000000000000000000000000000000000000000000000000000000000000000000000000000000001000010000000000100000000000000000000000000000000000000000000000011110000000000000000000010101100000000001100000000000000000000000000000000000000000000000000000000000000000000000000000000000
000000000000000000000000000000000000000000000000000000000000000000000000000000000000000000000000000000000000000000000000000011010000000000000000000011001100000000000000000000011001000000000000000000011100110000000010010000000110000000000000000000000000000001000000000000000000000000000000000000000000
000000000000000000000000000000000000000000000000000000000000000000000000000000000000000000000000000000000000000000000111000011010000000000000000000101001100000000000000011000100001000000000000000000010100100000000001100000000110000000000000000000000000000010100000000000000001000000000000000000000000
000000000000000000000000000000000000000000000000000000000000000000000000000000000001000000000000000000000000000000000000000001100000000000000000000010000000000000000000101000011110000000011100000001100011000000000000000000000000000000000000000000000000000010100000000000000000010000000000000000000000
000000000000000000000000000000000000000000000000001100000000000000000000000000000010100000000000000000000000000000000000000000000011000000000000000000000000000000000000010000011000000000000000000001101110000000000000000000000000000000000000000000000000000001000000000000000000110000000000000000000000
000000000000000000000000000000000000000000000000010110000000000000000000000000000010010000000000000000000000001000000000000000000011000000000000000000000000000000000000001100000000001100000000000000001100000000000000000000000000000000000000000000110110000000000000000000000000000000000000000000000100
000000000000000000000000000000000000000000000100110100000000000000000000000000000001100000000000000000000000001000000000000000000000000000000000000000000000000000000000000100000000001100000000000000000000000000000000000000000000000000000000000011110000000000000000000000011110000000000000000000000100
000000000000000000000000000000000000000000001100000100000000000000000000000000000000000000000000000000000000001000000000000000000000000000000000000000000000000000000000001010000000000000000000000000100000000000000000000000000000000000000000000100000101000000000000000011111110000000000000000000000100
000000000000000000000000000000000011000000001010000100000000000000000000000000000000000000000000000000000000000000000000000000011000000000000000000000000000110000000000000100000000000000000000000010010001100000101000000000000000110000000000001000010001000000000000000011111110000000000000000000000000
000000000000000000000000000000000110000000000001101100110000000000000000000000000000000000000000000000000000000000000000000000011000000000000000000000000001001000000000000100001000000000000000010111110010010001000000000000000000110000000000000100101011000000000000000100000000000000000000000000000000
000000000000000000000000000000000110000000000000001100110000000000000000000000000000000000000000000000000000000000000000000000000000000000000000000000000000110000000000000000001000000000000000010000100010001111100100000000000000000000000000000001111010000000000000000000000000000110000000000000000000
000000000000000000000000000000000110000001010000000000000000000000000000000000000000000000000000000000000000000000000000000000000000000000000000000000000000000000000000000000010100000000000000011101000000000001010100000000000000000000000011010001100000000000000000000011110001111100000000000000000000
110000000000000000000000000000010110000000100000000000000000000000000000000000000000000011000000000000000000000000000000000000000000110000000000000000000000000000110000000000001000000000000000000000000001100110000000000000000000000000000011010000010000000000000000000001110001111000000000000000000000
110000000000000000000000000000101001100010001100000000000000000000000000000000000000000011000000000000000000000000000000000000000001001000000000000000000000000000110000000000001100000000000000000010000001110000000000000000000000000000000100000000010001000000000100000000001000110000000000000000000000
000000000000000000000000000000110001101110110011000000000000000000000000000000000000000000000000000000000000000000000000000000000000110000000000000000000000000000000000000110000010000000000000000010100010010000000000000000000000000000001000000000001110000000001010000001101100000000000000000000000000
000000001100000000000011000000000000001100101000100000000000000000000000000000000000000000000000000000000000000000000000000000000000000000000000000000000000000000000000011110000101000000000000000000000011100000000000000000000000000000000100000111010010010000011011000001110000000000000000000000000000
000000010010000000000011000000000000000011100101000000000000000000000000000000000000000000000000000000000000000000000000000000000000000000000000000000000000000000000000100001000110000000000000000000000000000000000000000000000000000000000011101100100001100000001001000011100000000000000000000000000000
000000001100000000000000000000000000000101110001000000000000000000000000000000000000000000000000000000000000000000000000000000000000000000000000000000000000000000000000100110000000000000000000000000000000000000000000000000000000000000000000000000000000000000000100100011000011100000000000000000000000
000000000000000000000000000000000000001011111100000000000000000000000000000000000000000011000000000000000000000000000000000000000000000000000000000000000000000000000000011110000000000000011000000000000000000000000000000000000000000000000000011000000000000000001001000000100010010000000000000000000000
000000000000000000000000000000000000000100001000000000000000000000000000000000000000000011000000000000000110000000000000000000000000000000000000000000000000000000000000001000000000011000011000000000000000000000000000000000000000000000000000000011100000000000001001000000000011000000000000000000000000
000000000000000000011100000000000000000000000000000000000110000000000000000000000000000000000000000000000110000000000000000000000000000000000000000000000000000000000000000000000000010100000000000000000000000000000000000000000000000000000001000010011010000000000110000000000000000000000000000000000000
000000000000000000000000000000000000000000000000000000001001000000000000000000000000000000000000000000000000000000000000000000000000000000000000000000000000000000000000110000000000001100000000011100000000000000000000000000000000000000000001001000011111000000000011000000000000000000000000000000000000
000000000000000000000000000000000000000000000000000000000110000000000000000000000000000000000000000000000000000000000100000000000000000000000000000000000000000000000000110000000000000000000000000000000000000000000000000000000000000000000001001001111011000000000001100000000000000000000000000000000000
000000000000000000000000010000000000000000000000000000000000000000000000000000000000000000000000000000000000000000001010000000000000000000000000000000001100000000000000000000000000000000000000000000000000000000000000000000000000000000000000011000001100000000000001011100000000000000000100000000000000
000000000000000000000000101000000000000000000000000000000000001000000000000000000000000000000000000000000000000000001001000000000000000000000000000000001100000000000000000000000000000000000000000000000000000000000000000000000000000000100000000110110000000000001110011010000000000000001010000000000000
000000011000000000110000010000000000011000000000000000000000010100000000000000000000000000000000000000000000000100000110000000000000000000000000000000000000000000000000000000000000000000000000000000000000000000000000000000000000000000100000000101010000000000000100011010000000000000001010000000000000
000000011000000001010000000000000000011000000000000000000000100100000000000000000000000000000000000110000000001010000000000000000000000000000000000000000000000000000000000000000000000000000000000000000000000000000000000000000000000000100000000000000000000000000000011010000000000000000100000000000000
000110000001000000100000000000000000000000000000000000000000011000000000000000000010100000000000000110000000001010000000000000000000000000000000000000000000000000000001000000000000000000000000000000000000000000000000000000000000000000000000000011100000000000000000111000000000000000000000000000000000
000110000001000000000000000000000000000000000000000000000000000000000000000000110000000000000000000000011100000100000000000011100000000000000000000000000000000000000001000000000000000000000000000000000000000000000000000000000000000000000000000000000000000000011110001000000000000011000000011000000000
000000000001000000000000000000000000000000000000000000000000000000000000000001001000000000000000000000000000000000000000000000000000000000000000000000000000000000000001000000000000000000000000000000000000000000000000000000000000000000000000000000000000000001000000001000000000000100100000100100000000
000000000000000000000000000000000000000000000000000000000000000000000000000011101100000000000000000000000000000000000000000000100000000000000000000000000000000000000000000000011001100000000001000000000000000000000000000000000000000000000000000000000000000001000000001110000000000011000000011000000000
000000000000000000000000000000000000000000000000000000000000000000000000000011001110000000000000000000000000000000000000000001010000000000000000000000000000000000000000000000011001100000000010100000000000000000000000000000000000000000000000000000000000000000001001000000100001100000000000000000000000
000000000000000000000000000000000000000000000000000000000000000000000000000010001110000000000000000000000000000000000000000000110000000000000000000000000000000000000000000000000000000000000001100000000000001000000000000000000000000000000000000000000000000001110111000001000001000000000100000000000000
000000000111000000000000000000000000000000000000000000000000000000000000000000001110000000000000000000000000000000000000000001011000000000000000000000000000000000000000000000000000000000000000000000000000010100000000000000000000000000000110000000000000000000000001010001000000000000001010000000000000
000000000000000000000011100000000000000000000000011100000000000000000000000001110000000000000000000000000000000000000000000000000000000000000000000000000000000000000000000000011000000000110000000000000000010100000000000000000000000000000110000000000000000000110001100000000000000000001010000001100000
000000000000000000000100010000000000000000000000000000000000000000000000000000000000000000000000000000000000000000001100000000000000000000000000000000000000000000000000000000011000000001001000000000000000001000000000000000000111000000000000000000000000000000101001100110000000000000000100000001100000
000000000000000000000100001000000011000000000001000000000000000000000000000000000000000000001100000000000000000000011000000100000000000000000000000000000000000000000000000000000000000000110000000000000000000000000000000000000000000000000000000000000000000000010101000010000000110110000000000000000000
000000000000000001111111010000000010100000000001000000000111000000000000000000000000000000001100000000000000000000001000000100000000000000000000000000000000000000000000000000000000000000000000000000000000000000000000000000010000010000000000000000000000000000100011000100000000000001000000000000000000
000000000000000010011000110000000001000000000001000000000101000000000000000000000000000000000000000000000000000000000000000100000000000000000000000000000000000000000000000000000000000000000000010000000000000000000000000000010000010000000000000000000000000000100010000100000000110001000000000000000000
000000000000000001110111001000000000000000000000000000001001000000000000000000000000000000000000000000000000000000000000000000000000000000000000000000001000000000000000000000000000000000000000101000000000000000000000000000010000010000000000000000000000000000011000000000000000001100000000000000000000
000000000111000000001000001000000000000000000000000000001010000000000000000000000000000000000000000000000000000000000000000000000000000000000000000000001000000000000000000000000000000000000000101000000000000000000000000000000000000000000000000000000000000000000010000000001100000111000000000000000000
000000000000000000001000000000000000000000000000000000001110000000000000000000000000000000000000000000000000000000000000000000000000000000000000000000001000000000000000000000000000000000000000010000000000000000000000000000000111000000000000000000000000000000000010001000010100000001000000000000000000
000000000000000000000100000000000000000000000000000000000000000000000000000000000000000000000000000000000000000000000000000000000000000000000000000000000000000000000000000000000000000000000000000000000000000000000000000000000000000000000100000000000000000000000000000000010000000000000000000000000000
000000000000000000000010111000000000000000000000110000000010000000000010000000000000000000000000000000000000000000000000000000000000000000000000000000000000000000000000000000000000000000000000010000000000000000000000000000000000000000000101000000000000000000000000110000010100001000000000000000000000
000000000000000000000000000000000000000000000001001000000010100000000111000000000000000000000000000000000000000000000000000000000000000000000000000000000000000000000000000000000000000000000000101000000000000000000000000000000000000000000110000000000000000000000000000000000100010100000000000000000000
000000000000000000000000000000000000000000000001001000000010000000001111100000000000000000000000000000000000000000000000000000000000000000010000000000000000000000000000000000000000000000000000101000000000000000000000000000000000000000000000000000000000000000000000000000001000010100000000000000000000
000000000000000000000000000000000000100000000001001000000000000000010000010000000000011100000000000000000000000000000000000000000000000000010000000000000000000000000000000000000000000000000000010000000000000000000000000000000000000000000000000000000000000000000000010000000000001000000000000000000000
000000000000000000000000000000000001010000000000110000000000000000110010011000000000110100000000000000000000000000000000000000000000000000010000000000000000000000000000000000001000000000000000000000000000000000000000000000000000000000000000000000000000000000000001001000000000000000000000000000001100
000000000000000000000000000000000000100000000000000000000000000001110101011100000000110100000000000000000000000000000000000000000000000000000000000000000000000000000000000000001000000000000000000000000000000000000000000000000000000000000000000000000000000000000001001000000000000000000000000000001100
000110000000000000000000000000000000000000000000000000000000000000110010011000000000101110000000000000000000000000000000000000000000000000000000000000000000100000000000000000001000000000000000000000000000000000000000000000000000000000011100000000000000000000000000100000000000000000000000000000000000
000110000000000000000000000000000000000000000000000000000000000000010000010000000001111001000000000000000000000000000000000000000000000000000000000000000001010000000000000000000000000000000000000000000000000000000000000000000000000000000000000000000000110000000000000000000000000000000000000000000000
000000000000000000000000000000000000000000000000000100000000000000001111100000000010011000101100000000000000000000000011000000000000000000000000000000000000100000000000000000000000000000000000000000000000000000000000000000000000000000000000000000000000110000000000000000000000000000000000000000000000
000000000000000000011100000000000000000000000000001010000000000000000111000000000000101101001110000000000000000000000110000000000000000000000000000000000000000000000000000000000000000000000000000000000000000000000000000000000000000000000000000000000000000000000000000000000000000000000000000000000000
000000000000000000000000000000000000000000000000001101100000000000000010000000000010100000011100000000000000000000000110011000000000000000000000000000000000000000000000000000000000000000000000000000000000000000000000000000000000000000000000000100000000000000000000000000000000000000000000000000000000
000000000000000000000000000000000000000000000000001101100000000000000000000000000000000000101100000000000000000000000101000000000001100000000000000000000000000000000000000000000000000000000000000000000000000000000000000000000000000000000000001010000000000000000000000000000000000000000000100000000000
000000000000000000000000000000000000000000000000000100000000000000000000000000000000000000101001100000000000000000001001000000000001100000000000000000000000000000000000000000000000000000000000000000000000000000000000000000000000000000000000001100000000000000000000000000000000000000110001100000000000
000000000000000000000000000000000000000000000000000011100000000000000000000000000000000110010000110000000000000000000101000000000000000000000000000000000000000000000000000000000000000000000000000000000000000000000000001100000000000000000000000000000000000000000000000000000000000000110001100000000000
000000000000000000000000000000000001100000000000000000100000000000000000000001100000001000000100100010000000000000000010000111000000000000000000000000000000000000000000000000000000000000000000000000000000000000000000010010111000000000000000000000000000000000000000000000000000000000000001000000000000
000000000000000000000000000000000001100011000000000000000000000000000000000001100000000110001000000101000000000000000000001000100000000000000000000000000000000000000000000000000000000001100000000000000000000000000000000001100000000000000000000000000000000000000000000000000000000000000000000000000000
000000000000000000000000000000000000000110100000000000000000000000000000000000000001100000001000100000000000000000000000001100010000000000000000000000000000000000000000000000000000000001100000000000000000000000000000010000001111100000000000000000000000000000000000000000000000000000000000000000000000
000000000000000110000000000000000000000110000000000011000000000000000000000000000001100000001000110000000000000000000000000000010000000000000000000000000000010000000000000000000000000000000000000000000000000000000000010010101111110000000000000000000000000000000000000000000000000000000000000000000000
000000000000000110000000000000000000000000000000000100100000000000000000000000000000000000000000110110000000000000000000000010001100000000000000000000000000101000000000000000000000000000000000000000000000000000000000010000110000001000000000000000000000000000000000000000000000000000000000000000000000
000000000000000000000000000000000000000000000000000010100000000000000000000000000000000000000000001000000000000000000000000000001010000000000000000000000001001000000000000000000000000000000000000000000000000000000000001000000000101100000000000000000000000000000000000000000000000000000000000000000000
000000000000000000000000000000000000000000000000000001000000000000000000000000000000000000000000000000000000000000000000011110001010000000000000000000000000110000000000000000000000000000000000000000000000000000000000000111000110101100000000000000000000000000000000000000000000000000000000000000000000
000000000000000000000000000000000000000000111100000000000000000000000000000000000000000000000000000000000000000000000000000001011100000000000000000000000000000000000000000000110000000000000000000000000000000000000111000000001000111000000000000000000000000000000000000000000000000000000000000000000000
000000000000000000000000000000000000000000110010000000000000000000000000000000000101000000000000000000000000000010000000010100000000000000000000000000000000000000000000000000101000000000000000000000000000000000000000000000001000001000000000000000000000000000000000000000000000000000000000000000000000
000000000000000000000000000000000000000000000100000000000000000000000000000000000110000000000000000000000000000101000000001000000000000000000011000000000000000000000000000000010000000000000000000000000000000000000000000000000100011000000000000000000000000000000000000000000000000000000000000000000000
000000000000000000000000000000000000000000000000000000000000000000000000000000001100000000000000000000000000000010000000000000000000000000000011000000000000000000000000000000000000000000000000000000000000000000000000000000000001110000000000000000000000000000000000000000000000000000000000000000000000
000000000000000000000000000000000000000000000000000000000000000000000000011000100100000000000000000000000000000000000011100000000000000000000000000000000000000000000000000000000000000000000000000000000000000000000000000000000000000000000000000000000000000000000000000000000000000000000000000000000000
000100000000000000000000000000000000000000000000000000000000000000000000011000011000000000000000000000000000000000000110000110000000000000000000000000000000000000000000000000000000000000000000000000000000000000000000011000000000000000000000000000000001100000000000000000000000000000000000000000000000
001010000000000000000000000000000000000000000000000000000000000000000000000000000000000000000000000000000000000000001000000001000000000000000000000000000000000000000000000000000000000000000000000000000000000000000000100100000000011000000000000000000001100000000000000000000000000000000000000000000000
001100000000000000000000000000000000000000000000000000000000000000000000000000000000000000000000000000000000000000000111100000000000000000000000000000000000000000000011000000000000000000000000000000000000000000000000011000000000011000000000000000000000000000000000000111000000000000000000000000000000
000000000000000000000000000000000000000000000000000000000000000000000000000000000000000000000000000000000000000000000000000011000000000000000000000000000000000000000100100000000000000000000000000000000000000000000000000000000000000000000000000000000000000000000000000000000000000000000000000000000000
000000000000000000000000000000000000000000000000000000000000000000000000000000000000000000000000000000000110000000000000000000000000000000000000000000000000000000000011000000000000000000000000000000000000000000000000000000000000000000000000000000000000000000000000010000000000000000000000000000000000
000000000000000000000000000000000000000000000000000000000000000000000000000100000000000000000011000000000110000000000000000000000000000000000000000000000000000000000000000000000000000000000000000000000000000000000000000000000000000000000000000000000000000000000000010000000000000000000000000000000000
000000000000000000000000000000000000000000000000000000000000000000000000010010000000000000000011000000000000000000000000000000000000000000000000000110000010000000000000000000000000000000000000000000000000000000000000000001100000000000000000000000000000000000000000010000000000000000000000000000000000
000000000000000000000000000000000000000000000000000000000000000001110000000000000000000000000000000000000000000100000000000000000000000000000000000110000101000000000000000000000000000000000000000000000000000000000000000001100000000000000000000000000000000000000000000000000100000000000000000000000000
000000000000000000000000000000000000000000000000000000000001110010010000000000000000111000000000000000000000001010000000000000000000000000000000000000000101000000000000000000000000000000000000000000000000000000000000000000000000000000000000000000000000000000000000000000001010000000000000000000000000
000000000000000000000000000000000000000000000000000000000001110011010000001101000000000000000000000100000000001001000000000000000000000000000000000000000010000000000000000000000000110000000000000000000000000000000000000000000000000000000000000000000000000000000011100000010001000000000000000100000000
000000000000000000000000000000000000000000110000000000000010010101000000000010000010000000000000001110000000000110000000000000000000000000000000000000000000000000000000000000000000110000000000000000000000000000000110001000000000000000000000000000000000000000000010010000010010000000000000001010000000
000000000000000000000000000000000000000001001000000000000001110010000000000011000010001100000000000001000000000000000000000000000000000000000000000001100000001100000000000000000000000001000000000000000000000000000110010100000000000000000000000000000000000000000110110000111100101000000000001010000000
000000000000000000000000000000000000000000110000000000000001101100010000000011000000001110000000000110000000000000000000000000000000000000000000000010010000010010000000000000000000000010100000000000000000000000000000010010000000000000000000000000000000000000011100000000011001000100000000000100000000
000000000000000000000000000000000000000000000000000000000000001101010000000010100000100000000000000000000000000000000000000000000000000000000000000001100000001100000000000000000000000011000000000000000000000000000000001100000000000011100000000000000000000000010100000000000011000100000000000000000000
000000000001100000000000000000000000000000000000000000000000000011100000000001000000111000000001000000000000110000000000000000000000000000000000000000000000000000000000000000000000000000000000000000000000000000000000000000000000000000000000000000000000000000010100000001100001010100000000000000000000
000000000001100000000000000000000000000000000000000000000000000000000000000000000000000000000000100000000000110000000000000000000000000010000000111000000010000000000000000000000000000000000000000000000000000000000000000000000000000000000000000000100000000000001100000001100000110000000000000000000000
000000000000000000000000111000000000000000000000000000000000000000000000000000000000000000010001000000000000000000000000000000000000000101000000000000000101000000000000000000000000000000000001100000000000000000000000000000000000000000000000000001010000000000000001110000000000000000000000000000000000
000000000000000000000000000000000000000000000000000000000000000000000000000000000000000000010000000000000000000000000000000000000000000110000000000000000101000000000000000000000111000000000010010000000000000000000001000000000000000000000000000001010000000000000000000000000000000000000000000000000000
000000000000000100000010000010000000000110000000000000000000000000000000000000000000000000010000000000000000000000000000000000000000000000000000000000000010000000000000000100000000000000000001100000000001100000000010100000000000000000000000000000100000000000000000000000001000000000000000000000000000
000000000000001010000010000010000000000110000000000000000011000000000000000000000000000000000000000000000000000000000000000000000000000000000000000000000000000000000000001010000000010000000000000000000001100000000010100000000000000000000000000000000000000000000000000000010100000000000000000000000000
000000000000010010000010000010000000000000000000000000000011000000000000000000000000000000000000000000000000000000000000000000000000000000000000000000000000000000000000001010000000010000000000000000000000000000000001000000000000000000000000000000000000000000000000000000100100000000000000000000000000
000000000000001100000000000000000000110000000000000000000000000000000000000000000000000000000000000000000000000000000000000000000000000000000000000000000000000000000000000100000000010000000000000000000000000000000000000000000000000000000000000000000000000000000000000000011000000000000000000000000000
000000000000000000000000111000000000110000000000000000000000000000000000000000000000000000000000000000001000000000000000000000000110000000000000000000000000000000000000000110000000000000000000000000000000000000000000000000000000000000000000000000000000000000000000000000000000000000000000000110000000
000000000000000000000000000000000000000000000000000000000000000000000000000000000000000000000000000000001000000000000000000000001001000000000000000000000000000000000000001000000000000000000000000000000000000000000000000000000000000000000000000000000000000000000000000000000000000000000000000110000000
000000000000000000000000000000000000000000000000000000000000000000000000000000000000001100000000000000001000000000000000000000000110000000000000001000000000000000000000001000110000000000000000000000000000000000001100000000000000000000000000000000000000000000000000000000000000000000000000000000000000
000000000000000000000000000000000000000000000000000000000000000000000000000000000000001100000000000000000000000000000000000000000000000000000000001000000000000000000000010000110000000000000000000000000000000000010010000000000000000000000000000000000000000000000000000000000000000000000000000000000000
000000000000000000000000000000000000000001100000000000000000000000000001100000001100000000000000000000000000000000000000000000000000000000000000001000000000000000000000011000001000000000000000000000000000001000001100000000000000000000000000000000000000000000000000000000000000000000001100000000000000
000000000000000000000000000000000000000010010000000000000000000000000010010000010010000000000000000000000000000000000000000000000000000000000000000000100000000000000000000000001000000000000000000000000000010100000000000000000000000001000000000000000000000000000000000000000000000000001100000000000000
000000000000000000000000000000000000000001010000000000000000000000000001100000001100000000000000000000000000000000000000000000000000000000000000000001010000000000000000010100010000000000000000000000000000010100000000000000000000000001000000000000000000000000000000000000000000000000000000000000000000
000000000000000000000000000000000000000000100000000000000000000000000000000000000000000000000000000000000000000000000000000000000001110000000000000001100000000000000000000000100000000000000000000000000000001000100000000000000000000001000000000000000000000000000000000000000000000000000000000000000000
000000000000000000100000000000000000000000000000000000000000000000000000000010000000000000000000000000000000000000000000000000000000000000000000000000000000000000000000000000000000000000000000000000000000000000100000000000000000000000000000000000000000000000000000000000000000000000000000000000000000
000000000000000001010000000000000000000000000000000000000000000000000000000101000000000000000000000000000000000000000000000000000000000100000000111000000000000000000000100110000000000000000000000000000000000000100000000000000000011100011100000000000000000000000000000000000000000000000000000000000000
000000000000000001001000000000000000000000000000000000000000111000000000000101000000000000000000000000000000000000000000000000000000000100000011100100000000000000000000101011000000000000000000000000000000000000000000000000000000000000000000000000000000000000000000000000000000000000000000000000000000
000000000000000000110000000000011000000000000000000000000000000000000000000010000011000000000000000000000000000000000000000000000000000100000100100010000000000000000000010000000011100000000000000000000000000000000000000000000000000001000000011000000000000000000000000000000000000000000000000000000000
000000000000000000000000000000100100000000000000000000000000000000000000000000000011000000000000000000000000000000000000000000000000000000001001000010000000100000000000000000000000100000000000000000000000000000000000000000000000000001000000011000000000000000000000000000000000000000000000000000000000
010000000000000000000000000000101000000000000000000000000000000000000000000000000000000000000000000010000000000000000000000000000000000000000110000110000001010000000000000000001101100000000000000000000000000000000000000000000000000001000000000000000000000000000000000000000000000000000000000000000000
101000000000000000110000000000010000000000000000000000000000000000000000000000000000000000000000000101000000000000000000000000000000000000000000100100000000110000000000000000000001000000000000000000000000000000000000000000000001000000000000000000000000000000000000000000000000000000000000000000000000
101000000000000000110000000000000000000000000000000000000000000000000000000000000000000000000000000101000000000000000000000000000000000000000000110000000000000000000000000000001010000000000000000000000000000000000000000000000001000000000000000000000000000000000000000000000000000000000000000000000000
010000000000000000000000000000000000000000000000000000011000000000000000000000000000000000000000000010000000000000000000000000000000000000000001000000000000000000000000000000000100000000000000000000000000000000000000000000000001000000010000000000000000111000000000000000000000000000000000000000000000
000000000000000000000000000000000000000000000000000000011000110000000000000000000000000000000000000000000000000000000000000000000000000000001000101000001100000000000000000000000000000000000000000000000000000000000000000000000000000000101000000000000000000000000000000000000000000000000000000000000000
000000000000000000000000000000000000000000000000000000000000110000000000000000000000000000000000000000000000000000000000000000000000000000110110010000010110000000000000000000000000000000000000000000000000000000000000000000000000011100101000000000000010000010000000000000000000000000000000000000000000
000000110000000000000000000000000000000000000000000000000000000000000000000000000000000000000000000000011000000000000000000000000000000001110000000000110100000000000000000000000000000000000000000000000000000000000000000000000000000000010000000000000010000010000000000000000000000000000000000000000000
000000110000000000000000000000000000000000000000000000000000000000000000000000000000001100000000000000011000000000000000000011100000000001101000011100010000000000000000000000000000000000000000000000000000000000000000000000000000000000000000011000000010000010000000000000000000000000000000000000000000
000000000000000000000000000000000001110000000000000000000000000000000000000000000000001100000000000000000000000000011000000001000000000000101100100000000000000000000000000000000000000000000100000000000000000000000000000000000001000000000000011000000000000000000000000000000000000000000000000000000000
000000000000000000000000000000000000000000000000000000000000000000000000000000000000000000000000000000000000000000011000000000000000000000001011100000000000000000000000000000000000000000000100000000000000000000000000000000000010100000010000000000000000111000000000000000000000000000000000000000000000
000000000000000000000000000000000000000000000000000000000000000000000000000000000000000000000000000000000000000000000000000000000000000000000000000000000000000000000000000000000000000000000100000000000000000000000000000000000100100000010000000000000000000000000000000000000000000000000000000000000000
000000000000000000000000000000000000000000000000000000000000000000000000000000000000000000000001110000000000000000000000000000000000000000000110001000000000000000000000000000000000000000000000000000000000000000000000000000000011000000010000000000000000000000000000000000000000000000000000000000001000
000000000000000000000000000000000000000000010000000000000000000000000000000000001110000000000001010000000000000000000000000000000000000000000000110000000000000000001000000000100000000001110000110000000010000000000000000000000000000000000000000000000000000000000000000000000000000000000000000000010100
000000000000000000000000000000000000000000110000000000000000000000000000000000000000000000000000010000000000000000000000000000000110000000000000000000000000000000010100000001010000000000000000110000000000001000000000000000000000000111000111000000000000000000000000000000000000000000000000000000010100
000000000000000000000000000000000000000000110000000100000000000000000000000000000000000000000011010000000000000000000000011000000110000000000000000000000000000000010100000001010000000000000000000000000100000100000000000000000000000000000000000000000000000000000000000000000000000000000000000000001000
000000000000000000000000000000000000000000100000001010000000000000000000000000000000000000000100000100000000000000100000010100111100000000000000000000000000000000001000000000100000000000000000000000000000000000000000000000000000000000010000000000000000000000000000000000000000000000000000000000000000
000000000000000000000000000000000011000000000000000110000000000000000001000000000000000000000010000010000100000000100000010000011000000000000000000000000000000000000000000000000000000000000000000000000011011000000000000000000000000000010000000000000000000000000000000000000000000000000000000000000000
000000000000000000000000000000000011000000000000000000000000000000000010100000000000001110000001101011001010000000100000001000010000110000000000000000000000000000000000000000000000000000000000000000001110001000000000000000000000000000010000000000000000000000000000000000000000000000000000000000000000
000000000000000000000000000000000000000000000000000000000000000000000010100000000000000000000000001010001001000000000000000000100000110000000000000000000000000000000000000000000000000000000000000000001110001000000000000000000000000000000000000000000000000000000000000000000000000000000000000000000000
000000000000000000000001000000000000000000000000000000000000000000000001000000000000100000100000010110000110001100001110000000000000000000000000000000000000000000000000000000000000000000000000000000000111000100000000000000000000000000000000000000000000000000000000000000000000000000000000000001100000
000000000000000000000001000000000000000000000000000000000000000000000000000000000000100000100000010100000000001100000000000000000000000110000000000000000000010000000000000000000000000000000000000000000011000010000000000000000000000000000000000000000000000000000000000000010000000000000000000001100000
000000000000000000000001000000000000000000000000000000000000000110000000000000000000100000100000001000000000000000000000000000000000000110000000000000000000101000000000000000000000000000000000000000000110110010000000000000000000000000000000000000000000000000000000000000101000000000001110000000000000
000000000000000000000000000000000000000000000100000000000000000110000000000000000000000000000001000000000000000000000000000000000000000000000000000000000000101000000000000000000000000000000000000000000010101100000000000000000000000000000000000000000000000000110000000000101000000000000000000000000000
000000000000000000011100000000000000000000001010000000000000000000000000000000000000001110000100010000000110000000000011000000000000000000000000000000000000010000000000000000000000000000000000001000000011000000000000000000000000000000000000000000000000000001001000000000010000000000000000000000000000
000000000000000000000000000000000000000000000110000111000111000000000000000000000000000000000100010000000110000000011000010000000000000000000000000000000000000000000000000001110000000000000000011101110011100000000000000000000000000000000000000000000000000000110000000000000000000000000000000000000000
000000000000000000000000000000000000000000000000000000000000000000000000000000000000000000001000100000000000000000010000011000000000000000000000000000000000000000000000000001110000000000000000010010111010110000000000000000000000000000000000000000000000000000000000001100000001100000000000000000000000
000000000000000000000011000000000000011000000000000000010000000000000000000000000000000000000110000000000000000000110000000100000000000000000000000000000000000000000000000001011100000000000000110111000101000000000000000000000000000000000000000000000000000000000000010010000001100000000000000000000000
000000000000011100000011000000000000100100000000000000010000000000000000000000000000000000000111000000000000000000010101111000000000000000000000000000000000000000000000010000000000000000000000110000001001000000000000000000000000000000000000000000000000000000000000001100000000000000000000000000000000
000000000000000000000000000000010001001000000000000000010000000000000000000000000000000000000000000000000000000000001100010000000000000000000000000110000000000000000000101000000000000000000000110100000000000000000000000000000000000000000000000000000000000000000000000000000000000000000000000000000000
000000000000000000000000000000010000110000000000000000000000100000000000000000000000000000000000000000000000000000000000000000000000111000000000000110000000000000000001000000000000100000000000001010001110000000000000000000000000000000000000000000000000000001100000000000000000000000000000000000000000
000000000000000000000000000000010000000000000000000000000000100000000000000000111000000000000000000000000000000000000000000000000000100100000000000000000000000000000001001000000010010000000000001100111000000000000000000000000000000000000000000000000000000001100000000000110000000000000000000000000000
000000000000000000000000000000000000000000000000000000000000100000000000000000000000000000000000000000000000000000000000000000000001000100000000000000000000000000000000001000000010001000000001001100000000000000000000000000000000000000000000000000011000000000000010000000110000000000000000000000000000
000000000000000000000000000111000111000000000000000000000000000000000000000000000000000000000000000000000000000000000000000000000001100000000000000000000000000000000000001000000111101000000001000100010000000000000000000000000000000000000000011000010100000000000101000000000000000000000000000000000000
000000000000000000000000000000000000000000000000000000001110000010000000000000000100000000000000000000000000000000000000000000000000101000000000000000000000000000000000000000011000000000000001000100100000000000000000000000000000000000000000100100001000000000001010000000000000000000001100000000000000
000000111000000000000000000000010000000000000000000000000000000001000000000000001010000000000000000000000000000000000000101000000000011011000000000000000000000000000000000010101100000000000000000011100001000000000000000000000000000000000000101000000000000000001100000000000000000000001100000000000000
000000000000000000000000000000010000000000000000000000000000100011100000000000001010000000000000000000000000000000000101101000000000001001000000000000000000000000000001100010111100000000001000000000000001000000000000000000000000000000000000010000000000000000000000000000000000000000000000000000000000
000010000010000000000000000000010000000000000000000000000000100000100000000000000100000000000000000000000000000000001100001000000000000110000000000000000000000000000000001101000000000000011100000000000000000000000000000000000000000000000000000000000000000000000000000000000000011000000000000000000000
000010000010000000000110000000000000000000000000000000000000100001110000000000000000000000000000000000000000000000001101110000000000000000000000000000000000000000000000000000000000000000100010000000000000000000000000000000000000000000000000000000000000000000000000000000000000011000000000000000000000
000010000010000000000110000000000000000000000000000000000000000010100000000000000000000000000000000000000000000000000000011100000000000000000000000000000000000000000000000000000000000000101100000000000000000000000000000000000000000000000000000000000000000000000000000000000000000000000000000000000000
000000000000000000000000000000000000000000000000000000000000000011000000000000000110000000000000000000000000000000000000000101000000000000000000011100000000000000000000000000000000000000011100000000000000000000000000000000000000000000000000000000000000000000000000000000000000000000000000000000000000
000000111000000000000000000000000000000000000000000000000000000000000000001000000110000000000000000000000000000000000000001001000000000000000000000000000000000000000000000000000000000000000000000000000000000000000000000000000000000000000000000000000000000000000000000000000000000000000000001000000000
000000000000000000000000000000000000000000000000000000000000000000000000001100000000000000000000000000000000000000000000000101000000000000000001000001000000000000000000000000000000000000000000000000000000000000000000000000000000000000000000000000000000001100000000000000000000000000000000010100000000
001000000000000000000000000000000000000000000000000000000000000000000000000010000000000000000000000000000000000000000000000000000000000000000001000001000000000000000000110000000000000000001100000000000000000000000000000000000000000000000000000000000000001100000000000000000000000000000000010100000000
001000000000000000000000000000000000000000000000000000000000000000000010000110000000000000000000000000000000000000000000000000000000010000000001000001000000000000000000110000000000000000001100110000000000000000000011000000000000000000000000000000000000000000000000000000000001000000000000001000000000
001000000000000000000000000000000000000000000000000000000000000000001110000000000000000000000000000000000000001100000000000000000000010000000000000000000000000000000000000000000000000000000000100100000000000000000100100000000000000000000000000000000000000000000000000000000001000000000000000000000000
000000011000000000000000000000000110000000000010000000000000000000000100000000000000000000000000000001100000010010000000000000000000010000000000011100000000000000000000000000000000000000000011000010000000000000000011000000000000000000000000000000000000000000000000000000000001000000000000000000000000
000000100100000000000000000000000110000000001100100000000000000001010110000000000000000000000000000000110000010100000000000000000000000000000000000000000000000000000000000000000000000000000000101010001100000000000000000000000000000000000000000000000000000000000000000000000000000000000000000000000000
000000010100000000000000000000000000000000001110100000000000000000100000000000000000000110000000000001000000001000000000000000000000000000000000000000000000000000000000000000000000000000000000100110010010000000000000000000000000000000000000000000000000000000000000000000011100011100000000000010000000
000110001000000000000000000000000000000000011000000000000000000000000000000000000000001001000000000000000000000000000000000000000000000000000000000000000000000000000000010000000000000000000100100000001100000000000000000000000000000000000000000000000000000000000000000000000000000000000110000101000000
000110000000000000000000000000000000000000000100000000000000000000000000000000000000000110000000000000000000000000000000000000000000000000000000000000000000000000000000101000000000000000000101000000000000000000000000000000000000000000000000110000000000001000000000000000000001000000000110000101000000
000000000000000000000000000000000000000000000000000000000000000000000000011100000000000000000000000000000000000000000000000000000000000000000000000000000000000000000000101000000000000000000000000000000000000000001110000000000000000110000000110000000000010100000000000000000001000000000000000010000000
000000000000000000000000000000000000000000000000000000000000000000000000100011000110000000000000000000000000000000000000000000000000000000000000000000000000000000000000010000000000000000000000000000000000000000000000000000000000000110000000000000000000101000000000000000000001000000100000000000000000
000000000000000000000000000001110000000000000000000000000000000000000000010000000001000000000000000000000000000000000010000000000000000000000000000000000000000000000000000000000000000000000111000000000011000000000100000000000000000000000000000000000000110000000000000000000000000000100000000000000000
000000000000000000000000000000000000000000000000000000000000000000000000011111000100000000000000000000000000001100000010000000001000000000000000000000000000000000000000000000000000000000000000000000000011000000111000000000000000000000000000000000000000000000000000000000000000000000100000000000000000
000000000000000000000000000000000000000000000000000000000000000000000001110011101000000000000000000000000000010100000010000000010100000000000000000000000000000000000000000000000000000000010000010000000000100000100000000000000000000000000000000000000000000000000000000000000000000000000000000000000000
000000000000000000000000000000000000000000000000000000000000000000000001000000011111000000000000000000000000001000010000000000001000000000000000000000000000000000000000000000000000000000010000010000000000100001000100000000000000000000000000000000000000000000000000000000000000000000000000000000000000
000000000000000000000000000000000000000000000000000000000000000000000000000000010110000000000000000000000000000000101000000000000000000000000000000000000000000000000000000000000000000000010000010000000000010010111100000000000000000000000000000000000000000000000000000000000000000000000000000000000000
000000000000000000000011000000000000000000000000000000000000000000000000000000000000000000000000000000000000000000010000000000000000000000000000000000000000000000000000000000000000000000000000000000000011011101011100000000000000011100000110000000000000000000000000000000000000000000011000000000000000
000000000000000000000011000000011000000000000000000000000000000010100000000000000000000000000000000000000000000000000000000000001000000000000000000000000000000000000000000000000000000000000111000000000010000000000000000000000000000000000110000000000000000000000000000000000000000000011000000000000000
000000000000000000000000000000011000000000000000000000000000000010100000000000000000000000000000000000000000000000000000000000010100000000000000000000000000000000000000000000000000000000000000000000000001111000000000000000000000000000000000000000000000000000000000000000000000000000000000000000000000
000000000000000000011000000000000000000000000000000010000000000000100000000000000000000000000000010100110011100000000000000000010100000000000000000000000000000000000000000000000000000000000000000000000000001000000000010000000000000000000000000000000000000000000000000000000000000000000000000000000000
000000000000000000100100000000000000000000000000000110000000000000000000000000000000000000000000010101011000010000000000000000001000000000000000000000000000000000000000000000000000000000000000000000000000000000000000001000000000000000000000000000000000000000000000000000000000011000000000000000000000
000000000000000000011000000000000000000000000000001010000000000000000000000000000110000000000000001111110010111000000000000000000000000000001100000000000000000000000000000000000000000000000000000000000000000000000000011100000000001100000000000000000000000000000000000000000000100100000000000000000000
000000000000000000000000000000000000000000000000001000000000000010010000000000000110000000000000000000000101110000000000000000000000000000001100000000000000000000000000000000000000000000000000000000000000000000000000010000000000001010000000000000000000000000000000000000000000010100000000000000000000
000000000001100000000000000000000000000000000000100110000000000010010000000000000000000000000000000000000000000010000000000000000000000000000000000000000000000000000000000000000000000000000000000011100000000000000000000000000000000110000000000000000000000000000000000000000000001000001000000000000000
000000000001100000000000000000000000000000000001000101000000000010010000000000000000000000000000000000000000101000000000000000000000000000000000000000000000000000000000000000000000000000000000000000000000000000000000000000000000000000000000000000000000000000000000000000000000000000010100000000000000
000000000110000000000000000000000000000000000000101010110000000001010000000000000011000000000000011000000000100011010000000000000000000000000000001000000000000000000000000000000000000000000000000000000000000000000000000000000000000000000000000000000000000000000000000000000000000000100100000000000000
000000000110000000000000000000000000000000000000110000101000000000110000000000000010100000000000011000001110100100110000000000000000000000000000001000000000000000000000000000000000000000000000000000000000000000000000000000000000000000000000000000000000000000000000000000000000000000011000000000000000
000000000000000000000000000000000000000000000000110110001000000000110000001111000001100000000000000000000000000100011000000000000000000000000000001000000000001000000000000000000000000000000000000000000000010000000000000000000000000000000000000000000000000000000000000000000000000000000000000000000000
000000000000000000000000000000000000000000000001100010000000000000000000011111000000000000000000000000000000000000000000000000000000000000000000000000000000001000000000000000000000000000000000000000000000101100000000000000000001100000000000000000000000000000000000000000000000000000000000000000000000
000000000000000000000000000000000000000000000000110000010000000000000000000011000000000000000000000000001000000100000010000000000000000000011000000000000000001000000000000000000000000000000000000000000000100010000000000000000010010000000000000000001100000000000011000000000000000000000000000000000000
001100000000000000000000000000000000000000000000011101100000000000000000001100000000000000000000000000001011101000000010000000000000000000100100000000000000000000000000000000000000000000000000000000000000011001000000110000000001100000000000000000001100000000000100100000000000000000000000000000000000
001100000000000000000011100000000000000000000000001010000000000000000000000000000000000000000000000000000111100000000010000000000000000000011000000000000000000000000000000000000000000000000100000000000000000010000011010000000000000000000000000000000000000000000110000000000000000000000000000000000000
000000000000000000000000000000000001100000000000010010000000000000000000000000000000000000000000000000011000011100000000000000000000000000000000000000000000000000000000000000000000000000001010000000000000000000000100010000000000000000000000000000000000000000000000000000110000000000000000000000000110
000000000000000000000000000000000010010000000000110000000000000000000000000000000000000000000000000000010100000010000000000000000000000000000000000000000000000000100000000000000000000000001010000000000000000000000011100000000000000010000000000000000000000000000001000001001000000000000000000000000110
000000000000000000000000000000000001100000000000110000000000000000000000000000000000000000000000000100010010001001000000000000000000000000000000000000000000000000100000110000000000000000000100000000000000000000000011100000000000000101000000000000000000000101000110100000110000000000000000000000000000
000000000000000000000000000000000000000000000000110000000000000000000000000000000000000000000000001010001010000000100000000000000000000000000000000000000000000001010000110000000000000000000000000000000000000000000000000000000000000101000000000000000000000100100110010000000000000000000000000000000000
000000000000000000000001100000000001100000000000000000000000000000000000000000000000000000000000001001000110000011100000000000000000000011000000000000000000000000000000000000000000000000000000011000000000000000000000000000000000000010000000000000000000001001001000010000000000000000000000000000000000
000000000000000000000001100000000010010000000000000000000000000000000000000000000000000000000000000110000000000000000000000000000000000100100000000000000000000000101000000000000000000000000000100100000000000000000000000000000000000000000000000000000000011000101000100000000000000000000000000000000000
000000000000000000000000000000000001100000110000000000000000000000000000000000000000000000000000000000000000000000000000000000000000000100100000000000000000000000000000000000000001000000000000011000000000000000000000000001100000000000001100000000000000000001110000000000000000000000000000000000000000
110000000000001100000000000000000000000001001000000000000000001000000000000000000000000000000000000000000000000000000000000000000000000011000000111000000000000000111000000000000011100000000000000000000000000000000000000010010000000000010010000000000000010000010111000000000000000000000000000000000000
110000000000001100000000000000000000000000110000000000000000110000000000000000000000000000000000000000000000000000000000000000000000000000000000000000000000000000011011000000000111010000000000000000000000000000000000000001100000000000001100000000000000001000110100000000000000000000000000000000000000
000000000000000000000000000000000000000000000000000000000000011000000000000000000000000000000000000000000000000000000000000000000000000000000000000000000000000000001001000000001100110000000000000000000000000000000000000000000000000000000000000000000000000010110000000000000000000000000000000000000000
000000000000000000000000000000000000110000000000000000000000000000000000000000000000000000000000000000000000000000000000000011000000000000000001000000000000000000001001000000011000000000000000000000000001100000000000000000000000000000000000000000000000000000011100000000000000000000000000000000000000
000000000000000000010000000000000001001000000000000000001100000000000000000000000000000000000000000000000000000000000000000011000000000000000001000000000000000000000000001110001100000000000000000000000001100000000000000000000000000000000000000000000000000000001000000000000000000000000000000000000000
000000000000000000101000000000000000110000000000000000001100000000000000000000000000000000000000000000000000000000000000000000000000000000000001000000000000000000000001100001000110000000000000000000000000000000000000000110000000000000000000000000000000000000000000000000000000000000000000000000000000
000000000000000000101000000000000000000000000000000000000000000000000000000000000000000000000000000000000000000000000000000000000000000000000000000000000000000000011010000000100001000000000000010000000000000000000000001111000000000000000000000000000000000000000000000000000000000000000000000000000000
000000000000000000010000000000000000000000000000000000000000000000000000000000000001100011000000000000000000000000000000000000000000000000000000000000000000000000010010000000100010110001000000010000000000000000000000001001000000000000000000000000000000011000000000000000000000000000000000000000000000
000000000000000000000000000000000000000000000000000000000000000000000000000000000001100100100000000000000000000000000000000000000000000000000000000000000000000000001100100000000110100000000000010000000000000000000000111010000000000000000000000000000000011000000000000000000000000000000000000000000000
000000000000000000000000000000000000000000000000000000000000000000000000000000000000000011000000000000000000000000000000000000000000000000110000000000000000000000000000010001000000101000110000000000000000000000000000011100000000000000000000000000000000000000000000000000000000000000000000000000000000
000000011100000000000000000000000000000000000000000000000000000000000000000000000000000000000000000000000000000000000000000000000000000000110000000000000100000000000000001001100001011001100111000111000000000000000000000010011000000000000000000000000000000000000000000000000000000000000000000000000000
000000000000000000000000000000000000000000000000000000000000000000000000000000000000000000000000000000000000111000000000000000000000000000000000000000001010000000000000000000000000000000000000000000000000000000000000001010100100000000000000000000000000000000000000000000000000000000000000000000000000
000000000001000000000000000000000000000000000000000000000000000000000000000000000000000000000000000000000000011000000000000000000000000000000000000000001010000000000000001000010000000000000000010000000010000000000000000001100100000000000010000000000000000000000000000000000000000000000000000000000000
000000000001000100000000000000000000000000000000000000000000000000000000000000000000000000000000000000000001010000000000000000000000000000000000000000000100000000000000011000100000000000000000010000000010000000000000000110010100000000000010000000000000000000000000000000000000000000000001100000000000
000000000001000100000010000000000000000000000000000000000000000000000000000000000000001110000000000000000001000000000000000000000000000000000000000000000000000000000000111001010000000000000000010000000010000000000000000000000000000000000010000000000000000000000000000000000000000000000001100000000000
000000000000000100000010000000000000000000000000000000000000000000000000000000000000000000000000000000000110000000000000000000000001010000000000000000000000000011000000110110110000001000000000000000000000000000000000000000000000000100000000000000000000000000000000000000000000000000000000000000000000
000000000000000000000010000000000000001100000000000000000000000000000000000000000000000000000000000000000110100000000000000000000010000000000000000000000000000011000001111101100000010100000000000000000001000000000000000000000000000010000000000000000000110000000000000000000000000000000000000000110011
000001000000000000000000000000000000001100000000000000000000000000000000000000000000000000000000000000000000100000000000000000000010000000000000000000000000000000000010100100000000010110000000000000000001000000000000000000000000000011000000000000000000110000000000000000000000000000000000000000110011
000001000000000000000000000000000000000000000000000000000000000000000000000000000000000000000000000000000000100000000000000000000000010000000000000000000000000000000001000000000000001000000000000000000001000000000000000000000100011001000000000000000000000000000000000000000000000000000000000000000000
000001000000000000000000000000000000000000000000000000000000000000000000000000000000000000000000000000001000000000000000000000000001001000000000000000000000000000000000000000000000000000000000000000000000000000000000000000001011110001000000000000000000000000001100000000000000000000000000000000000000
000000000000000000000000000000000000000000000000000000000000000000000000000000000000000000000000000000000110000000000000000000000000000100000000000000000000000110000000000000000001110000000000000000000000011100000000000000000111111001000000000000000000000000001100000000000000000000000001000000000000
000000000000000000000000000000000000000000000000000000000000000000000000000000000000000000000000000000000000000000000000000000000000100100000000000000001100000110000000000000000000000000000000000000000000000000000000000000000000000001000000000000000000000000000000000000000000000000000001000000000000
000000000000000000000000000000000000000000000000000000000000000000000000000000000000000000000000000000000000000000000000000000000000000100000000000000010010000000000000000000000000000000000000000000000000000000000000000000000000001010000000000000000000000000000000110000000000000000000001000000000000
000000000000000001100000000000000000000000000000000000000000000000000000000000000000000000000000000000000000000110000000000000000000000000000000000000001100000000000000000000000000000000000000000000000000000000000000000000000000011010000000000000000000000000000000110000000000000000000000000000000000
000000000000000001100000000000000000001100000000000000000000000000000000000000000000000000000000000000000000000110000000000000110000000000000000000001000000000000000000000000000000000000000000000000000000000000000000000000000000010000000000000000000000000000000000000000000000000000001000000000000000
000000000000000000000000000000000000001100000000000000000000000000000000000001100000000000000000000000000000000000000000000000110000000000000000000010100000000000000000000000000000000000000000000000010000000000000000000000000001110000000000000000000000000000000000000000000000000000001000000000000000
000000000000000000000000000000000000000000000001000000000000000000000000000010010000000000000000000000000000000000000000000000000000000010000000000010100000000000000000000000000000000000000000000000101000000000000000000000000000000000000000000000000000000000000000000000000000000000001000000000000000
000000000000000000000000000000000000000000000010100000000000000000000000000010100000000000000000000000000000000000000000000000000000000101000000000001000000000000000000000000000000000000000000010000110000000000000000000000000000000100000000000000000000000000000000000000000000000000000000000001000000
000000000000000000000000000000000000000000000010100000000000000000000000000001000000000000000000000000000000000000000000000000000000000110000000000000000000000000000000000000000000000000000000010000000000000000000000000000000000000100000000000000000000000000000000000000000000000000000000000010100000
000000000000000000000000000000000000000000000001000000000000000000000000000000000000000000000000000000000000000000000000000000000000000000000000000000000000000000000000000110000000000000000000010000000000000000000000000000000000000100000000000000000000000000000000000000000000000000000000000010100000
000000000000000000000000000000000000000000000000000000000000000000000000000000000000000000000000000000000000000000000000000000000000000000000000000000000000000000000000000110000000000000000000000000000000000000000000000000000000000000000000000000000000000000000000000000000000000000000000000001000000
000000000000000000000000000000000000000000011000000000000000000000000000000000000000000000000000000000000000000000000000000000000000000000000000000000000000000000000000000000000000000000000000000000000000000000000000000000000001100000000000000000000000000000000000000000000000000000000000000000000000
000000000000000000000000000000000000000000100100000000000000000000000000000000000000000000000000000000000000000000000000110000000000000000000000000000000000000000000000000000000000000000000000001000000000000000000000000000000001100000000000000000000000000000000000000000000011000001100000000000000000
000000000000000000000000000000000000000000011000000000000000000000000000000000000000000000000000000000000000000000000000110000000000000000000000000000000000000000000000000000000000000000000000010100000000000000000000000000000000000000000000000000000000000000000000000000000011000001100000000000000000
000000100000000000000000000000000000000000000000000000000011000000000000000000000000000000000000000000000000000000000000000000000000000000000000000000000000000000000000000000000000000000000000010100000000000000000000000000000000000000000000000000000000000000000000000000000000000000000000000000000000
000001010000000000000000000000000000000000000000000000000011000000000000000000000000000000000000000000000000000000000000000000000000000000000000000000000000000000000000000000000000000000000000001000000000000000000000000000000011000000000000000000000000000000000000000000000000000000000000000000000000
000001010000000000000010000000000000000000000000000000000000000000000000000000000000000000000000000000000000000000000000000000011000000011000000000000000000000000000000000000000000000000000000000000000000000000000000000000100000100000000000000000000000000000000000000000000000001100000000000000000000
000000100000000000000010011100000000000000000000000000000000000000000001100000000000000000000000000000000000000000000000000000100100000100100000000000000000000000000000000000000000000000000000000000110000000000000000000001011001000000000000000000000000000000000000000000000000010010000000000000000000
000000000000000000000010000000000000000000000000000000000000000000000001100000000000000000000000000000000000000000000000000000011000000011000000000000000000000000000000000000000000000000110000000000110000000000000000000000000010000000000000000000000000000000000000000000000000001100000000000000011000
000000000000000000000000000000000000000000000000000000000000000000000000000000000000000000000000000000000000000000000000000000000000000000000000000000000000000000000000000000000000000000110000000000000000000000000000000001100010000000000000000000000000000000000000000000000000000000000000000000011000
000000110000000000000000000000000000000000000000000000000000000000000000000000000000000000000000000000000000000110000000000000000000100000000000000000000000000000000000000000000000000000000000000000000000000000000000000000011100000000000000000000000000000000000000000000000000000000000000000000000000
000000110000000000000000000000000000000000000000001100000000000000000000000000000000000000000000000000000000001001000000000000000001010000000000000000000000000000000000000000000000000000000000000000000000000000000000000000000000000010000000000000000000000000000000000000000000000000000000000000000000
000000000000000000000000000000000000000000000000001100000000000000000000000000000000000000000000000000000000000101000000000000000001010000000000000000000000000000000000000000000000000000000000000000000000000000000000000000000000000101000000000000000000000000000000000000000000000000000000000110000000
000000000000000000000000000000000000000000000000000000000000000000000000000000000000000000000000000000000000000010000000000000000000100000000000000100000000000000000000000000000000000000000000000000000000000000000000000000000000000101000000000000000000000000000000000000000000000000000000000110000000
000000000000000000000000000000000000000000000000000000000000000000000000000000000000000000000000000000010000000000000000000000000000000010000000000100000000000000000000000000000000000000000000000000000000011000000000000000000000000010000011110000000000110000000000000000000000000000000000000000000000
000000000000000000000000000000000000000000000000000000000001111100000000000000000000000000000000000000101000000000000000000000000000000101000000000100000000000000000000000000001100000000000000000000000000011000000000000000000000000000001111100000000000110000000000000000000000000000000000000000000000
000000000000000000000000000000000000000000000000000000000001101110000000000000000000000000000000000000100100000000000000000000011000000101000000000000000000000000000000000000001100000000000000000000000000000000000000000000011000011000001101000001000000000000000000000000000000000000000000000000000000
000000000000000000000000000000000000000000000000000000000000011100000000000000000000000000110000000000011000000000000000000000100100000010000000000000000000000000000000000000000000000000000000000000000000000000000000000000011000011000010010010001000000000000000000000000000000000000000000000000000000
000010000000000000000000000000000000000000000000000000000000101100000000000000000000000000110000000000000000000000000000000000100100000000000000000110000000000001100000000000000000000000000000000000000000000000000000000000000000000000001110100001100000000011000000000000000000000000000000000000000000
000101000000000000000000000000000000000000000000000000000000101000000000000000000000000000000000000000000000000000000000000000011000000000000000001001000000000001010000000000000000000000000000000000000000000000000000000000000000000000001100000000010000000011000000000000000000000000000000000000000000
000110000000000000000000000000000001000000000000000000000000010000100000000000000000000100000000000000000000000000000000000000000000000000000000000110000000000000100000000000110000000000000000000000000000000000000000000000000000000110000001000011100000000000000000000000000000000000000000000000000000
000000000000000000001100000000000010100000000000000000000000000000100000000000000000001010000000000000000000000000000000000000000000000000000000000000000000000000000000000000101000000000000000000000000000000000000000000000000000001001100000011111000000000000000000000000000000000000000000000110000000
000000000000000000010010000000000010010000000000000000000000000000000000000000000000000100000000000000000000000000000000000000000000000000000000000000000000000000000000000000010000000000000000000000000000000000000000000000000000000001100000000000000000000000000000000000000000000000000000000110000000
000000000000000000001100000000000001100000000000000000000001000000000000000000000000000000000000000000000000000000000000000000000000000000000000000000000000000000000000000000000000000000000000000000000000000000000000000000000000010000000000000000000000001100000000000000000000000000000000000000000000
000000000000000000000000000000000000000000000000000000000011110000000000000000000000000000000000000000000011000000000000000000000000000000000000000000000000000001100000000000000000000000000000000000000000000000000000000000000000010111000000000000000000001100000000000000000000000000000000000000000000
000000000000000000000000000000000000000000000000000000000100011000100000000000000000000000000000000000000100100000000000000000000000000000000000000000000000000001100000000000000000000000000000000000000100000000000000000000000000001010000000000000000000000000000000000000000000000000000010000000000000
000000000000000000000000000000000000000000000110000000000011000100100000000000000000000000000000000000000011000000000000000000000000000000000000000000000000000000000000000000000000000000000000000000001110000000000000000000000000000000000000000000000000000000000000000000000000000000000101000000000100
000000000000000000000000000000000000000000000110000000000001111000100000000000000000000000000000000000000000000000000000000000000000000000000001110000000000000000000000000000000000000000000000000000010001000000000000000000000000000000000000000000000000000000000000000000011100000000000101000000001010
000000000000000000000000000000000000000000000000000000000000010000000000000000000000000000000000000000000000000000000000000000000000000000000000000000000000000000000000000000000000000000000000000000100011100001000000000000000000000000000000000000000000000001100000000000000000000000000010000000001001
000000000000000000000000000000000000000000000000000000000000000000000000000000000000000000000000000000000000000000000000000000000000000000000000000000000000000000000000000000000000000000000000000000111000000001000000000000000000000000000000000000000000000001100000000001000001000000000000000000000110
000000000000000000000000000000000000000000000000000000000000000000000000100000000000000000000000000110000000000000000000000000000000000000000000000000000000000000000000000000000000000000000000000000010000000001000000000000000000000000000000000000000000000000000000000001000001000000000000000000000000
000000000000000000000000000000000000000000000000000000000000000000000001010000000000000000000000000110000011000000000000000000000000000000000000000000000000000000000000000000000000000000000000000000000000000000000000000000000000000000000000000000000000000000000000000001000001000000000000000000000000
000000000000000000000000000000000000000001100000000000000001100000000001010000000000000101000000000000000011000000000000000000000000000000000000000000000000000000000000000000000000000000000000000000000000000000011100000000000000000000000000000000000000000000000000000000000000000000000000000000000000
000000000000000000000000000000000000000001100000000000000010010000000000100000000000000011000000000000000000000000000000000000000000000000000000000000000000000000000000000000000000000000000000000000000000000000000000000000000000000000000000000000000000000000000000000000011100000000000000000000000000
000000010000000000000000000000000000000000000000000000000100100000000000000000000000000010000000000000000000000000000000000000000000000000010000000000000000000000000000000000000000000000000000000000000000000001000000000000000000000000000000000000000000000000000000000000000000000000000000100000000000
000000010000000111000111000000000000000000000000000000001000000011100000000000000000000000000100000000000000000000000000000000000000000000010000000000000000000000000000000000000000000000000000000000000000000001000000000000000000000000000000000000000000000000000000000000000000000000000000100000000000
000000010000000000000000000001110000000000000000000000001001000100010000000000000000000000001010000000000000000000000000000000000000000000010000000000000000000000000000000000000000000000000000000000000000000001000000000000000000000001110000000000000000000000000000000000000000000000000000100000000000
000000000000010000101000010000000000000001000000000000001001000010011000000000000000000000001100000000000000110000000000000000000000000000000000000000000000000000000000000000000000000000110000000000011000000000000000000000000000000000000000000000000000000000000000000000000000000000000000000000000000
000000000000010000101000010000000000000001000000000000000111000000000100000000000000000000000000000000000000110000000000000000000000000000000000000000000000000000000000000000000000000001001000000000000000000000000000000000000000000000000000000000000000000000001100000000000000000000000000000000000000
000110000000010000101000010000000000000001000000000000000001111111111000000000000000000000000000000000000000000000000000000000000000000000000000000000000000000000000000000000000000000001001000000000000000000000110000000000000000000000000000000000000000000000001100000000000000000000000000000000000000
000110000000000111000111000000000000000000000000000000000000111100010000000000000000000000000000000000000000000000000000000000000000000000000000000000000000000000000000000000000000000000110000000000000000000000110000000000000000000000000000000000000000000000000000000000000000000000000000000000000000
