300 300
000000000000001100000000000000000000000000000000000110110000000000000000000000000000000001010000000000000000000000000000000000000000000000000000110000000000000000000000000000000000000000000000000000000000000000000000000001000000000000000000000000000000000000000000000000000000000000000000000000000000
000000000000010010011100000000000000000000000000000110110000000000000000000000000000000001010000000000000000000000000000000000000000000000000000110000000000000000000000000000000000000000000000000000000000000000000000000001000000000000001100000000000000000000000000000000000000000000000111000000000000
000000000000001100000000000000000000000000000000000000000000000000000000000000000000000000100000000000000000000000000000000000000000000000000000000000000000000000000000000000000000000000000000000000000000000000000000000001000000000000010010000000000000000000000000000000000000000000000000000000000000
000000000000000000000000000000000000000000000000000000000000000000000110000110000000000000100110000000000000000000000000000000000000000000000000000000110000000000000000000000000000000000000000000000000000000000000000000000000000000000010100000000000000000000000000000000000000000000000000000000000000
000000000000000000000000000000000000000000000000000000000000000000001001000110000000000000100000100000000000000000000000000000000000000000000000000000110000000000000000000000000000000000000000000000000000000000000000000000000000000000001000000000000000000000000000000000000000000000000000000000000000
000000000000000000000000000000000000000000000000000000000000000000000110000000000000000000100001110000000000000000000000000000000000000000000000000000000000000000000000000000000000000000000000000000000000000000000000000000000000000000000000000000000000000000000000000000000000000000000000000000000000
000000000000000000000000000000000000000000000000000000000000000000000000000000000000000000001110010000000110000000000000000000000000000000000000000000000000000000000000000000000000000000000000000000000000000000000000000000000000000000000000000000000000000000000000000000000000000000000000000000000000
000000000000000000000000000000000000000000000000000000000000000000000000000000000000000000000000000000001001000000000000000000000000000000000000000000000000000000000000000000000000000000000000000000000000000000000001100000000000000000000000000000000000000000000000000000000000000000000000000000000000
000000000000000000000000000000000000000000000000000000000000000000000000000000000000000000000000000000000101000000000000000000000000000000000000000000000000000000110000000000000000000000000000000000000000000000000001100000000000000000000000000000000000000000000000000000000000000000000000000000011000
000000000000000000000000000000000000000000000000000000000000000000000000000000000000000000000000010000000010000000000000000000000000000000000000000000000000000001010000000000000000000000000000000000000000000000000000000000000000000000000000000000000000000000000000000000000000000000000000000000011000
000000000000000000000000000000000000000000000000000000000000000000000000000000000000000000000000010000000000000000000000000000000000000000000000000000000000000000100000000000000000000000000000000000000000000000000000000000000000000000000000000000000000000000000000000000000000000000000000000000000000
000000000000000000000000000000000000000000000000000000100001110000000000000000000000000000000000011011000000000000000000000000000000000000000000000000000000000000000000000000000000000000000000000000000000000000000000011000000000000000000000000000000000000000000000000000000000000000000000000000000000
000000000000000000000000000000000000000000000000000001100001010000000000000000000000000000000000000110000000000000000000000000000000000000000000000000000000000000000000000000000000000000000110000000000000000000000000011000000000000000000000000000000000000000000000000000000000000000000000000000001100
000000000000000000000000000000000000000000000000000001000010010000000000000000000000000000000000000100000000000000000000000000000000000000000000000000000000000000000000000000000000000100001001000000000000000000000000000000000000000000000000000000000000000000000000000000000000001100000000000000001100
000000000001100011000000000000000000000000000000000000000111100000000000000000000000000000000000000000000000000000000000000000000000000000000000000000000000000000000000000000000001001001000101000000000000000000001110000000000001000000000000000000000000000000000000000000000000001100000000011100000000
000000000001100011000000000000000000000000000000000000011000000000000000000000000000000000000000000000000000000000000000000000000000000100000000000100000000000000000010000000000001001010000010000000000000000000000000000000000001000000000000000000000000000000000000000000000000000000000000000000000000
000000000000000000000000000000000000000000110000000000000111000000000000000000000000000000000000000000000000000000000010000000000000001010000000000100000000000000000101000000000000111010000000000000000000000000000000100000000001000000000000000000000000000000000000000000000000000000000000000000000000
000000000000000000001100000000000000000000110000000000000000000000000000000000000000000000000000000000000000000000000010000000000000000110000000000100000000000000000110000000000010011000000000000000000000000000000000100000000000000000000000000000000000000000000000000000000000000000000000000000000000
000000011000000000010010000000000000000000000000000010000000000000000000000000000000000000000000000000000000000000000010000000000000000000000000000000000000000000000000000000001001000000000000000000000000000000000000100000001100011100000000000000000000000000000000000000000000001000000000000000000000
000000011000000000001100000000000000000000000000000111000000000000000000000000000000000000000000000000000000000000000000000000100000000000000010000000000000000000000000000000000110000000000000000000000000000000000000000000001100000100100100000000000000000000000000000000000000001000000000000000000000
000110000000000000000000000000000000000000000000000000000000000000000000000000000000000010000000000000100000000000000000000000100000000000000110000000000000000000000000000000000000000000000000000000001000000000000000000000000000000110001110000000000000000000000000000000000000001000000000000000000000
001001000000000000000000000000000000110000000000000000000000000000000000000000000000000101000000000001010000000000000000000000100000000000000101000000000000000000000000000110000010000000000000000011011000000000000000000010000000000000001100000000000000000000000000000000000000000000000000000000000000
000110000000000000000000000000000000110000000000000000001100000000000000000000000000000101000000000001001000000000000000000000000000000001100000000000000000000000000000000110000101000000000000000100010000000000000000000101000001100000100110000000000000000000000000000000000011100011100000000000000000
000000000110000000110000000000000000000000000000000000001100000000000000000000000000000010000000000000110000000000000000000000001110000001100000000000000000000000000000000000010001100000000000000101100000000000000000000101000001101000000111000000000000000000000000000000000000000000000000000000000000
000000000110000000110000000000000000000000000000000000000000000000000000000000000000000000000000000000000001100000000000000000000000000000000000000000000000000000000000000000100010000000000000001000000000000000000000000010000000000111011001000000000000000000000000000000000000001000000000000000000000
000000000000000000000000000000000000000000000000000000000000000000000000000000000000000000000000000000000010010000000000000000000000000000000000000000000000000000000000000000100000000000000000000100000000000000000000000000000000000010110110000000000000000000000000000000000000001000000000000000000000
000000000000000000000000000000000000000000000000000000000000000000110000000000000000000000000000000000000010010000000000000000000000000000000000000000000000000000100000000000101000000000000000000000100000000000000001100000000000110001000001010000000000000000000110000000000000001000000000000100000000
000000000000000000000000000000000000000000000000000000000000000000101000000000000000000000000000000000000001100000000000000000000000000000000000000000000000000000100000000000000000010000000000000000000000001000000010010000000001001000000001001100000000000000000110000000000000000000000000000100000000
000000000000000000000000000000000000000000000000000000000000000000010000000000000000000000000000000000000000000000000000000000000000000000000000000000000000000000100000000000000000100000000000000001110000000110000001100000000001010001000001010000000000000000000000000000000000000000000000000100000000
000000000000000000000000000000000000000000000000000000000000000000000000000000000000000000000000000000000000000000000000000000000000000000000000000000000000000000000000000000000000100000000110000000000000110110000000000000000000100010110110000000000000000000000000000000000000000000000000000000000000
000000000000000000000000000000000000000000000000000110000000001000000000000000000000000000000000000000000000000000000000000010000000000000000000000000000000000110001110000000000001000000000110000000000000110011000000000000000000000111011001000000000000000000000000000000000000000000000000000000000000
000000000000000000000000000000000000000000000000000110000000001000000000000000000000000000000000000000000000000000000000000101000000000000000000000000000000000110000000000000000011000000000000000000000000111010000000000000000000001000000111000000000000000000000111000000000000000000000000000000000000
000000000000000000000000000000000000000000000000000000000000001000000000000000000000000000000000000000000000000000000000000010000000000000000000000000000000000000000000000001100101000000000000000000000000001100000000000000000000000000100110000000000000000000000000000000000000000000000000000000000000
000000000000000000100000000000000000000000000000000000000000000000000000000000000000000000000000000000000000000000000000000010000000000000000000000000000000000000000000000010100000000000000000000000000100000000000000000000000000000000001100000000000000000000010000010000000000000000000000000000000000
000000000000000001010000000000000000000000000000000000000000000000000000000000000000000110000000000000000000000000000000000001000000000000000000000000000000000000000000000010000000000001110000000000001100000000000000000000000000000010001110000000000000000000010000010000000000000000000000000000000000
000000000000000001001000000000000000000000000000000000000000000000000000000000000000001001000100000000000000000000000000000010010000000000000000000000000000000000000000000011010000000001000000000000001001000000000000000000000000000000100100000000000000000000010000010000000000000000000000000000000000
000000000000000000110000000000000000000000000000000000000000000000000000000000000000000101001010000000000000000000100000000000110000000000000000000000000000000000000000000000110000000000100000000000000110000000000000000000000000000000000000000000000000000000000000000000000000000000000000000000000000
000000000000000000000000000000000000000000000000000000000000000000000000000000000000000010001010000000000000000001010000000000110001100000000000000000000000000000000000000000000000000000000000000000000010000000000000000000000000000000000000000000000000000000000111000000000000011100000000000000001100
000000000000000000000000000000000000000000000000000000000000000000000000000000000000000000000100000000011000000000100000000000000010100000000000000000000000000000000000000000000000000000000000000000000000000000000110000000000000000000000000000000000000000000000000000000000000000000000000000000001100
000000000000000000000000000000000000000000000000000000000000000000000000000000000000000000000000000000011000000000000000000000001001000000000000000000000000000000000000000000000000000000000000000000000000000000000110000000000000000000000000111000000000000000000000000000000000000000000000000000000000
000000000000000000000000000000000000000000000000000000000000000000000000000000000000000000000000000000000000000000000000000000010001000000000000000000001100111000000000000000000000000000000000000000000000000000001010000000000000000000000000000000000000000000000000000000000000000000110000000000000000
000000000000000000000000000110000000000000000000000000000000000000000000000000000000000000000000000000000000000000000000000000010010000000000000000000000000000000000000000000000000000110000000000000000000011000000100000000000000000000000000000000001100000000000000000000000000000001001000000000000000
000000000000000000000000001001000000000000000000000000000000000000000000000000000000000000000000000000000000000000000000000000001000000000000000000000001110000000000000000000000000000110000000000000000000000000000100000000000000000000000000000000001100000110000011000000000000000000110000000000000000
000000000000000000000000000101000000000000000000000000000000110000000000000000000000000000000000000000000000001000010000000000000000000000000000000000000111100000000000000000000110000000000000000000000000000000000000000000000000000000000000000000000000000110000011000000000000000000000000000000000000
000000000000000000000000000010000000000000000000000000000000110000000000000000000000000000000000000000000000001000010000000000000000000000000000000000000001100000000000000001100110000000000000000000000000000000000000000000000000000000000000000000000000000000000000000000000000000000000000000000000000
000000000000000000000000000000000000000000000000000000000000000000000000000000000000000000000000000000000000001000010000000000000000000000000000000000000001000000000000000001100000000000000000000000000001000100000001100000000000000000000000000000000000000001000000000000000000000000000000000000000000
000000000000000000000000000000000000000000001000000000000000000000000000000000000000000000000000000000000000000000000000000011000000000000000000000011000000000000000000100000000000000000000000000000000110000010000010010000000110000000000000000000000000000011100000000000000000000000000000000000000000
000000000000000000000000000000000000000000010000000000000000000000000000000000000000000000000000000000000000000000000111000011000000000000000000000101000000000000000011000000000000000000000000000000001001110010000001100000000110000000000000000000000000000011100000000001100000000000000000000000000000
000000000000000000000000000000000000000000010001000000000000000000000000000000000001000000000000000000000000000000000000000000000000000000000000000010000000000000000000000000000000000000011100000000010000001100000000000000000000000000000000000000000000000010111000000010010000000000000000000000000000
000000000000000000000000000000000000000000000000100000100000000000000000000000000010100000000000000000000000000000000000000000000000000000000000000000000000000000000000000000000000000000000000000000001000100000000000000000000000000000000000000000000000000011100000000001010000000000000000000000000000
000000000000000000000000000000000100000000000011000000100000000000000000000000000010010000000000000000000000001000000000000000000000000000000000000000000000000000000000000000000000001100000000000000000111100000000000000000000000000000000000000000001100000111100000000000100000101000000000000000000100
000000000000000000000000000000000100000000000000000000100000000000000000000000000001100000000000000000000000001000000000000000000000000000000000000000000000000000000000000000000000000000000000000000000000000000000000000000000000000000000000000000010010011000100000000000000001101000000000000000000100
000000000000000000000000000000000100000000000000111000000000000000000000000000000000000000000000000000000000001000000000000000000000000000000000000000000000000000000000000000000000001011000000000010000000000000000000000000000000000000000000000000011111011001000000000000000001011000000000000000000100
000000000000000000000000000000101110100000000011110000000000000000000000000000000000000000000000000000000000000000000000000000011000000000000000000000000000110000000000000000000000000010000000000010000000000000000000000000000000110000000000000000001101101000011000000000000000001100000000000000000000
000000000000000000000000000000101110100000000101011000000000000000000000000000000000000000000000000000000000000000000000000000011000000000000000000000000001001000000000000000000000000100100000001001000000000011000000000000000000110000000000000000000001100101000000000000000001001010000000000000000000
000000000000000000000000000000110101100011000000100000000000000000000000000000000000000000000000000000000000000000000000000000000000000000000000000000000000110000000000000000000011100001000001100110000000000100100000000000000000000000000000000000000011100010000000000000000010100000000000000000000000
000000000000000000000000000000000000000100100000101000000000000000000000000000000000000000000000000000000000000000000000000000000000000000000000000000000000000000000000000000000100000000000000000000000000000011000000000000000000000000000000000000000000000000000000000000000010010000000000000000000000
110000000000000000000000000000000000000100100000010000000000000000000000000000000000000011000000000000000000000000000000000000000000110000000000000000000000000000110000000000001000000000000001100011000000000000000000000000000000000000000000000000000000000000000000000000000011100100000000000000000000
110000000000000000000000000000000100000011000000011000000000000000000000000000000000000011000000000000000000000000000000000000000001001000000000000000000000000000110000000000010001000010001110011011000000000000000000000000000000000000000000000010000000000000100000000000000000001100000000000000000000
000000000000000000000000000000000100000000000000000000000000000000000000000000000000000000000000000000000000000000000000000000000000110000000000000000000000000000000000000000010000000000000010000100000000000000000000000000000000000000000000000010000000000000011000011000000011111000000000000000000000
000000001100000000000011000000000000000000000000000000000000000000000000000000000000000000000000000000000000000000000000000000000000000000000000000000000000000000000000000000010100010100000000000000000000000000000000000000000000000000000000000000000000010011010000011100000001110000000000000000000000
000000010010000000000011000001110001110000000000000000000000000000000000000000000000000000000000000000000000000000000000000000000000000000000000000000000000000000000000011000001100011000000000000000000000000000000000000000000000000000000000101000000000111001100001100110000000000000000000000000000000
000000001100000000000000000000000000000000000000000000000000000000000000000000000000000000000000000000000000000000000000000000000000000000000000000000000000000000000000011000000000000000000000000000000000000000000000000000000000000000000000101100000001001110100011111100000000000000000000000000000000
000000000000000000000000000000000100000000000000000000000000000000000000000000000000000011000000000000000000000000000000000000000000000000000000000000000000000000000000000000000000000000011000000000000000000000000000000000000000000000000000011110000011000101001111111000000000000000000000000000000000
000000000000000000000000000000000100000000000000000000000000000000000000000000000000000011000000000000000110000000000000000000000000000000000000000000000000000000000000000000000000000000011000000000000000000000000000000000000000000000000000000000000001100000010000000000000000000000000000000000000000
000000000000000000011100000000000100000000000000000000000110000000000000000000000000000000000000000000000110000000000000000000000000000000000000000000000000000000000000000000000000001100000000000000000000000000000000000000000000000000000000000000000000010110100000000000000000000000000000000000000000
000000000000000000000000000000000000000000000000000000001001000000000000000000000000000000000000000000000000000000000000000000000000000000000000000000000000000000000000000000000000001100000000011100000000000000000000000000000000000000000000000000000000011110101100000000000000000000000000000000000000
000000000000000000000000000000000000000000000000000000000110000000000000000000000000000000000000000000000000000000000100000000000000000000000000000000000000000000000000000000000000000000000000000000000000000000000000000000000000000000000000000000011000001000010001000000000000000000000000000000000000
000000000000000000000000010000000000000000000000000000000000000000000000000000000000000000000000000000000000000000001010000000000000000000000000000000001100000000000000000000000000000000000000000000000000000000000000000000000000000000000000000000000110000000000000100000000000000000000100000000000000
000000000000000000000000101000000000000000000000000000000000001000000000000000000000000000000000000000000000000000001001000000000000000000000000000000001100000000000000000000000000000000000000000000000000000000000000000000000000000000100000000001110110000000000010100000000000000000001010000000000000
000000011000000000110000010000000000011000000000000000000000010100000000000000000000000000000000000000000000000100000110000000000000000000000000000000000000000000000000000000000000000000000000000000000000000000000000000000000000000000100000000011101100000000011011000000000000000010001010000000000000
000000011000000001010000000000000000011000000000000000000000100100000000000000000000000000000000000110000000001010000000000000000000000000000000000000000000000000000000000000000000000000000000000000000000000000000000000000000000000000100000000001000100100000001011000000000000000111000100000000000000
000110000001000000100000000000000000000000000000000000000000011000000000000000000000000000000000000110000000001010000000000000000000000000000000000000000000000000000001000000000000000000000000000000000000000000000000000000000000000000000000000001011110010000000100000000000000001000100000000000000000
000110000001000000000000000000000000000000000000000000000000000000000000000000000000000000000000000000011100000100000000000001000000000000000000000000000000000000000001000000000000000000000000000000000000000000000000000000000000000000000000000001000000100000000000100000000000011100000000011000000000
000000000001000000000000000000000000000000000000000000000000000000000000000000000000000000000000000000000000000000000000000010100000000000000000000000000000000000000001000000000000000000000000000000000000000000000000000000000000000000000000000000110101000000000001000110000000001001000000100100000000
000000000000000000000000000000000000000000000000000000000110000000000000000000000000000000000000000000000000000000000000000011000000000000000000000000000000000000000000000000011001100000000001000000000000000000000000000000000000000000000000000000110110000000000000000011000000000000000000011000000000
000000000000000000000000000000000000000000000000000000001001000000000000000000000000000000000000000000000000000000000000000000000000000000000000000000000000000000000000000000011001100000000010100000000000000000000000000000000000000000000000000000001000000000001010000010000000000101101000000000000000
000000000000011000000001100000000000000000000000000000001010001000000000000000000000000000000000000000000000010000101000000000000000000000000000000000000000000000000000000000000000000000000001100000000000001000000000000000000000000000000000000000000000000000010100000010000000001011000100000000000000
000000000111000100000001100000000000000000000000000000000100001000000000000000000000000000000000000000000100001100001000000000000000000000000000000000000000000000000000000000000000000000000000000000000000010100000000000000000000000000000110000000000000000000011000100010000000000000001010000000000000
000000000000001010000000000000000000000000000000011100000000001000000000000000001000110000000000000000001100001110111000000000000000000000000000000000000000000000000000000000011000000000110000000000000000010100000000000000000000000000000110000000000000000000011000000000100000001110000110000001100000
000000000000000110000000000000000000000000000000000000000000000000000000000000110011000000000000000000011000000110000000000000000000000000000000000000000000000000000000000000011000000001001000000000000000001000000000000000000111000000000000000000000000000000010010000000010000000000001100000001100000
000000000101000000001000000000000011000000000001000000000011100011100000000000110000000011001100000000001000000100100000000100000000000000000000000000000000000000000000000000000000000000110000000000000000000000000000000000000000000000000000000000000000000000010010000010010000000000001100000000000000
000000000100000000001000000000000010100000000001000000000000000000000000000000110011001101101100000000000100000001100000000100000000000000000000000000000000000000000000000000000000000000000000000000000000000000000000000000010000010000000000000000000000000000001010000011000000100110011100000000000000
000000000011000000111000000000000001000000000001000000000000001000000000000000001011011111000000000000000000000000010000000100000000000000000000000000000000000000000000000000000000000000000000010000000000000000000000000000010000010000000000000000000000000000000000000000000011011100011000000000000000
000000000010000000000000000000000000000000000000000000000000001000000000000000000001000110000000000000000000000111000000000000000000000000000000000000001000000000000000000000000000000000000000101000000000000000000000000000010000010000001000000000000000000000000000000000000001101001110000000000000000
000000000000011001000000000000000000000000000000000000000000001000000000000000000000100000000000000000000000000110000000000000000000000000000000000000001000000000000000000000000000000000000000101000000000000000000000000000000000000000011100000000000000000000000010110000010000010011000000000000000000
000000000000010010000000000000000000000000000000000000000000000000000000000000000000000000000000000000000000000000000000000000000000000000000000000000001000000000000000000000000000000000000000010000000000000000000000000000000111000000101010000000000000000000000010010001101100000000000000000000000000
000000000000001000000001000000000000000000000000000000000001100000000010000000000000000000000000000000000000000000000000000000000000000000000000000000000000000000000000000000000000000000000000000000000000000000000000000000000000000000101010000000000000000000000011100000000000100000000000000000000000
000000000000000110000000100000000000000000000000000000000001100000000101000000000000000000000000000000000000000000000000000000000000000000000000000000000000000000000000000000000000000000000000010000000000000000000000000000000000000011011101100000000000000000000000000000000111101100000000000000000000
000000000000000000000010100000000000000000000000000000000000000000000101000000000000001000000000000000000000000000000000000000000000000000000000000000000000000000000000000000000000000000000000101000000000000000000000000000000000000101101011010000000000000000000000000000000111101100000000000000000000
000000000000000000001101100000000000000000000000000000000000000000000010000000000000010100000000000000000000000000000000000000000000000000010000000000000000000000000000000000000000000000000000101000000000000000000000000000000000001101000001011000000000000000000000000000001000111110000000000000000000
000000000000000000001101100000000000100000000000000000000000000000000000000000000000100100000000000000000000000000000000000000000000000000010000000000000000000000000000000000000000000000000000010000000000000000000000000000000000000110100010110000000000000000000000010000000110111101000000000000000000
000000000000000000000001100000000001010000000000000000000000000001100000001100000000011000000000000000000000000000000000000000000000000000010000000000000000000000000000000000001000000000000000000000000000000000000000000000000000000011100011100000000000000000000001001000000011000000000000000000001100
000000000000000000000011000000000000100000000000000000000000000010010000010010000000000000000000000000000000000000000000000000000000000000000000000000000000000000000000000000001000000000000000000000000000000000000000000000000000000000000000000000000000000000000001001000000000000000000000000000001100
000110000000000000000000000000000000000000000000000000000000000001100000001100000000000000000000000000000000000000000011000000000000000000000000000000000000100000000000000000001000000000000000000000000000000000000000000000000000000000000000000000000000000000000000100000000000000000000000000000000000
000110000000000000000000000000000000000000000000110000000000000000000000000000000000000000000000000000000000000000000011000000000000000000000000000000000001010000000000000000000000000000000000000000000000000000000000000000000000000000000000000000000000110000000000000000000000000000000000000000000000
000000000000000000000000000000000000000000000000110000000000000000000010000000000000000000000000000000000000000000000000000000000000000000000000000000000000100000000000000000000000000000000000000000000000000000000000000000000000000000000000000000000000110000000000000000000000000000000000000000000000
000000000000000000011100000000000000000000000000000000000000000000000101000000000001110000000000000000000000000000000001000000000000000000000000000000000000000000000000000000000000000000000000000000000000000000000000000000000000000000000000000000000000000000000000000000000000000000000000000000000000
000000000000000000000000000000000000000000000000000000000000000000000101000000000000000000000000000000000000000000000010100000000000000000000000000000000000000000000000000000000000000000000000000000000000000000000000100000000000000000000000000100000000000000000000000000000000000000000000000000000000
000000000000000000000000000000000000000000000000000000000000000000000010000000000000000000000000000000000000000000000000110000000001100000000000000000000000000000000000000000000000000000000000000000000000000000000001100000000000000000000000001010000000000000000000000000000000000000000000100000000000
000000000000000000000000000000000000000000000000000000000000000000000000000000000000000000000000000000000000000000000000110000000001100000000000000000000000000000000000000000000000000000000000000000000000000000000001001000000000000000000000001100000000000000000000000000000000000000110001100000000000
000000000000000000000000000000000000000000000000000000000000000000000000000000000000000000000011000001100000000000000001111000000000000000000000000000000000000000000000000000000000000000000000000000000000000000000001000111010000000000000000000000000000000000000000000000000000000000110001100000000000
000000000000000000000000000000000000100000000000000000000000000000000000000001100000000000000100100000000000000000000010110000000000000000000000000000000000000000000000000000000000000000000000000000000000000000000001010001100000000000000000000000000000000000000000000000000000000000000001000000000000
000000000000000000000000000000000000100000000000000000000000000000000000000001100000000000000101000000000000000000000001000001000000000001000000000000000000000000000000000000000000000001100000000000000000000000000001000101100000000000000000000000000000000000000000000000000000000000000000000000000000
000000000000000000000000000000000000001000000000000000000000000000000000000000000001100000000010011100000000000000000000000011100000000111100000000000000000000000000000000000000000000001100000000000000000000000000000100100000000000000000000000000000000000000000000000000000000000000000000000000000000
000000000000000110000000000000000001011100000001100000000000000000000000000000000001100000000000100000000000000000000000000100010000000100010000000000000000010000000000000000000000000000000000000000000000000000000000100100000000000000000000000000000000000000000000000000000000000000000000000000000000
000000000000000110000000000000000000000110000001100000010100000000000000000000000000000000000000100010011000000000000000000011001000001011010000000000000000101000000000000000000000000000000000000000000000000000000000000000000000000000000000000000000000000000000000000000000000000000000000000000000000
000000000000000000000000000000000001100110000000100000110110000000000000000000000000000000000000111111110011000000000000000000111100000010000100000000000001001000000000000000000000000000000000000000000000000000000000000000000000000000000000000000000000000000000000000000000000000000000000000000000000
000000000000000000000000000000000000011000000010000000010111000000000000000000000000000000000000100001101000000000000000000000101010111000100010000000000000110000000000000000000000000000000000000000000000000000000000000000000000000000000000000000000000000000000000000000000000000000000000000000000000
000000000000000000000000000000000000000000000010000100010110000000000000000000000000000000000011000001110000000000000000000000111011101010100100000000000000000000000000000000110000000000000000000000000000000000000000000000000000000000000000000000000000000000000000000000000000000000000000000000000000
000000000000000000000000000000000000000000000000000100011100000000000000000000000000000000000000001001100000000010000000001110110001111111011110000000000000000000000000000000101000000000000000000000000000000000000000000000000000000000000000000000000000000000000000000000000000000000000000000000000000
000000000000000000000000000000000000000000000010000000101000000000000000000000000000000000000000001110000000000101000000001110011011101101010011000000000000000000000000000000010000000000000000000000000000000000000000000000001110000000000000000000000000000000000000000000000000000000000000000000000000
000000000000000000000000000000000000000000000010001011000000000000000000000000000000000000000000001110110000000010000000000000001111000011100011000000000000000000000000000000000000000000000000000000000000000000000000000000001001000000000000000000000000000000000000000000000000000000000000000000000000
000000000000000000000000000000000000000000000000001100000000000000000000011000000000000000000000000100110000000000000000000000000010000000000000000000000000000000000000000000000000000000000000000000000000000000000000000000010011000000000000000000000000000000000000000000000000000000000000000000000000
000100000000000000000000000000000000000000000000000000000000000000000000011000000000000000000000000011100000000000000000000000000000000000000000000000000000000000000000000000000000000000000000000000000000000000000000011000011000000000000000000000000001100000000000000000000000000000000000000000000000
001010000000000000000000000000000000000000000000000000000000000000000000000000000000000000000000000001000000000000000000000000000000000000000000000000000000000000000000000000000000000000000000000000000000000000000000100100000000000000000000000000000001100000000000000000000000000000000000000000000000
001100000000000000000000000000000000000000000000000000000000000001110000000000000000000000000000000000000000000000000000000000000000000000000000000000000000000000000011000000000000000000000000000000000000000000000000011000000000000000000000000000000000000000000000000111000000000000000000000000000000
000000000000000000000000000000000000000000000000000000000000000000000000000000000000000000000000000000000000000000000000000000000000000000000000000000000000000000000100100000000000000000000000000000000000000000000000000000000000000000000000000000000000000000000000000000000000000000000000000000000000
000000000000000000000000000000000000000000000000000000000000000000000000000000000000000000000000000000000110000000000000000000000000000000000000000000000000000000000011000000000000000000000000000000000000000000000000000000000000000000000000000000000000000000000000000000000000000000000000000000000000
000000000000000000000000000000000000000000000000000000000000000000000000000000000000000000000011000000000110000000000000000000000000000000000000000000000000000000000000000000000000000000000000000000000000000000000000000000000000000000000000000000000000000000000000000000000000000000000000000000000000
000000000000000000000000000000000000000000000000000000000000000000000000000000000000000000000011000000000000000000000000000000000000000000000000000110000010000000000000000000000000000000000000000000000000000000000000000001100000000000000000000000000000000000000001100000000000000000000000000000000000
000000000000000000000000000000000000000000000000000000000000000000000000000000000000000000000000000000000000000100000000000000000000000000000000000110000101000000000000000000000000000000000000000000000000000000000000000001100000000000000000000000000000000000000001100000000000000000000000000000000000
000000000000000000000000000000000000000000000000000000000000000000000000000000000000000000000000000000000000001010000000000000000000000000000000000000000101000000000000000000000000000000000000000000000000000000000000000000000000000000000000000000000000000000000000000000000000000000000000000000000000
000000000000000000000000000000000000000000000000000000001100000000000000000000000000000000000000000000000000001001000000000000000000000000000000000000000010000000000000000000000000110000000000000000000000000000000000000000000000000000000000000000000000000000000000000000000000010000000000000100000000
000000000000000000000000000000000000000000110000000000000000000000000000000011100000000000000000000000000000000110000000000000000000000000000000000000000000000000000000000000000000110000000000000000000000000000000110001000000000000000000000000000000000000111000000000000000000010000000000001010000000
000000000000000000000000000000000000000001001000000000001101100000000000000000000000000000000000000000000000000000000000000000000000000000000000000001100000001100000000000000000000000001000000000000000000000000000110010100000000000000000000000000000000000000000000000000010000000000000000001010000000
000000000000000000000000000000000000000000110000000000000100100000000000000000000000000000000000000000000000000000000000000000000000000000000000000010010000010010000000000000000000000010100000000000000000000000000000010010000000000000000000000000000000010000000000000000000000011000000000000100000000
000000000000000000000000000000000000000000000000000000000010010000000000000001000000000000000000000000000000000000000000000000000000000000000000000001100000001100000000000000000000000011000000000000000000000000000000001100000000000011100000000000000000010000000000000000000001111100000000000000000000
000000000001100000000000000000000000000000000000000000000011010000000000000010100000000000000000000000000000110000000000000000000000000000000000000000000000000000000000000000000000000000000000000000000000000000000000000000000000000000000000000000000000010001010000000000000001001100000000000000000000
000000000001100000000000000000000000000000000000000000000001100000000000000010100000000000000000000000000000110000000000000000000000000010000000111000000010000000000000000000000000000000000000000000000000000000000000000000000000000000000000000000100000000000001100000000000000000000000000000000000000
000000000000000000000000111000000000000000000000000000000000000000000000000001000000000000010000000000000000000000000000000000000000000101000000000000000101000000000000000000000000000000000001100000000000000000000000000000000000000000000000000001010000000000011000000000000000000000000000000000000000
000000000000000000000000000000000000000000000000000000000000000000000000000000000000000000010000000000000000000000000000000000000000000110000000000000000101000000000000000000000111000000000010010000000000000000000001000000000000000000000000000001010000000000010000000000000000000000000000000000000000
000000000000000100000010000010000000000110000000000000000000000000000000000000000000000000010000000000000000000000000000000000000000000000000000000000000010000000000000000000000000000000000001100000000001100000000010100000000000000000000000000000100000000000000000000000001000000000000000000000000000
000000000000001010000010000010000000000110000000000000000011000000000000000000000000000000000000000000000000000000000000000000000000000000000000000000000000000000000000000000000000010000000000000000000001100000000010100000000000000000000000000000000000000000000000000000010100000000000000000000000000
000000000000010010000010000010000000000000000000000000000011000000000000000000000000000000000000000000000000000000000000000000000000000000000000000000000000000000000000000000000000010000000000000000000000000000000001000000000000000000000000000000000000000000000000000000100100000000000000000000000000
000000000000001100000000000000000000110000000000000000000000000000000000000000000000000000000000000000000000000000000000000000000000000000000000000000000000000000000000000000000000010000000000000000000000000000000000000000000000000000000000000000000000000000000000000000011000000000000000000000000000
000000000000000000000000111000000000110000000000000000000000000000000000000000000000000000000000000000001000000000000000000000000110000000000000000000000000000000000000000000000000000000000000000000000000000000000000000000000000000000000000000000000000000000000000000000000000000000000000000110000000
000000000000000000000000000000000000000000000000000000000000000000000000000000000000000000000000000000001000000000000000000000001001000000000000000000000000000000000000000000011000000000000000000000000000000000000000000000000000000000000000000000000000000000000000000000000000000000000000000110000000
000000000000000000000000000000000000000000000000000000000000000000000000000000000000001100000000000000001000000000000000000000000110000000000000000000000000000000000000000000101000000000000000000000000000000000001100000000000000000000000000000000000000000000000000000000000000000000000000000000000000
000000000000000000000000000000000000000000000000000000000000000000000000000000000000001100000000000000000000000000000000000000000000000000000000000000000000000000000000000000010000000000000000000000000000000000010010000000000000000000000000000000000000000000000000000000000000000000000000000000000000
000000000000000000000000000000000000000001100000000000000000000000000001100000001100000000000000000000000000000000000000000000000000000000000000000000000000000000000000000000000000000000000000000000000000001000001100000000000000000000000000000000000000000000000000000000000000000000001100000000000000
000000000000000000000000000000000000000010010000000000000000000000000010010000010010000000000000000000000000000000000000000000000000000000000000000000000000000000000000000000000000000000000000000000000000010100000000000000000000000001000000000000000000000000000000000000000000000000001100000000000000
000000000000000000000000000000000000000001010000000000000000000000000001100000001100000000000000000000000000000000000000000000000000000000000000000000000000000000000000000000000000000000000000000000000000010100000000000000000000000001000000000000000000000000000000000000000000000000000000000000000000
000000000000000000000000000000000000000000100000000000000000000000000000000000000000000000000000000000000000000000000000000000000001110000000011000000000000000000000000000000000000000000000000000000000000001000100000000000000000000001000000000000000000000000000000000000000000000000000000000000000000
000000000000000000100000000000000000000000000000000000000000000000000000000010000000000000000000000000000000000000000000000000000000000000000010100000000000000000000000000000000000000000000000000000000000000000100000000000000000000000000000000000000000000000000000000000000000000000000000000000000000
000000000000000001010000000000000000000000000000000000000000000000000000000101000000000000000000000000000000000000000000000000000000000100000001000000001110000000000000000000000000000000000000000000000000000000100000000000000000011100011100000000000000000000000000000000000000000000000000000000000000
000000000000000001001000000000000000000000000000000000000000111000000000000101000000000000000000000000000000000000000000000000000000000100000000000000001110000000000000000000000000000000000000000000000000000000000000000000000000000000000000000000000000000000000000000000000000000000000000000000000000
000000000000000000110000000000011000000000000000000000000000000000000000000010000011000000000000000000000000000000000000000000000000000100000000000000010110000000000000000000000000000000000000000000000000000000000000000000000000000001000000011000000000000000000000000000000000000000000000000000000000
000000000000000000000000000000100100000000000000000000000000000000000000000000000011000000000000000000000000000000000000000000000000000000000000000000000010100000000000000000000000000000000000000000000000000000000000000000000000000001000000011000000000000000000000000000000000000000000000000000000000
010000000000000000000000000000101000000000000000000000000000000000000000000000000000000000000000000010000000000000000000000000000000000000000000000001110100000000000000000000000000000000000000000000000000000000000000000000000000000001000000000000000000000000000000000000000000000000000000000000000000
101000000000000000110000000000010000000000000000000000000000000000000000000000000000000000000000000101000000000000000000000000000000000000000000000000000100101101110000000000000000000000000000000000000000000000000000000000000001000000000000000000000000000000000000000000000000000000000000000000000000
101000000000000000110000000000000000000000000000000000000000000000000000000000000000000000000000000101000000000000000000000000000000000000000000000000000101001010110000000000000000000000000000000000000000000000000000000000000001000000000000000000000000000000000000000000000000000000000000000000000000
010000000000000000000000000000000000000000000000000000011000000000000000000000000000000000000000000010000000000000000000000001000000000000000000000000001110000000000000000000000000000000000000000000000000000000000000000000000001000000010000000000000000111000000000000000000000000000000000000000000000
000000000000000000000000000000000000000000000000000000011000110000000000000000000000000000000000000000000000000000000000000001000000000000000000000000000000011100000000000000000011000000000000000000000000000000000000000000000000000000101000000000000000000000000000000000000000000000000000000000000000
000000000000000000000000000000000000000000000000000000000000110000000000000000000000000000000000000000000000000000000000000001000001110000000000000000000000011000000000000000000101000000000000000000000000000000000000000000000000011100101000000000000010000010000000000000000000000000000000000000000000
000000110000000000000000000000000000000000000000000000000000000000000000000000000000000000000000000000011000000000000000000000000000000000000111100000000000000000000000000000000010000000000000000000000000000000000000000000000000000000010000000000000010000010000000000000000000000000000000000000000000
000000110000000000000000000000000000000000000000000000000000000000000000000000000000001100000000000000011000000000000000011000000000000000001001100000000000000000000000000000000000000000000000000000000000000000000000000000000000000000000000011000000010000010000000000000000000000000000000000000000000
000000000000000000000000000000000001110000000000000000000000000000000000000000000000001100000000000000000000000000011000000100000000000000010011000000000000110000000000000000000000000000000100000000000000000000000000000000000001000000000000011000000000000000000000000000000000000000000000000000000000
000000000000000000000000000000000000000000000000000000000000000000000000000000000000000000000000000000000000000000011000000001100000000000001100000000000000000000000000000000000000000000000100000000000000000000000000000000000010100000010000000000000000111000000000000000000000000000000000000000000000
000000000000000000000000000000000000000000000000000000000000000000000000000000000000000000000000010100000000000000000000000000100000000000000000000000000000000000000000000000000000000000000100000000000000000000000000000000000100100000010000000000000000000000000000000000000000000000000000000000000000
000000000000000000000000000000000000000000000000000000000000000000000000000000000000000000000000010001100000000000000000001000000000000000000000000000000000000000000000000000000000000000000000000000000000000000000000000000000011000000010000000000000000000000000000000000000000000000000000000000001000
000000000000000000000000000000000000000000010000000000000000000000000000000000001110000000000000000000110000000000000000010100000000000000000000000000000000000000001000000000100000000001110000110000000000000000000000000000000000000000000000000000000000000000000000000000000000000000000000000000010100
000000000000000000000000000000000000000000110000000000000000000000000000000000000000000000000000000100001000011000000000000000000000000000000000000000000000000000010100000001010000000000000000110000000000000000000000000000000000000111000111000000000000000000000000000000000000000000000000000000010100
000000000000000000000000000000000000000000110000000100000000000000000000000000000000000000000000000001000011100100000110110101100000000000000000000000000000000000010100000001010000000000000000000000000000000000000000000000000000000000000000000000000000000000000000000000000000000000000000000000001000
000000000000000000000000000000000000000000100000001010000000000000000000000000000000000000000000000000100011000111111010010001100000000000000000000000000000000000001000000000100000000000000000000000000000000000000000000000000000000000010000000000000000000000000000000000000000000000000000000000000000
000000000000000000000000000000000011000000000000000110000000000000000001000000000000000000000000110000011010000010010000001100010011100000000000000000000000000000000000000001010000000000000000000100000000000000000000000000000000000000010000000000000000000000000000000000000000000000000000000000000000
000000000000000000000000000000000011000000000000000000000000000000000010100000000000001110000000110000000001111110001010000101000100000000000000000000000000000000000000000001010000000000000000001010000000000000000000000000000000000000010000000000000000000000000000000000000000000000000000000000000000
000000000000000000000000000000000000000000000000000000000000000000000010100000000000000000000000110000000000001100000100001011000000100000000000000000000000000000000000000010001000000000000000001010000000000000000000000000000000000000000000000000000000000000000000000000000000000000000000000000000000
000000000000000000000001000000000000000000000000000000000000000000000001000000000000100000001100000011100000010000000000000000010000100000000000000000000000000000000000000110101100000000000000000100000000000000000000000000000000000000000000000000000000000000000000000000000000000000000000000001100000
000000000000000000000001000000000000000000000000000000000000000000000000000000000000100000001100000100111100000000000000000000001010000000000000000000000000010000000000000110100100000000000010000000000000000000000000000000000000000000000000000000000000000000000000000000010000000000000000000001100000
000000000000000000000001000000000000000000000000000000000000000110000000000000000000100000000000001011000001100000000000000000000110110000000000000000000000101000000000000111110110000000000110000000000000000000000000000000000000000000000000000000000000000000000000000000101000000000001110000000000000
000000000000000000000000000000000000000000000100000000000000000110000000000000000000000000000000010010001110000000000000000000000001110000000000000000000000101000000000000000100110000000000101000000000000000000000000000000000000000000000000000000000000000000110000000000101000000000000000000000000000
000000000000000000011100000000000000000000001010000000000000000000000000000000000000000000000000010100000000000000000000000000000001010000000000000000000000010000000000000000110110000000000010000000000000000000000000000000000000000000000000000000000000000001001000000000010000000000000000000000000000
000000000000000000000000000000000000000000000110000111000111000000000000000000000000000000010100001000000000000000110000000000000001100000000000000000000000000000000000000000110011000000000001000110000000000000000000000000000000000000000000000000000000000000110000000000000000000000000000000000000000
000000000000000000000000000000000000000000000000000000000000000000000000000000000000001100000010000000000000000001110000000000000000000000000000000000000000000000000000000001100110000000000000001010000000000000000000000000000000000000000000000000000000000000000000001100000001100000000000000000000000
000000000000000000000011000000000000011000000000000000010000000000000000000000000000000100110010000000000000000000100001100000000000000000000000000000000000000000000000000000000000000000000000001000000000000000000000000000000000000000000000000000000000000000000000010010000001100000000000000000000000
000000000000011100000011000000000000100100000000000000010000000000000000000000000000000001010010000000000000000000010100100000000000000000000000000000000000000000000000000000000000000000000000000011000000000000000000000000000000000000000000000000000000000000000000001100000000000000000000000000000000
000000000000000000000000000000010001001000000000000000010000000000000000000000000000000001001100000000000000000000000000100000000000000000000000000110000000000000000000000000000000000000000000000000000011000000000000000000000000000000000000000000000000000000000000000000000000000000000000000000000000
000000000000000000000000000000010000110000000000000000000000100000000000000000000000000010000000000000000000000000000000000000000000000000000000000110000000000000000000000000000000000000000000000000000011000000000000000000000000000000000000000000000000000001100000000000000000000000000000000000000000
000000000000000000000000000000010000000000000000000000000000100000000000000000111000000100111000000000000000000000011011000000000000000000000000000000000000000000000000000000000000000000000000000000000000000000000000000000000000000000000000000000000000000001100000000000110000000000000000000000000000
000000000000000000000000000000000000000000000000000000000000100000000000000000000000000100110000000000000000000000000100000000000000000000000000000000000000000000000000000000000000000000000000000000000000000000000000000000000000000000000000000000011000000000000010000000110000000000000000000000000000
000000000000000000000000000111000111000000000000000000000000000000000000000000000000000010010000111000000000111111000010000000000000001110000000000000000000000000000000000000000000000000000000000000000000000000000000000000000000000000000000011000010100000000000101000000000000000000000000000000000000
000000000000000000000000000000000000000000000000000000001110000000000000000000000100000000011011100000000010000111000010000000000000000000000000000000000000000000000000000000000000000000000000000000000000000000000000000000000000000000000000100100001000000000001010000000000000000000001100000000000000
000000111000000000000000000000010000000000000000000000000000000000000000000000001010000000011001000000000010000110010000000000000000001010000000000000000000000000000000000000000000000000000000000000000000000000000000000000000000000000000000101000000000000000001100000000000000000000001100000000000000
000000000000000000000000000000010000000000000000000000000000100000000000000000001010000000000111000000000110100110000000000000000010000100000000000000000000000000000000000000011000000000000000000000000000000000000000000000000000000000000000010000000000000000000000000000000000000000000000000000000000
000010000010000000000000000000010000000000000000000000000000100000000000000000000100000000000000000000000110011100000100000000000001000000000000000000000000000000000000000000011100000000000000000001100000000000000000000000000000000000000000000000000000000000000000000000000000011000000000000000000000
000010000010000000000110000000000000000000000000000000000000100000000000000001100000000000000000000000000110011110000000000000000001000000000000000000000000000000000000000000010100000000000000000110111000000000000000000000000000000000000000000000000000000000000000000000000000011000000000000000000000
000010000010000000000110000000000000000000000000000000000000000000000000000001100000000000000000000000000000100000001000000100100011000000000000000000000000000000000000000000000100000000000000000000001000000000000000000000000000000000000000000000000000000000000000000000000000000000000000000000000000
000000000000000000000000000000000000000000000000000000000000000000000000000001100010000000000000000000000001110000010000000000100011000000000000011100000000000000000000000011100110000000000000000001000000000000000000000000000000000000000000000000000000000000000000000000000000000000000000000000000000
000000111000000000000000000000000000000000000000000000000000000000000000001111000011100000000000000000000000000000000000000010000001000000000000000000000000000000000000000011010110000000000000110000101100000000000000000000000000000000000000000000000000000000000000000000000000000000000000001000000000
000000000000000000000000000000000000000000000000000000000000000000000000001110000100100000000000000000000000000000000000000001111101000000000001000001000000000000000000000000111000000000000000111000100000000000000000000000000000000000000000000000000000001100000000000000000000000000000000010100000000
001000000000000000000000000000000000000000000000000000000000000000000000010000000010110000000000000000000000000000000000000001000001100000000001000001000000000000000000110000111000000000000000000010001000000000000000000000000000000000000000000000000000001100000000000000000000000000000000010100000000
001000000000000000000000000000000000000000000000000000000000000000000000110100001110000000000000000000000000000000000000000000000110110000000001000001000000000000000000110000000000000000000000000001110000000000000011000000000000000000000000000000000000000000000000000000000001000000000000001000000000
001000000000000000000000000000000000000000000000000000000000000000000000100100000101000000000000000000000000001100000000000010000110000000000000000000000000000000000000000000000000000000000000000000000000000000000100100000000000000000000000000000000000000000000000000000000001000000000000000000000000
000000011000000000000000000000000110000000000000000000000000000000010000101000000010000000000000000000000000010010000000000010000000000000000000011100000000000000000000000000000000000000000000000000000000000000000011000000000000000000000000000000000000000000000000000000000001000000000000000000000000
000000100100000000000000000000000110000000000100000000000000000000101000011000000000000000000000000000000000010100000000000000000000000000000000000000000000000000000000000000000000000000000000000000000000000000000000000000000000000000000000000000000000000000000000000000000000000000000000000000000000
000000010100000000000000000000000000000000001010000000000000000000101000000000000000000110000000000000000000001000000000000000000000000000000000000000000000000000000000000000000000000000000000000000000000000000000000000000000000000000000000000000000000000000000000000000011100011100000000000010000000
000110001000000000000000000000000000000000001001000000000000000000010000000000000000001001000000000000000000000000000000000000000000000000000000000000000000000000000000010000000000000000000000000000000000000000000000000000000000000000000000000000000000000000000000000000000000000000000110000101000000
000110000000000000000000000000000000000000000110000000000000000000000000000000000000000110000000000000000000000000000000000000000000000000000000000000000000000000000000101000000000000011000000000000000000000000000000000000000000000000000000110000000000001000000000000000000001000000000110000101000000
000000000000000000000000000000000000000000000000000000000000000000000000000000000000000000000000000000000000000000000000000000000000000000000000000000000000000000000000101000000000000101000000000000000000000000000000000000000000000110000000110000000000010100000000000000000001000000000000000010000000
000000000000000000000000000000000000000000000000000000000000000000000000000000000000000000000000000000000000000000000000000000000000000000000000000000000000000000000000010000000000001110000000000000000000000000000000000000000000000110000000000000000000101000000000000000000001000000100000000000000000
000000000000000000000000000001110000000000000000000000000000000000000000000000000000000000000000000000000000001000000010000000000000000000000000000000000000000000000000000000000000000110000111000000000000000000000000000000000000000000000000000000000000110000000000000000000000000000100000000000000000
000000000000000000000000000000000000000000000000000000000000000000000000000000000000000000000000000000000000010110000010000000001000000000000000000000000000000000000000000000000000000000000001000000000000000000000000000000000000000000000000000000000000000000000000000000000000000000100000000000000000
000000000000000000000000000000000000000000000000000000000000000000000000000000000000000000000000000000000001100000000010000000010100000000000000000000000000000000000000000000000000000000011110000000000010000000000000000000000000000000000000000000000000000000000000000000000000000000000000000000000000
000000000000000000000000000000000000000000000000000000000000000000000000000000000000000000000000000000000001101001000000000000001000000000000000000000000000000000000000000000000000000000011100000000000100001100000000000000000000000000000000000000000000000000000000000000000000000000000000000000000000
000000000000000000000000000000000000000000000000000000000000000000000000000000000000000000000000000000000001111000000000000000000000000000000000000000000000000000000000000000000000000000000000011000000110001100000000000000000000000000000000000000000000000000000000000000000000000000000000000000000000
000000000000000000000011000000000000000000000000000000000000000000000000000000000000000000000000000000000010100000000000000000000000000000000000000000000000000000000000000000000000000000000000101000000011100010000000000000000000011100000110000000000000000000000000000000000000000000011000000000000000
000000000000000000000011000000011000000000000000000000000000000000000000000000000100000000000000000000100001000000000000000000001000000000000000000000000000000000000000000000000000000000000001010000000001111100000000000000000000000000000110000000000000000000000000000000000000000000011000000000000000
000000000000000000000000000000011000000000000000000000000000000000000000000000001010000000000000000001010001000101000000000000010100000000000000000000000000000000000000000000000000000000000010010000000000111000000000000000000000000000000000000000000000000000000000000000000000000000000000000000000000
000000000000000000011000000000000000000000000000000000000000000000000000000000000011000000000000000010010000001001000000000000010100000000000000000000000000000000000000000000000000000000000001100000000000000000000000000000000000000000000000000000000000000000000000000000000000000000000000000000000000
000000000000000000100100000000000000000000000000000000000000000000000000000000011000000000000000000001100000010101100000000000001000000000000000000000000000000000000000000000000000000000000000000000000000000000000000000000000000000000000000000000000000000000000000000000000000011000000000000000000000
000000000000000000011000000000000000000000000000000000000000000000000000000000000000000000000000000000000000000010000000000000000000000000001100000000000000000000000000000000000000000000000000000000000000000000000000000000000000001100000000000000000000000000000000000000000000100100000000000000000000
000000000000000000000000000000000000000000000000000000000000110000000000000000000000000000000000000000000000010110000000000000000000000000001100000000000000000000000000000000000000000000000000000000000000000000000000000000000000001010000000000000000000000000000000000000000000010100000000000000000000
000000000001100000000000000000000000000000000000000000000000110000000011000000000000000000000000000000000000011010000000000000000000000000000000000000000000000000000000000000000000000000000000000011100000000000000000000000000000000110000000000000000000000000000000000000000000001000001000000000000000
000000000001100000000000000000000000000000000000000000000000000000000011000000000101000000000000000000000000011111100000000000000000000000000000000000000000000000000000000000000000000000000000000000000000000111000000000000000000000000000000000000000000000000000000000000000000000000010100000000000000
000000000110000000000000000000000000000000000000000000000000000000000000000000000011000000000000000000000000000010001000000000000000000000000000001000000000000000000000000000000000000000000000000000000000000111000000000000000000000000000000000000000000000000000000000000000000000000100100000000000000
000000000110000000000000000000000000000000000000000000000000000000000000000010000010000000000000000000000000000010000100000000000000000000000000001000000000000000000000000000000000000000000000000000000000001000100000000000000000000000000000000000000000000000000000000000000000000000011000000000000000
000000000000000000000000000000000000000000000000000000000000000000000000011010110000000000000000000000000111000110111000000000000000000000000000001000000000001000000000000000000000000000000000000000000000001101100000000101000000000000000000000000000000000000000000000000000000000000000000000000000000
000000000000000000000000000000000000000000000000000000000000000000100000100000010000000000000000000000000011000000010000000000000000000000000000000000000000001000000000000000000000000000000000000000000000000000000000010000100001100000000000000000000000000000000000000000000000000000000000000000000000
000000000000000000000000000000000000000000000000000000000000000001110000110001000000000000000000000000000001000000000000000000000000000000011000000000000000001000000000000000000000000000000000000000000000000000000110100000100010010000000000000000001100000000000000000000000000000000000000000000000000
001100000000000000000000000000000000000000000000000111000000000010000101110100001100000000000000000011100000000000000110000000000000000000100100000000000000000000000000000000000000000000000000000000000000000001000100000010000001100000000000000000001100000100001000000000000000000000000000000000000000
001100000000000000000011100000000000000000000000000000000000000001100001001101101100000000000000000100000000000000000110000000000000000000011000000000000000000000000000000000000000000000000100000000000000000001100011110110000000000000000000000000000000001010000110000000000000000000000000000000000000
000000000000000000000000000000000001100000000000000000000000000000000001001111111100000000000000001011010000000000000000000000000000000000000000000000000000000000000000000000000000000000001010000000000000000100110011100100000000000000000000000000000000001110000010000000110000000000000000000000000110
000000000000000000000000000000000010010000000000000000000000000000000010110000000000000000000000011101010000000000000000000000000000000000000000000000000000000000000000000000000000000000001010000000000000000100010000000011000000000010000000000000000000001110000100000001001000000000000000000000000110
000000000000000000000000000000000001100000000000000000000000000000000011100011100000000000000000000100000000000000000000000000000000000000000000000000000000000000000000000000000000000000000100000000000000001001011000000010100000000101000000000000000000001110001000000000110000000000000000000000000000
000000000000000000000000000000000000000000000000000000000000000000010001000000000000000000000000000111000000000000000000000000000000000000000000000000000000000000000000000010000000000000000000000000000000000100010000001101000000000101000000000000000000000001100000000000000000000000000000000000000000
000000000000000000000001100000000001100000000000000000000000000000001110000000000000000000000000000000000000000000000000000000000000000011000000000000000000000000000000000010000000000000000000011000000000000011100000010101000000000010000000000000000000001001000000000000000000000000000000000000000000
000000000000000000000001100000000010010000000000000000000000000000000000000000000000000000000000000000111001000000000000000000000000000100100000000000000000000000000000000000001100000000000000100100000000000011000000010000100000000000000000000000000000000110000000000000000000000000000000000000000000
000000000000000000000000000000000001100000000000000000000000000000000000000000000000000000000000000000100010100000000000000000000000000100100000000000000000000000000000000000001101100000000000011000000000000000000000000001000000000000001100000000000000000100000000000000000000000000000000000000000000
110000000000001100000000000000000000000000000000000000000000000000000000000000000000000000000000000000011010100000000000000000000000000011000000111000000000000000000000000000000101000000000000000000000000000000000000001100010000000000010010000000000000000000000000000000000000000000000000000000000000
110000000000001100000000000000000000000000000000000000000000000000000000000000000000000000000000000000000001000000000000000000000000000000000000000000000000000000000111000000000000000000000000000000000000000000000000000011100000000000001100000000000000000000111000000000000000000000000000000000000000
000000000000000000000000000000000000000000000000000000000000000000000000000000000000000000000000000000000000000000000000000000000000000000000000000000000000000000000100100001000000000000000000000000000000000000000000000000000000000000000000000000000000000000011000000000000000000000000000000000000000
000000000000000000000000000000000000110000000000000000000000000000000000000000000000000000000000000000000000000000000000000011000000000000000001000000000000000000000000010011011000000000000000000000000001100000000000000000000000000000000000000000000000000000011000000000000000000000000000000000000000
000000000000000000010000000000000001001000000000000000000000000000000000000000000000000000000000000000000000000000000000000011000000000000000001000000000000000000000100100001111100000000000000000000000001100000000000000000000000000000000000000000000000000000011011000000000000000000000000000000000000
000000000000000000101000000000000000110000000000000000000000000000000000000000000000000000000000000000000000000000000000000000000000000000000001000000000000000000000111001101000100000000000000000000000000000000000000000000000000000000000000000000000000000000100010000000000000000000000000000000000000
000000000000000000101000000000000000000000000000000000000000000000000000000000000000000000000000000000000000000000000000000000000000000000000000000000000000000000000000001001100000000000000000010000000000000000000000000000000000000000000000000000000000001000111100000000000000000000000000000000000000
000000000000000000010000000000000000000000000000000000000000000000000000000000000001100011000000000000000000000000000000000000000000000000000000000000000000000000000000001101000000000000000000010000000000000000000000000000000000000000000000000000000000001100101000000000000000000000000000000000000000
000000000000000000000000000000000000000000000000000000000000000000000000000000000001100100100000000000000000000000000000000000000000000000000000000000000000000000000000000001100000000001100000010000000000000000000000000000000000000000000000000000000000000000100000000000000000000000000000000000000000
000000000000000000000000000000000000000000000000000000000000000000000000000000000000000011000000000000000000000000010000000000000000000000110000000000000000000000000000000011100000000010010000000000000000000000000000000000000001000000000000000000000000000000101000000000000000000000000000000000000000
000000011100000000000000000000000000000000000000000000000000000000000000000000000000000000000000000000000000000011001000000000000000000000110000000000000100000000000000000001100000000001100000000111000000000000000000000000000011100000000000000000000000000000110000000000000000000000000000000000000000
000000000000000000000000000000000000000000000000000000000000000000000000000000000000000000000000000000000000001100001000000000000000000000000000000000001010000000000000000101100000000000000000000000000000000000000000000000000010100000000000000000000000000000000000000000000000000000000000000000000000
000000000001000000000000000000000000000000000000000000000000000000000000000000000000000000000000000000000000001001101000000000000000000000000000000000001010000000000000001001000000000000000000010000000010000000000000000000000000000000000010000000000000000000000000000000000000000000000000000000000000
000000000001000100000000000000000000000000000000000000000000000000000000000000000000000000000000000000000000001000010000000000000000000000000000000000000100000000000000001011000110000000000000010000000010000000000000000000000000000000000010000000000000000000000000000000000000000000000001100000000000
000000000001000100000010000000000000000000000000000000000000000000000000000000000000001110000000000000000000000111100000000000000000000000000000000000000000000000000000000101101101011000000000010000000010000000000000000000000010010000000010000000000000000000000000000000000000000000000001100000000000
000000000000000100000010000000000000000000000000000000000000000000000000000000000000000000000000000000000000000001000000000000000000000000000000000000000000000011000000000000100100010000000000000000000000000000000000000000000100110000000000000000000000000000000000000000000000000000000000000000000000
000000000000000000000010000000000000001100000000000000000000000000000000000000000000000000000000000000000000000000000000000000000000000000000000000000000000000011000000000000111000010010000000000000000001000000000000000000000000010000000000000000000000110000000000000000000000000000000000000000110011
000001000000000000000000000000000000001100000000000000000000000000000000000000000000000000000000000000000000000000000000000000000000000000000000000000000000000000000000000000000000110010000000000000000001000000000000000000000010100000000000000000000000110000000000000000000000000000000000000000110011
000001000000000000000000000000000000000000000000000000000000000000000000000000000000000000000000000000000000000000000000000000000000000000000000000000000000000000000000000000000000111010000000000000000001000000000000000000000011100000000000000000000000000000000000000000000000000000000000000000000000
000001000000000000000000000000000000000000000000000000000000000000000000000000000000000000000000000000000000000000000000000000000000001100000000000000000000000000000000000000000000011000000000000000000000000000000000000000000000000100000000000000000000000000001100000000000000000000000000000000000000
000000000000000000000000000000000000000000000000000000000000000000000000000000000000000000000000000000000000000000000000000000000000010010000000000000000000000110000000000000011100000000000000000000000000011100000000000000001100000110000000000000000000000000001100000000000000000000000001000000000000
000000000000000000000000000000000000000000000000000000000000000000000000000000000000000000000000000000000000000000000000000000000000001010000000000000001100000110000000000000011100000000000000000000000000000000000000000000001100010111000000000000000000000000000000000000000000000000000001000000000000
000000000000000000000000000000000000000000000000000000000000000000000000000000000000000000000000000000000000000000000000000000000000000100000000000000010010000000000000000000000000000000000000000000000000000000000000000000000000000001100000000000000000000000000000110000000000000000000001000000000000
000000000000000001100000000000000000000000000000000000000000000000000000000000000000000000000000000000000000000110000000000000000000000000000000000000001100000000000000000000000000000000000000000000000000000000000000000000000000010000000000000000000000000000000000110000000000000000000000000000000000
000000000000000001100000000000000000001100000000000000000000000000000000000000000000000000000000000000000000000110000000000000110000000000000000000001000000000000000000000000000000000000000000000000000000000000000000000000000000011100000000000000000000000000000000000000000000000000001000000000000000
000000000000000000000000000000000000001100000000000000000000000000000000000001100000000000000000000000000000000000000000000000110000000000000000000010100000000000000000000000000000000000000000000000010000000000000000000000000000000100000000000000000000000000000000000000000000000000001000000000000000
000000000000000000000000000000000000000000000001000000000000000000000000000010010000000000000000000000000000000000000000000000000000000010000000000010100000000000000000000000000000000000000000000000101000000000000000000000000000000100000000000000000000000000000000000000000000000000001000000000000000
000000000000000000000000000000000000000000000010100000000000000000000000000010100000000000000000000000000000000000000000000000000000000101000000000001000000000000000000000000000000000000000000010000110000000000000000000000000000001000000000000000000000000000000000000000000000000000000000000001000000
000000000000000000000000000000000000000000000010100000000000000000000000000001000000000000000000000000000000000000000000000000000000000110000000000000000000000000000000000000000000000000000000010000000000000000000000000000000000000000000000000000000000000000000000000000000000000000000000000010100000
000000000000000000000000000000000000000000000001000000000000000000000000000000000000000000000000000000000000000000000000000000000000000000000000000000000000000000000000000110000000000000000000010000000000000000000000000000000001001000000000000000000000000000000000000000000000000000000000000010100000
000000000000000000000000000000000000000000000000000000000000000000000000000000000000000000000000000000000000000000000000000000000000000000000000000000000000000000000000000110000000000000000000000000000000000000000000000000000001000000000000000000000000000000000000000000000000000000000000000001000000
000000000000000000000000000000000000000000011000000000000000000000000000000000000000000000000000000000000000000000000000000000000000000000000000000000000000000000000000000000000000000000000000000000000000000000000000000000000010000000000000000000000000000000000000000000000000000000000000000000000000
000000000000000000000000000000000000000000100100000000000000000000000000000000000000000000000000000000000000000000000000110000000000000000000000000000000000000000000000000000000000000000000000001000000000000000000000000000000110000100000000000000000000000000000000000000000011000001100000000000000000
000000000000000000000000000000000000000000011000000000000000000000000000000000000000000000000000000000000000000000000000110000000000000000000000000000000000000000000000000000000000000000000000010100000000000000000000000000001100000110000000000000000000000000000000000000000011000001100000000000000000
000000100000000000000000000000000000000000000000000000000011000000000000000000000000000000000000000000000000000000000000000000000000000000000000000000000000000000000000000000000000000000000000010100000000000000000000000000000000000110000000000000000000000000000000000000000000000000000000000000000000
000001010000000000000000000000000000000000000000000000000011000000000000000000000000000000000000000000000000000000000000000000000000000000000000000000000000000000000000000000000000000000000000001000000000000000000000000001100110001011000000000000000000000000000000000000000000000000000000000000000000
000001010000000000000010000000000000000000000000000000000000000000000000000000000000000000000000000000000000000000000000000000011000000011000000000000000000000000000000000000000000000000000000000000000000000000000000000001100010000111000000000000000000000000000000000000000000001100000000000000000000
000000100000000000000010011100000000000000000000000000000000000000000001100000000000000000000000000000000000000000000000000000100100000100100000000000000000000000000000000000000000000000000000000000110000000000000000000011000111011110000000000000000000000000000000000000000000010010000000000000000000
000000000000000000000010000000000000000000000000000000000000000000000001100000000000000000000000000000000000000000000000000000011000000011000000000000000000000000000000000000000000000000110000000000110000000000000000000011000000001100000000000000000000000000000000000000000000001100000000000000011000
000000000000000000000000000000000000000000000000000000000000000000000000000000000000000000000000000000000000000000000000000000000000000000000000000000000000000000000000000000000000000000110000000000000000000000000000000000000000000000000000000000000000000000000000000000000000000000000000000000011000
000000110000000000000000000000000000000000000000000000000000000000000000000000000000000000000000000000000000000110000000000000000000100000000000000000000000000000000000000000000000000000000000000000000000000000000000000000111000000000000000000000000000000000000000000000000000000000000000000000000000
000000110000000000000000000000000000000000000000001100000000000000000000000000000000000000000000000000000000001001000000000000000001010000000000000000000000000000000000000000000000000000000000000000000000000000000000000000000000000000000000000000000000000000000000000000000000000000000000000000000000
000000000000000000000000000000000000000000000000001100000000000000000000000000000000000000000000000000000000000101000000000000000001010000000000000000000000000000000000000000000000000000000000000000000000000000000000000110000000000000000000000000000000000000000000000000000000000000000000000110000000
000000000000000000000000000000000000000000000000000000000000000000000000000000000000000000000000000000000000000010000000000000000000100000000000000100000000000000000000000000000000000000000000000000000000000000000000000010100000000000001000000000000000000000000000000000000000000000000000000110000000
000000000000000000000000000000000000000000000000000000000000000000000000000000000000000000000000000000010000000000000000000000000000000010000000000100000000000000000000000000000000000000000000000000000000011000000000000001100000000000001000000000000000110000000000000000000000000000000000000000000000
000000000000000000000000000000000000000000000000000000000000000000000000000000000000000000000000000000101000000000000000000000000000000101000000000100000000000000000000000000001100000000000000000000000000011000000000000000110000110101000100000000000000110000000000000000000000000000000000000000000000
000000000000000000000000000000000000000000000000000000000000000000000000000000000000000000000000000000100100000000000000000000011000000101000000000000000000000000000000000000001100000000000000000000000000000000000000000000011000000110001000000000000000000000000000000000000000000000000000000000000000
000000000000000000000000000000000000000000000000000000000000000000000000000000000000000000110000000000011000000000000000000000100100000010000000000000000000000000000000000000000000000000000000000000000000000000000000000000011000010000010000000000000000000000000000000000000000000000000000000000000000
000010000000000000000000000000000000000000000000000000000000000000000000000000000000000000110000000000000000000000000000000000100100000000000000000110000000000001100000000000000000000000000000000000000000000000000000000000000000010010000000000000000000000011000000000000000000000000000000000000000000
000101000000000000000000000000000000000000000000000000000011000000000000000000000000000000000000000000000000000000000000000000011000000000000000001001000000000001010000000000000000000000000000000000000000000000000000000000000000010001000000000000000000000011000000000000000000000000000000000000000000
000110000000000000000000000000000001000000000000000000000100100000000000000000000000000100000000000000000000000000000000000000000000000000000000000110000000000000100000000000110000000000000000000000000000000000000000000000000000010001000000110000000000000000000000000000000000000000000000000000000000
000000000000000000001100000000000010100000000000011000000011000000000000000000000000001010000000000000000000000000000000000000000000000000000000000000000000000000000000000000101000000000000000000000000000000000000000000000000000100010000000000000000000000000000000000000000000000000000000000110000000
000000000000000000010010000000000010010000000000011100000000000000000000000000000000000100000000000000000000000000000000000000000000000000000000000000000000000000000000000000010000000000000000000000000000000000000000000000000000100000000000000000000000000000000000000000000000000000000000000110000000
000000000000000000001100000000000001100000000000100100000000000000000000000000000000000000000000000000000000000000000000000000000000000000000000000000000000000000000000000000000000000000000000000000000000111000000000000000000000000000111000000000000000001100000000000000000000000000000000000000000000
000000000000000000000000000000000000000000000000011100110000000000000000000000000000000000000000000000000011000000000000000000000000000000000000000000000000000001100000000000000000000000000000000000000000000100000000000000000000111001100110000000000000001100000000000000000000000000000000000000000000
000000000000000000000000000000000000000000000000011100000000000000000000000000000000000000000000000000000100100000000000000000000000000000000000000000000000000001100000000000000000000000000000000000000001000010000000000000000000100000000000000000000000000000000000000000000000000000000010000000000000
000000000000000000000000000000000000000000000110000011001000001000000000000000000000000000000000000000000011000000000000000000000000000000000000000000000000000000000000000000000000000000000000000011000001100010000000000000000000010111000000000000000000000000000000000000000000000000000101000000000100
000000000000000000000000000000000000000000000110001101011000011100000000000000000000000000000000000000000000000000000000000000000000000000000001110000000000000000000000000000000000000000000000000000000000110100000000000000000000010111000000000000000000000000000000000000011100000000000101000000001010
000000000000000000000000000000000000000000000000000000001111100110000000000000000000000000000000000000000000000000000000000000000000000000000000000000000000000000000000000000000000000000000000000000000001001010000000000000000001000001000000000000000000000001100000000000000000000000000010000000001001
000000000000000000000000000000000000000000000000000000000111110000000000000000000000000000000000000000000000000000000000000000000000000000000000000000000000000000000000000000000000000000000000000000000000000000000000000000000001101110000000000000000000000001100000000001000001000000000000000000000110
000000000000000000000000000000000000000000000000000011000111000000000000100000000000000000000000000110000000000000000000000000000000000000000000000000000000000000000000000000000000000000000000000000000000000000000000000000000000100010000000000000000000000000000000000001000001000000000000000000000000
000000000000000000000000000000000000000000000000001001000000000000000001010000000000000000000000000110000011000000000000000000000000000000000000000000000000000000000000000000000000000000000000000000000000000000000000000000000000000110000000000000000000000000000000000001000001000000000000000000000000
000000000000000000000000000000000000000001100000000001000000000000000001010000000000000101000000000000000011000000000000000000000000000000000000000000000000000000000000000000000000000000000000000000000000000000011100000000000000010100000000000000000000000000000000000000000000000000000000000000000000
000000000000000000000000000000000000000001100000001000000000000001000000100000000000000110000000000000000000000000000000000000000000000000000000000000000000000000000000000000000000000000000000000000000000000000000000000000000000001000000000000000000000000000000000000000011100000000000000000000000000
000000010000000010000010000000000000000000000000011110000000000001000000000000000000000010000000000000000000000000000000000000000000000000010000000000000000000000000000000000000000000000000000000000000000000001000000000000000000000000000000000000000000000000000000000000000000000000000000100000000000
000000010000000010000010000000000000000000000000110011100000000000000000000000000000000000000000000000000000000000000000000000000000000000010000000000000000000000000000000000000000000000000000000000000000000001000000000000000000000000000000000000000000000000000000000000000000000000000000100000000000
000000010000000011000110000001110000000000000000110001100000000000000000000000000000000000000000000000000000000000000000000000000000000000010000000000000000000000000000000000000000000000000000000000000000000001000000000000000000000001110000000000000000000000000000000000000000000000000000100000000000
000000000000000000000000000000000000000001000000000000000100101100010100000000000000000000000000000000000000110000000000000000000000000000000000000000000000000000000000000000000000000000110000000000000000000000000000000000000000000000000000000000000000000000000000000000000000000000000000000000000000
000000000000111001101100111000000000000001000000000000010001011100011000000000000000000000000000000000000000110000000000000000000000000000000000000000000000000000000000000000000000000001001000000000000000000000000000000000000000000000000000000000000000000000001100000000000000000000000000000000000000
000110000000001010101010100000000000000001000000000000000011100000011100000000000000000000000000000000000000000000000000000000000000000000000000000000000000000000000000000000000000000001001000000000000000000000110000000000000000000000000000000000000000000000001100000000000000000000000000000000000000
000110000000000011000110000000000000000000000000000000000000000000000000000000000000000000000000000000000000000000000000000000000000000000000000000000000000000000000000000000000000000000110000000000000000000000110000000000000000000000000000000000000000000000000000000000000000000000000000000000000000
