300 300
000000000000001100001000000000000000000000000000000110110000000000000000000000000000000000000000000000000000000000000000000000000000000000000000110000000000000000000000000000000000000000000000000000000000000000000000000000000000000000000000000000000000000000000000000000000000000000000010000000000000
000000000000010010001000000000000000000000000000000110110000000000000000000000000000000001110000000000000000000000000000000000000000000000000000110000000000000000000000000000000000000000000000000000000000000000000000000011100000000000001100000000000000000000000000000000000000000000000010000000000000
000000000000001100001000000000000000000000000000000000000000000000000000000000000000000010010000000000000000000000000000000000000000000000000000000000000000000000000000000000000000000000000000000000000000000000000000000000000000000000010010000000000000000000000000000000000000000000000010000000000000
000000000000000000000000000000000000000000000000000000000000000000000110000110000000000010000011110000000000000000000000000000000000000000000000000000110000000000000000000000000000000000000000000000000000000000000000000000000000000000010100000000000000000000000000000000000000000000000000000000000000
000000000000000000000000000000000000000000000000000000000000000000001001000110000000000001001000101000000000000000000000000000000000000000000000000000110000000000000000000000000000000000000000000000000000000000000000000000000000000000001000000000000000000000000000000000000000000000000000000000000000
000000000000000000000000000000000000000000000000000000000000000000000110000000000000000000001000110000000000000000000000000000000000000000000000000000000000000000000000000000000000000000000000000000000000000000000000000000000000000000000000000000000000000000000000000000000000000000000000000000000000
000000000000000000000000000000000000000000000000000000000000000000000000000000000000000000000010000000000110000000000000000000000000000000000000000000000000000000000000000000000000000000000000000000000000000000000000000000000000000000000000000000000000000000000000000000000000000000000000000000000000
000000000000000000000000000000000000000000000000000000000000000000000000000000000000000000000000000000001001000000000000000000000000000000000000000000000000000000000000000000000000000000000000000000000000000000000001100000000000000000000000000000000000000000000000000000000000000000000000000000000000
000000000000000000000000000000000000000000000000000000000000000000000000000000000000000000000000000000000101000000000000000000000000000000000000000000000000000000110000000000000000000000000000000000000000000000000001100000000000000000000000000000000000000000000000000000000000000000000000000000011000
000000000000000000000000000000000000000000000000000000000001110000000000000000000000000000000000011000000010000000000000000000000000000000000000000000000000000001010000000000000000000000000000000000000000000000000000000000000000000000000000000000000000000000000000000000000000000000000000000000011000
000000000000000000000000000000000000000000000000000000000001001000000000000000000000000000000000000011000000000000000000000000000000000000000000000000000000000000100000000000000000000000000000000000000000000000000000000000000000000000000000000000000000000000000000000000000000000000000000000000000000
000000000000000000000000000000000000000000000000000001000000011000000000000000000000000000000000011000000000000000000000000000000000000000000000000000000000000000000000000000000000000000000000000000000000000000000000011000000000000000000000000000000000000000000000000000000000000000000000000000000000
000000000000000000000000000000000000000000000000000001000111100000000000000000000000000000000000000111000000000000000000000000000000000000000000000000000000000000000000000000000000000000000110000000000000000000000000011000000000000000000000000000000000000000000000000000000000000000000000000000001100
000000000000000000000000000000000000000000000000000000000101000000000000000000000000000000000000000000000000000000000000000000000000000000000000000000000000000000000000000000000000000000001001000000000000000000000100000000000000000000000000000000000000000000000000000000000000001100000000001000001100
000000000001100011000000000000000000000000000000000000001111100000000000000000000000000000000000000000000000000000000000000000000000000000000000000000000000000000000000000000000000000000000101000000000000000000000100000000000000000000000000000000000000000000000000000000000000001100000000001000000000
000000000001100011000000000000000000000000000000000000001101100000000000000000000000000000000000000000000000000000000000000000000000000100000000000000000000000000000010000000000000010000000010000000000000000000000100000000000011100000000000000000000000000000000000000000000000000000000000001000000000
000000000000000000000000000000000000000000110000000000000000000000000000000000000000000000000000000000000000000000000000000000000000001010000000001110000000000000000101000000000000000010000000000000000000000000000000000000000000000000000000000000000000000000000000000000000000000000000000000000000000
000000000000000000001100000000000000000000110000000010001101100000000000000000000000000000000000000000000000000000000111000000000000000110000000000000000000000000000110000000000000000010000000000000000000000000000001110000000000001000000100000000000000000000000000000000000000000000000000000000000000
000000011000000000010010000000000000000000000000000101000010000000000000000000000000000000000000000000000000000000000000000000000000000000001100000000000000000000000000000000000000010100000000000000000000000000000000000000001100001000011011000000000000000000000000000000000000000000000000000000000000
000000011000000000001100000000000000000000000000001000100000000000000000000000000000000000000000000000000000000000000000000000000000000000001010000000000000000000000000000000000011000000000000000000000000000000000000000000001100000000011011000000000000000000000000000000000000011100000000000000000000
000110000000000000000000000000000000000000000000000101000000000000000000000000000000000010000000000000100000000000000000000001110000000000001000000000000000000000000000000000000001100000000000000000000000000000000000000000000000111000010000000000000000000000000000000000000000000000000000000000000000
001001000000000000000000000000000000110000000000000010000000000000000000000000000000000101000000000001010000000000000000000000000000000000000000000000000000000000000000000000000101100000000000000001000100000000000000000010000000111011010000000000000000000000000000000000000001000001000000000000000000
000110000000000000000000000000000000110000000000000000001100000000000000000000000000000101000000000001001000000000000000000000000100000001100000000000000000000000000000000110000111000000000000000001011100000000000000000101000001000011110000000000000000000000000000000000000001000001000000000000000000
000000000110000000110000000000000000000000000000000000001100000000000000000000000000000010000000000000110000000000000000000000000100000001100000000000000000000000000000000000000011000000000000000101010000000000000000000101000011100001000011100000000000000000000000000000000001000001000000000000000000
000000000110000000110000000000000000000000000000000000000000000000000000000000000000000000000000000000000001100000000000000000000100000000000000000000000000000000000000000000100000000000000000001100000000000000000000000010000011000000000100000000000000000000000000000000000000000000000000000000000000
000000000000000000000000000000000000000000000000000000000000000000000000000000000000000000000000000000000010010000000000000000000000000000000000000000000000000000000000000000000000000000000000000110100000000000000000000000000010000110000010001000000000000000000000000000000000011100000000000000000000
000000000000000000000000000000000000000000000000000000000000000000110000000000000000000000000000000000000010010000000000000000000000000000000000000000000000000000000000000000000000000000000000000011100000000000000001100000000010000100000110000100000000000000000110000000000000000000000000000000000000
000000000000000000000000000000000000000000000000000000000000000000101000000000000000000000000000000000000001100000000000000000000000000000000000000000000000000001110000000000000001010000000000000011000000110000000010010000000010001000000110110110000000000000000110000000000000000000000000001110000000
000000000000000000000000000000000000000000000000000000000000000000010000000000000000000000000000000000000000000000000000000000000000000000000000000000000000000000000000000000000010010000000000000001010000111000000001100000000000000000000110000100000000000000000000000000000000000000000000000000000000
000000000000000000000000000000000000000000000000000000000000000000000000000000000000000000000000000000000000000000000000000000000000000000000000000000000000000000000100000000000010000000000110000000100000100100000000000000000001001101000010001000000000000000000000000000000000000000000000000000000000
000000000000000000000000000000000000000000000000000110000000000000000000000000000000000000000000000000000000000000000000000000000000000000000000000000000000000110000100000000000001100000000110000000100000110100000000000000000000100011000100000000000000000000000010000000000000000000000000000000000000
000000000000000000000000000000000000000000000000000110000000011100000000000000000000000000000000000000000000000000000000000100100000000000000000000000000000000110000100000000100000000000000000000000000000010000000000000000000000010000000011100000000000000000000010000000000000000000000000000000000000
000000000000000000000000000000000000000000000000000000000000000000000000000000000000000000000000000000000000000000000000000010100000000000000000000000000000000000000000000110010000000001000000000000000100000000000000000000000000001000110000000000000000000000000010000000000000000000000000000000000000
000000000000000000100000000000000000000000000000000000000000000000000000000000000000000000000000000000000000000000000000000011100000000000000000000000000000000000000000001000001000000011000000000000001110000000000000000000000000000011010000000000000000000000000000000000000000000000000000000000000000
000000000000000001010000000000000000000000000000000000000000000000000000000000000000000110000000000000000000000000000000000000000000000000000000000000000000000000000000011011000000000010100000000000001110000000000000000000000000000000010000000000000000000000111000111000000000000000000000000000000000
000000000000000001001000000000000000000000000000000000000000000000000000000000000000001001000100000000000000000000000000000000000000000000000000000000000000000000000000001111000100000000000000000000000000000000000000000000000000000000011011000000000000000000000000000000000000000000000000000000000000
000000000000000000110000000000000000000000000000000000000000000000000000000000000000000101001010000000000000000000100000000000001010000000000000000000000000000000000000000100001000000000000000000000000011000000000000000000000000000000011011000000000000000000000010000000000000001000000000000000000000
000000000000000000000000000000000000000000000000000000000000000000000000000000000000000010001010000000000000000001010000000000010000100000000000000000000000000000000000000001110000000000000000000000000011000000000100000000000000000000000100000000000000000000000010000000000000001000000000000000001100
000000000000000000000000000000000000000000000000000000000000000000000000000000000000000000000100000000011000000000100000000000001000010000000000000000000000000000000000000001000000000000000000000000000010000000001110000000000000000000000000010000000000000000000010000000000000001000000000000000001100
000000000000000000000000000000000000000000000000000000000000000000000000000000000000000000000000000000011000000000000000000000000110010000000000000000000000010000000000000000000000000000000000000000000000000000011111000000000000000000000000010000000000000000000000000000000000000000000000000000000000
000000000000000000000000000000000000000000000000000000000000000000000000000000000000000000000000000000000000000000000000000000000000110000000000000000000000010000000000000000000000000000000000000000000000000000110001100000000000000000000000010000000000000000000000000000000000000000110000000000000000
000000000000000000000000000110000000000000000000000000000000000000000000000000000000000000000000000000000000000000000000000000011000000000000000000000000000010000000000000000000000000110000000000000000000000000011111000000000000000000000000000000001100000000000000000000000000000001001000000000000000
000000000000000000000000001001000000000000000000000000000000000000000000000000000000000000000000000000000000000000000000000000011000000000000000000000000000000000000000000000000000000110000000000000000000000000001110000000000000000000000000000000001100000000000011000000000000000000110000000000000000
000000000000000000000000000101000000000000000000000000000000110000000000000000000000000000000000000000000000000000000000000000000000000000000000000000000000000000000000000000000110000000000000000000000000000000000100000000000000000000000000000000000000000110000011000000000000000000000000000000000000
000000000000000000000000000010000000000000000000000000000000110000000000000000000000000000000000000000000000011100111000000000000000000000000000000000000000000000000000000001100110000000000000000000000100010000000000000000000000000000000000000000000000001100000000000000000000000000000000000000000000
000000000000000000000000000000000000000000000000000000000000000000000000000000000000000000000000000000000000000000000000000000000000000000000000000000000000000000000000000001100000000000000000000000001000110100000001100000000000000000000000000000000000000101000000000000000000000000000000000000000000
000000000000000000000000000000000000000000000000000000000000000000000000000000000000000000000000000000000000000000000010000011000000000000000000000011000000000000000000000000000000000000000000000000010000000011000010010000000110000000000000000000000000000011000000000000000000000000000000000000000000
000000000000000000000000000000000000000000000000000000000000000000000000000000000000000000000000000000000000000000000010000011000000000000000000000101000000000000000000000000000000000000001000000000111100101010000001100000000110000000000000000000000000000000000000000001100000000000000000000000000000
000000000000000000000000000000000000000000000000000000000000000000000000000000000001000000000000000000000000000000000010000000000000000000000000000010000000000000000000000000000000000000001000000001110000001010000000000000000000000000000000000000000000000000000000000010010000000000000000000000000000
000000000000000000000000000000000000000000000000000000000000000000000000000000000010100000000000000000000000000000000000000000000000000000000000000000000000000000000000000000000000000000001000000000100100000100000000000000000000000000000000000000000000000000000000000001010011000000000000000000000000
000000000000000000000000000000000000000000000001110001110000000000000000000000000010010000000000000000000000000000000000000000000000000000000000000000000000000000000000000000000000000000000000000000011000011000000000000000000000000000000000000000000000000011100000000000100010100000000000000000000000
000000000000000000000000000000001110000000000010001000000000000000000000000000000001100000000000000000000000011100000000000000000000000000000000000000000000000000000000000000000000000011000000000000000000010000000000000000000000000000000000000000000000011111100000000000000010000000000000000000001110
000000000000000000000000000000000000000000000100001000000000000000000000000000000000000000000000000000000000000000000000000000000000000000000000000000000000000000000000000000000000000100100000000000000000000000000000000000000000000000000000000000000000101000000000000000000000010000000000000000000000
000000000000000000000000000000100000110000000100000000000000000000000000000000000000000000000000000000000000000000000000000000011000000000000000000000000000110000000000000000000000000011000000000000000000000000000000000000000000110000000000000000000000010011100000000000000000110000000000000000000000
000000000000000000000000000001010001010000000000000000000000000000000000000000000000000000000000000000000000000000000000000000011000000000000000000000000001001000000000000000000011000000000000000000000000000011000000000000000000110000000000000000000000011110100000000000000100000000000000000000000000
000000000000000000000000000001010001010001000001000000000000000000000000000000000000000000000000000000000000000000000000000000000000000000000000000000000000110000000000000000000100100000000001000000000000000100100000000000000000000000000000000000000011000000000000000000001000000000000000000000000000
000000000000000000000000000000100000000110100001001000000000000000000000000000000000000000000000000000000000000000000000000000000000000000000000000000000000000000000000000000001101000000000000100111000000000011000000000000000000000000000000000000000011000000000000000000001000000000000000000000000000
110000000000000000000000000000000000000110100000110000000000000000000000000000000000000011000000000000000000000000000000000000000000110000000000000000000000000000110000000000100010000000000001100101000000000000000000000000000000000000000000000000000000000000000000000000001000000000000000000000000000
110000000000000000000000000000000000000111000000000000000000000000000000000000000000000011000000000000000000000000000000000000000001001000000000000000000000000000110000000001100000000000001101100000000000000000000000000000000000000000000000000000000000000000000000000000001000100100000000000000000000
000000000000000000000000000000000000000000000000000000000000000000000000000000000000000000000000000000000000000000000000000000000000110000000000000000000000000000000000000011000000000000000110011100000000000000000000000000000000000000000000000000000000110000000000000000000111000010000000000000000000
000000001100000000000011000000100000100000000000000000000000000000000000000000000000000000000000000000000000000000000000000000000000000000000000000000000000000000000000000001001000011000000000001100000000000000000000000000000000000000000000000000000000101001110000000111000000000100000000000000000000
000000010010000000000011000000100000100000000000000000000000000000000000000000000000000000000000000000000000000000000000000000000000000000000000000000000000000000000000011000110100011000000000000100000000000000000000000000000000000000000000001100000011011011100000000101000000000000000000000000000000
000000001100000000000000000000100000100000000000000000000000000000000000000000000000000000000000000000000000000000000000000000000000000000000000000000000000000000000000011000011000000000000000000000000000000000000000000000000000000000000000011010000011100111100000000111000000000000000000000000000000
000000000000000000000000000000000000000000000000000000000000000000000000000000000000000011000000000000000000000000000000000000000000000000000000000000000000000000000000000000000000000000011000000000000000000000000000000000000000000000000000010010000101110010000000000000000000000000000000000000000000
000000000000000000001000000000001110000000000000000000000000000000000000000000000000000011000000000000000110000000000000000000000000000000000000000000000000000000000000000000000000000000011000000000000000000000000000000000000000000000000000011100000110010100000010110000000000000000000000000000000000
000000000000000000001000000000000000000000000000000000000110000000000000000000000000000000000000000000000110000000000000000000000000000000000000000000000000000000000000000000000000001100000000001000000000000000000000000000000000000000000000001100000110001110000100010000000000000000000000000000000000
000000000000000000001000000000000000000000000000000000001001000000000000000000000000000000000000000000000000000000000000000000000000000000000000000000000000000000000000000000000000001100000000001000000000000000000000000000000000000000000000000000001100000100000100100000000000000000000000000000000000
000000000000000000000000000000000000000000000000000000000110000000000000000000000000000000000000000000000000000000000100000000000000000000000000000000000000000000000000000000000000000000000000001000000000000000000000000000000000000000000000000000000010111000000011100000000000000000000000000000000000
000000000000000000000000010000000000000000000000000000000000000000000000000000000000000000000000000000000000000000001010000000000000000000000000000000001100000000000000000000000000000000000000000000000000000000000000000000000000000000000000000000000000011000000101110000000000000000001100000000000000
000000000000000000000000101000000000000000000000000000000000001000000000000000000000000000000000000000000000000000001001000000000000000000000000000000001100000000000000000000000000000000000000000000000000000000000000000000000000000000000000000000001000100000011110001000000000000110110010000000000000
000000011000000000110000010000000000011000000000000000000000010100000000000000000000000000000000000000000000000100000110000000000000000000000000000000000000000000000000000000000000000000000000000000000000000000000000000000000000000001110000000000000000100000110000010000000000001001000010000000000000
000000011000000001010000000000000000011000000000000000000000100100000000000000000000000000000000000110000000001010000000000000000000000000000000000000000000000000000000000000000000000000000000000000000000000000000000000000000000000000000000000001110100010000110000010000000000110101010100000000000000
000110000000000000100000000000000000000000000000000000000000011000000000000000000000000000000000000110001000001010000000000000000000000000000000000000000000000000000000000000000000000000000000000000000000000000000000000000000000000000000000000001111101010000001000100000000000110001011000000000000000
000110000011100000000000000000000000000000000000000000000000000000000000000000000000000000000000000000001000000100000000000001000000000000000000000000000000000000000011100000000000000000000000000000000000000000000000000000000000000000000000000000011011010000001001000001000000111001100000011000000000
000000000000000000000000000000000000000000000000000000000000000000000000000000000000000000000000000000001000000000000000000010100000000000000000000000000000000000000000000000000000000000000000000000000000000000000000000000000000000000000000000000000000100000000100000000100000000001100000100100000000
000000000000000000000000000000000000000000000000000000000110000000000000000000000000000000000000000000000000000000000000000011000000000000000000000000000000000000000000000000011001100000000001000000000000000000000000000000000000000000000000000001110000000000000100000001000000000010001000011000000000
000000000000000000000000000000000000000000000000000000001001000000000000000000000000000000000000000000000000000000000000000000000000000000000000000000000000000000000000000000011001100000000010100000000000000000000000000000000000000000000000000001100100000000110000000011000000000000001000000000000000
000000000010001000000001100000000000000000000000000000001010000000000000000000000000000000000000000000001100000110001100000000000000000000000000000000000000000000000000000000000000000000000001100000000000001000000000000000000000000000000000000000001000000000000110000000000000111000010000000000000000
000000000010010100000001100000000000000000000000001000000100011100000000000000000000000000000000000000111110000111000100000000000000000000000000000000000000000000000000000000000000000000000000000000000000010100000000000000000000000000000110000000000000000001000100000000000000110100001000000000000000
000000000010001010000000000000000000000000000000001000000000000000000000000000111011100000000000000001000010000110100100000000000000000000000000000000000000000000000000000000011000000000110000000000000000010100000000000000000010000000000110000000000000000001000100000000000000110000001000000001100000
000000000000000110001000000000000000000000000000001000000001000001000000000001111100010000000000000001001110000011111100000000000000000000000000000000000000000000000000000000011000000001001000000000000000001000000000000000000010000000000000000000000000000001101100000000100000110010000000000001100000
000000000110000000010100000000000011000000000000000000000001000001000000000010100000011111110100000001100100000010000000000000000000000000000000000000000000000000000000000000000000000000110000000000000000000000000000000000000010000000000000000000000000000001000010000000100011010100000000000000000000
000000001001000000110110000000000010100000000011100000000001000001000000000001000101111000111100000000011000000110000000001110000000000000000000000000000000000000000000000000000000000000000000000000000000000000000000000000000000000000000000000000000000000000110011000000000011011000100000000000000000
000000000000100000100100000000000001000000000000000000000000000000000000000000000000011000011000000000000000000000000000000000000000000000000000000000000000000000000000000000000000000000000000010000000000000000000000000000111000111000000000000000000000000000000100100000000011011001110000000000000000
000000001000010001101100000000000000000000000000000000000000011100000000000000000000001010000000000000000000000000000000000000000000000000000000000000000000000000000000000000000000000000000000101000000000000000000000000000000000000000011100000000000000000000000000011000000001000000010000000000000000
000000000100001000101000000000000000000000000000000000000000000000000000000000000000000000000000000000000000000000000000000000000000000000000000000000011100000000000000000000000000000000000000101000000000000000000000000000000010000000000000000000000000000000000100000000000001110110010000000000000000
000000000001111100010000000000000000000000000000000000000000000000000000000000000000000000000000000000000000000000000000000000000000000000000000000000000000000000000000000000000000000000000000010000000000000000000000000000000010000000010100000000000000000000000101000000000010010110100000000000000000
000000000000010010000010100000000000000000000000000000000001100000000010000000000000000000000000000000000000000000000000000000000000000000000000000000000000000000000000000000000000000000000000000000000000000000000000000000000010001110010100111000000000000000000100010000010001001101000000000000000000
000000000000000100000010000000000000000000000000000000000001100000000101000000000000000000000000000000000000000000000000000000000000000000000000000000000000000000000000000000000000000000000000010000000000000000000000000000000000000000000000000000000000000000000110010000101000000000000000000000000000
000000000000000000001000001000000000000000000000000000000000000000000101000000000000001000000000000000000000000000000000000000000000000000000000000000000000000000000000000000000000000000000000101000000000000000000000000000000000110001011101000110000000000000000011100000000000000000000000000000000000
000000000000000000010000100100000000000000000000000000000000000000000010000000000000010100000000000000000000000000000000000000000000000000000000000000000000000000000000000000000000000000000000101000000000000000000000000000000000100001000001000010000000000000000001100000010110000000000000000000000000
000000000000000000010000001000000000100000000000000000000000000000000000000000000000100100000000000000000000000000000000000000000000000000111000000000000000000000000000000000000000000000000000010000000000000000000000000000000000110011000001100110000000000000000000000000010010010000000000000000000000
000000000000000000010011110000000001010000000000000000000000000001100000001100000000011000000000000000000000000000000000000000000000000000000000000000000000000000000000000000000000000000000000000000000000000000000000000000000000000001000001000000000000000000000000111000001000001000000000000000001100
000000000000000000000100100000000000100000000000000000000000000010010000010010000000000000000000000000000000000000000000000000000000000000000000000000000000000000000000000000011100000000000000000000000000000000000000000000000000000111000001110000000000000000000001110000000110001000000000000000001100
000110000000000000000000000000000000000000000000000000000000000001100000001100000000000000000000000000000000000000000111000000000000000000000000000000000000100000000000000000000000000000000000000000000000000000000000000000000000000110000000110000000000000000000000000000000010010000000000000000000000
000110000000000000000000000000000000000000000000110000000000000000000000000000000000000000000000000000000000000000000100110000000000000000000000000000000001010000000000000000000000000000000000000000000000000000000000000000000000000000000000000000000000110000000000000000000000000000000000000000000000
000000000000000000001000000000000000000000000000110000000000000000000010000000000000100000000000000000000000000000000010110000000000000000000000000000000000100000000000000000000000000000000000000000000000000000000000000000000000000000000000000000000000110000000000000000000000000000000000000000000000
000000000000000000001000000000000000000000000000000000000000000000000101000000000000100000000000000000000000000000000010000000000000000000000000000000000000000000000000000000000000000000000000000000000000000000000000000000000000000000000000000000000000000000000000000000000000000000000000000000000000
000000000000000000001000000000000000000000000000000000000000000000000101000000000000100000000000000000000000000000000001100000000000000000000000000000000000000000000000000000000000000000000000000000000000000000000000000000000000000000000000000100000000000000000000000000000000000000000000000000000000
000000000000000000000000000000000000000000000000000000000000000000000010000000000000000000000000000000000000000000000000000000000001100000000000000000000000000000000000000000000000000000000000000000000000000000000000001000000000000000000000001010000000000000000000000000000000000000000001100000000000
000000000000000000000000000000000000000000000000000000000000000000000000000000000000000000000000000000000000000000000000000000000001100000000000000000000000000000000000000000000000000000000000000000000000000000000000010000000000000000000000001100000000000000000000000000000000000000110000010000000000
000000000000000000000000000000000000000000000000000000000000000000000000000000000000000000000000000000000000000000000000001000000000000000000000000000000000000000000000000000000000000000000000000000000000000000000001000000000000000000000000000000000000000000000000000000000000000000110010000000000000
000000000000000000000000000000000000011100000000000000000000000000000000000001100000000000000000000000000000000000000000001011100000000011100000000000000000000000000000000000000000000000000000000000000000000000000011000000000000000000000000000000000000000000000000000000000000000000000001100000000000
000000000000000000000000000000000000010010000000000000000000000000000000000001100000000000000000000000000000000000000000010001100000000100010000000000000000000000000000000000000000000001100000000000000000000000000011001110000000000000000000000000000000000000000000000000000000000000000000000000000000
000000000000000000000000000000000001100000000000000000000000000000000000000000000001100000000000000000000000000000000000000010000000001000001000000000000000000000000000000000000000000001100000000000000000000000000001101100000000000000000000000000000000000000000000000000000000000000000000000000000000
000000000000000110000000000000000000000001000000100000000000000000000000000000000001100000000000000000000000000000000000001111110000001000001000000000000000010000000000000000000000000000000000000000000000000000000000101000000000000000000000000000000000000000000000000000000000000000000000000000000000
000000000000000110000000000000000010010001000001010000011000000000000000000000000000000000000000000000000000000000000000000000010000001100001000000000000000101000000000000000000000000000000000000000000000000000000000000000000000000000000000000000000000000000000000000000000000000000000000000000000000
000000000000000000000000000000000000000001000000100000100000100000000000000000000000000000000000000000000000000000000000000000110000000000010000000000000001001000000000000000000000000000000000000000000000000000000000000000000000000000000000000000000000000000000000000000000000000000000000000000000000
000000000000000000000000000000000001100000000000000000100001010000000000000000000000000000000000010000000000000000000000000000000000000001010000000000000000110000000000000000000000000000000000000000000000000000000000000000000100000000000000000000000000000000000000000000000000000000000000000000000000
000000000000000000000000000000000000010010000000000001101100010000000000000000000000000000000000000000000000000000000000000000000000000001110000000000000000000000000000000000110000000000000000000000000000000000000000000000001110000000000000000000000000000000000000000000000000000000000000000000000000
000000000000000000000000000000000000011100000000000011000010100000000000000000000000000000000000011100000000000010000000011000000000000001001000000000000000000000000000000000101000000000000000000000000000000000000000000000011001000000000000000000000000000000000000000000000000000000000000000000000000
000000000000000000000000000000000000000000000000000110000011000000000000000000000000000000000000000000111000000101000000001001110000000010001000000000000000000000000000000000010000000000000000000000000000000000000000000000001101000000000000000000000000000000000000000000000000000000000000000000000000
000000000000000000000000000000000000000000000000001100101100000000000000000000000000000000000000000000000000000010000000001000010000000001011000000000000000000000000000000000000000000000000000000000000000000000000000000001101100000000000000000000000000000000000000000000000000000000000000000000000000
000000000000000000000000000000000000000000000000001011110000000000000000011000000000000000000000000000000000000000000000000100000000000000100000000000000000000000000000000000000000000000000000000000000000000000000000000000100000100000000000000000000000000000000000000000000000000000000000000000000000
000100000000000000000000000000000000000000000000000111000000000000000000011000000000000000000000000110000000000000000000000011100000000000000000000000000000000000000000000000000000000000000000000000000000000000000000011000100001000000000000000000000001100000000000000000000000000000000000000000000000
001010000000000000000000000000000000000000000000000010000000000000100000000000000000000000000000000100100000000000000000000000000000000000000000000000000000000000000000000000000000000000000000000000000000000000000000100100010010000000000000000000000001100000000000000010000000000000000000000000000000
001100000000000000000000000000000000000000000000000000000000000000100000000000000000000000000000000010100000000000000000000000000000000000000000000000000000000000000011000000000000000000000000000000000000000000000000011000001000000000000000000000000000000000000000000010000000000000000000000000000000
000000000000000000000000000000000000000000000000000000000000000000100000000000000000000000000000000011100000000000000000000000000000000000000000000000000000000000000100100000000000000000000000000000000000000000000000000000000000000000000000000000000000000000000000000010000000000000000000000000000000
000000000000000000000000000000000000000000000000000000000000000000000000000000000000000000000000000000000110000000000000000000000000000000000000000000000000000000000011000000000000000000000000000000000000000000000000000000000000000000000000000000000000000000000000000000000000000000000000000000000000
000000000000000000000000000000000000000000000000000000000000000000000000000000000000000000000011000000000110000000000000000000000000000000000000000000000000000000000000000000000000000000000000000000000000000000000000000000000000000000000000000000000000000000000000000000000000000000000000000000000000
000000000000000000000000000000000000000000000000000000000000000000000000000000000000000000000011000000000000000000000000000000000000000000000000000110000010000000000000000000000000000000000000000000000000000000000000000001100000000000000000000000000000000000000001100000000000000000000000000000000000
000000000000000000000000000000000000000000000000000000000000000000000000000000000000000000000000000000000000000100000000000000000000000000000000000110000101000000000000000000000000000000000000000000000000000000000000000001100000000000000000000000000000000000000001100000000000000000000000000000000000
000000000000000000000000000000000000000000000000000000000000000000000000000000000000000000000000000000000000001010000000000000000000000000000000000000000101000000000000000000000000000000000000000000000000000000000000000000000000000000000000000000000000000000000000000000000000000000000000000000000000
000000000000000000000000000000000000000000000000000000000000000000000000000001000000000000000000000000000000001001000000000000000000000000000000000000000010000000000000000000000000110000000000000000000000000000000000000000000000000000000000000000000000000010000000000000000000000000000000000100000000
000000000000000000000000000000000000000000110000000000000000000000000000000001000000000000000000000000000000000110000000000000000000000000000000000000000000000000000000000000000000110000000000000000000000000000000110001000000000000000000000000000000000000010000000000000000000000000000000001010000000
000000000000000000000000000000000000000001001000000000000000000000000000000001000000000000000000000000000000000000000000000000000000000000000000000001100000001100000000000000000000000001000000000000000000000000000110010100000000000000000000000000000000000010000000000000000000000000000000001010000000
000000000000000000000000000000000000000000110000000000000001101000000000000000000000000000000000000000000000000000000000000000000000000000000000000010010000010010000000000000000000000010100000000000000000000000000000010010000000000001000000000000000000000000000000000000000000000000000000000100000000
000000000000000000000000000000000000000000000000000000000010101100000000000001000000000000000000000000000000000000000000000000000000000000000000000001100000001100000000000000000000000011000000000000000000000000000000001100000000000001000000000000000000111000000000000000000000000000000000000000000000
000000000001100000000000000000000000000000000000000000000111101000000000000010100000000000000000000000000000110000000000000000000000000000000000010000000000000000000000000000000000000000000000000000000000000000000000000000000000000001000000000000000000000000000000000000000000000000000000000000000000
000000000001100000000000010000000000000000000000000000000100000000000000000010100000000000000000000000000000110000000000000000000000000010000000010000000010000000000000000000000000000000000000000000000000000000000000000000000000000000000000000000100000000000100000000000000000000000000000000000000000
000000000000000000000000010000000000000000000000000000000011000000000000000001000000000000000000000000000000000000000000000000000000000101000000010000000101000000000000000000000010000000000001100000000000000000000000000000000000000000000000000001010000000001001000000000000000000000000000000000000000
000000000000000000000000010000000000000000000000000000000001000000000000000000000000000000111000000000000000000000000000000000000000000110000000000000000101000000000000000000000010000000000010010000000000000000000001000000000000000000000000000001010000000000111000000000000000000000000000000000000000
000000000000000100000000000000000000000110000000000000000011000000000000000000000000000000000000000000000000000000000000000000000000000000000000000000000010000000000000000000000010000000000001100000000001100000000010100000000000000000000000000000100000000000111000000000001000000000000000000000000000
000000000000001010000111000111000000000110000000000000000011000000000000000000000000000000000000000000000000000000000000000000000000000000000000000000000000000000000000000000000000000000000000000000000001100000000010100000000000000000000000000000000000000000000000000000010100000000000000000000000000
000000000000010010000000000000000000000000000000000000000011000000000000000000000000000000000000000000000000000000000000000000000000000000000000000000000000000000000000000000000000111000000000000000000000000000000001000000000000000000000000000000000000000000000000000000100100000000000000000000000000
000000000000001100000000010000000000110000000000000000000000000000000000000000000000000000000000000000000000000000000000000000000000000000000000000000000000000000000000000000000000000000000000000000000000000000000000000000000000000000000000000000000000000000000000000000011000000000000000000000000000
000000000000000000000000010000000000110000000000000000000000000000000000000000000000000000000000000000000000000000000000000000000110000000000000000000000000000000000000000000000000000000000000000000000000000000000000000000000000000000000000000000000000000000000000000000000000000000000000000110000000
000000000000000000000000010000000000000000000000000000000000000000000000000000000000000000000000000000011100000000000000000000001001000000000000000000000000000000000000000000011000000000000000000000000000000000000000000000000000000000000000000000000000000000000000000000000000000000000000000110000000
000000000000000000000000000000000000000000000000000000000000000000000000000000000000001100000000000000000000000000000000000000000110000000000000000000000000000000000000000000101000000000000000000000000000000000001100000000000000000000000000000000000000000000000000000000000000000000000000000000000000
000000000000000000000000000000000000000000000000000000000000000000000000000000000000001100000000000000000000000000000000000000000000000000000000000000000000000000000000000000010000000000000000000000000000000000010010000000000000000000000000000000000000000000000000000000000000000000000000000000000000
000000000000000000000000000000000000000001100000000000000000000000000001100000001100000000000000000000000000000000000000000000000000000000000000000000000000000000000000000000000000000000000000000000000000001000001100000000000000000000000000000000000000000000000000000000000000000000001100000000000000
000000000000000000000000000000000000000010010000000000000000000000000010010000010010000000000000000000000000000000000000000000000000000000000000000000000000000000000000000000000000000000000000000000000000010100000000000000000000000000000000000000000000000000000000000000000000000000001100000000000000
000000000000000000000000000000000000000001010000000000000000000000000001100000001100000000000000000000000000000000000000000000000000100000000000000000000000000000000000000000000000000000000000000000000000010100000000000000000000000011100000000000000000000000000000000000000000000000000000000000000000
000000000000000000000000000000000000000000100000000000000000000000000000000000000000000000000000000000000000000000000000000000000000100000000011000000000100000000000000000000000000000000000000000000000000001000000000000000000000000000000000000000000000000000000000000000000000000000000000000000000000
000000000000000000100000000000000000000000000000000000000000000000000000000010000000000000000000000000000000000000000000000000000000100000000010100000001010000000000000000000000000000000000000000000000000000001110000000000000000001000001000000000000000000000000000000000000000000000000000000000000000
000000000000000001010000000000000000000000000000000000000000010000000000000101000000000000000000000000000000000000000000000000000000000000000001000000000101000000000000000000000000000000000000000000000000000000000000000000000000001000001000000000000000000000000000000000000000000000000000000000000000
000000000000000001001000000000000000000000000000000000000000010000000000000101000000000000000000000000000000000000000000000000000000001110000000000000001000100000000000000000000000000000000000000000000000000000000000000000000000001000001000000000000000000000000000000000000000000000000000000000000000
000000000000000000110000000000011000000000000000000000000000010000000000000010000011000000000000000000000000000000000000000000000000000000000000000000010010110000000000000000000000000000000000000000000000000000000000000000000000000000000000011000000000000000000000000000000000000000000000000000000000
000000000000000000000000000000100100000000000000000000000000000000000000000000000011000000000000000000000000000000000000000000000000000000000000000000010000100010100000000000000000000000000000000000000000000000000000000000000000000011100000011000000000000000000000000000000000000000000000000000000000
010000000000000000000000000000101000000000000000000000000000000000000000000000000000000000000000000010000000000000000000000000000000000000000000000000010101100010010000000000000000000000000000000000000000000000000000000000000000000000000000000000000000000000000000000000000000000000000000000000000000
101000000000000000110000000000010000000000000000000000000000000000000000000000000000000000000000000101000000000000000000000000000000000000000000000000000011000000010000000000000000000000000000000000000000000000000000000000000000000000000000000000000000000000000000000000000000000000000000000000000000
101000000000000000110000000000000000000000000000000000000000000000000000000000000000000000000000000101000000000000000000000000000000000000000000000000000101000100010000000000000000000000000000000000000000000000000000000000000011100000000000000000000000010000000000000000000000000000000000000000000000
010000000000000000000000000000000000000000000000000000011000000000000000000000000000000000000000000010000000000000000000000000000000000000000000000000001110000000100000000000000000000000000000000000000000000000000000000000000000000000010000000000000000010000000000000000000000000000000000000000000000
000000000000000000000000000000000000000000000000000000011000110000000000000000000000000000000000000000000000000000000000000011100000100000000110000000001000111110000000000000000011000000000000000000000000000000000000000000000000001000101000000000000000010000000000000000000000000000000000000000000000
000000000000000000000000000000000000000000000000000000000000110000000000000000000000000000000000000000000000000000000000000000000000100000001010000000000111111000000000000000000101000000000000000000000000000000000000000000000000001000101000000000000000000000000000000000000000000000000000000000000000
000000110000000000000000000000000000000000000000000000000000000000000000000000000000000000000000000000011000000000000000000000000000100000010000000000000011100000000000000000000010000000000000000000000000000000000000000000000000001000010000000000000111000111000000000000000000000000000000000000000000
000000110000000000000000000000000000100000000000000000000000000000000000000000000000001100000000000000011000000000000000000000000000000000000000000000000000000000000000000000000000000000000000000000000000000000000000000000000000000000000000011000000000000000000000000000000000000000000000000000000000
000000000000000000000000000000000000100000000000000000000000000000000000000000000000001100000000000000000000000000011000000000000000000000100001000000000000000000000000000000000000000000000000000000000000000000000000000000000001000000000000011000000000010000000000000000000000000000000000000000000000
000000000000000000000000000000000000100000000000000000000000000000000000000000000000000000000000000000000000000000011000000001100000000000000001000000000000000000000000000000000000000000001110000000000000000000000000000000000010100000000000000000000000010000000000000000000000000000000000000000000000
000000000000000000000000000000000000000000000000000000000000000000000000000000000000000000000000000000101000000000011000000001100000000000010010000000000000000000000000000000000000000000000000000000000000000000000000000000000100100000111000000000000000010000000000000000000000000000000000000000000000
000000000000000000000000000000000000000000000000000000000000000000000000000000000100000000000000000001001000000000000000000000000000000000001110000000000000000000000000000000100000000000100000000000000000000000000000000000000011000000000000000000000000000000000000000000000000000000000000000000001000
000000000000000000000000000000000000000000110000000000000000000000000000000000000100000000000000000000100000010000000100000000000000000000000000000000000000000000001000000001010000000000100000110000000000000000000000000000000000000010000010000000000000000000000000000000000000000000000000000000010100
000000000000000000000000000000000000000000001000000000000000000000000000000000000100000000000000000000011100000111100011010000000000000000000000000000000000000000010100000001010000000000100000110000000000000000000000000000000000000010000010000000000000000000000000000000000000000000000000000000010100
000000000000000000000000000000000000000001000000000100000000000000000000000000000000000000000000000000011100011111100111011000000010000000000000000000000000000000010100000000100000000000000000000000000000000000000000000000000000000010000010000000000000000000000000000000000000000000000000000000001000
000000000000000000000000000000000000000000110000001010000000000000000000000000000000000000000000000000001011011001010010011100000110000000000000000000000000000000001000000000000000000000000000000000000000000000000000000000000000000000000000000000000000000000000000000000000000000000000000000000000000
000000000000000000000000000000000011000000000000000110000000000000000001000000000000000100000000111000111111010000100000000010000100000000000000000000000000000000000000000111100000000000000000000100000000000000000000000000000000000000111000000000000000000000000000000000000000000000000000000000000000
000000000000000000000000000000000011000000000000000000000000000000000010100000000000000100000001000100001000110100000000000000000110000000000000000000000000000000000000001101011000000000000000001010000000000000000000000000000000000000000000000000000000000000000000000000000000000000000000000000000000
000000000000000000000000000000000000000000000000000000000000000000000010100000000000000100000000110100000000001100011000000001000110110000000000000000000000000000000000011011010100000000000000001010000000000000000000000000000000000000000000000000000000000000000000000000000000000000000000000000000000
000000000000000000000000000000000000000000000000000000000000000000000001000000000000000000001100010000010000000100001000000010000110110000000000000000000000000000000000000100110110000000001100000100000000000000000000000000000000000000000000000000000000000000000000000000000000000000000000000001100000
000000000000000000000011100000000000000000000000000000000000000000000000000000000001110000001100001111010000000000000000000010000000000000000000000000000000010000000000000000011100000000001101100000000000000000000000000000000000000000000000000000000000000000000000000000010000000000000100000001100000
000000000000000000000000000000000000000000000000000000000000000110000000000000000000000000000000010000100001100000000000000000000000000000000000000000000000101000000000000000001000000000010001100000000000000000000000000000000000000000000000000000000000000000000000000000101000000000000100000000000000
000000000000000000001000000000000000000000000100000000000000000110000000000000000000000000000000010111100000100000000000000000000000000000000000000000000000101000000000000000000000000000001100010000000000000000000000000000000000000000000000000000000000000000110000000000101000000000000100000000000000
000000000000000000001000000000000000000000001010000010000010000000000000000000000000000001000000010001000011000000000000000000000000000000000000000000000000010000000000000000000000000000001101100000000000000000000000000000000000000000000000000000000000000001001000000000010000000000000000000000000000
000000000000000000001000000000000000000000000110000010000010000000000000000000000000000001010100001100000000000000000000000000000000000000000000000000000000000000000000000000000011000000000001100000000000000000000000000000000000000000000000000000000000000000110000000000000000000000000000000000000000
000000000000000000000000000000000000000000000000000010000010000000000000000000000000000011111100000000000000000000000000000000000000000000000000000000000000000000000000000000000100100000000000000000000000000000000000000000000000000000000000000000000000000000000000001100000001100000000000000000000000
000000000000001000000011000000000000011000000000000000000000000000000000000000000000000000011001000000000000000000000001110000000000000000000000000000000000000000000000000000000011000000000000000000000000000000000000000000000000000000000000000000000000000000000000010010000001100000000000000000000000
000000000000001000000011000000000000100100000000000000111000000000000000000000000000000000001101100000000000000000000011010000000000000000000000000000000000000000000000000000000000000000000000000000000000000000000000000000000000000000000000000000000000000000000000001100000000000000000000000000000000
000000000000001000000000000000000001001000000000000000000000000000000000000000000000000000011001000000000000000000000111100000000000000000000000000110000000000000000000000000000000000000000000000000000011000000000000000000000000000000000000000000000000000000000000000000000000000000000000000000000000
000000000000000000000000000000111000110000000000000000000000000000000000000000010000000000000100000000000000000110000000100000000000000000000000000110000000000000000000000000000000000000000000000000000011000000000000000000000000000000000000000000000000000001100000000000000000000000000000000000000000
000000000000000000000000000000000000000000000000000000000001110000000000000000010000000001000000000000000000000110001101100000000000000000000000000000000000000000000000000000000000000000000000000000000000000000000000000000000000000000000000000000000000000001100000000000110000000000000000000000000000
000000000000000000000000000010000010000000000000000000000000000000000000000000010000000010100000100000000000001001010001100000000000001110000000000000000000000000000000000000000000000000000000000000000000000000000000000000000000000000000000000000011000000000000010000000110000000000000000000000000000
000000000000000000000000000010000010000000000000000000000100000000000000000000000000000000000001000000000000010101001001000000000000010001000000000000000000000000000000000000000000000000000000000000000000000000000000000000000000000000000000011000010100000000000101000000000000000000000000000000000000
000000010000000000000000000010000010000000000000000000000100000000000000000000000100000000000100010000000000101011001010000000000000010001000000000000000000000000000000000000000000000000000000000000000000000000000000000000000000000000000000100100001000000000001010000000000000000000001100000000000000
000000010000000000000000000000000000000000000000000000000100000000000000000000001010000000001000000000000000010000000000000000000000010001000000000000000000000000000000000000011000000000000000000000000000000000000000000000000000000000000000101000000000000000001100000000000000000000001100000000000000
000000010000000000000000000000111000000000000000000000000000000000000000000000001010000000001000100000000110001000000000000000000000001110000000000000000000000000000000000000100100000000000000000000000000000000000000000000000000000000000000010000000000000000000000000000000000000000000000000000000000
000000000000000000000000000000000000000000000000000000000001110000000000000000000100000000000000000000000000000000000000000000000011000000000000000000000000000000000000000000000000000000000000000000000000000000000000000000000000000000000000000000000000000000000000000000000000011000000000000000000000
000111000111000000000110000000000000000000000000000000000000000000000000000000000000000000000000000000001000000000000000000000000101000000000000000000000000000000000000000010010110000000000000000000000000000000000000000000000000000000000000000000000000000000000000000000000000011000000000000000000000
000000000000000000000110000000000000000000000000000000000000000000000000000000000110000000000000000000000000001000000000000000000110000000000000001000000000000000000000000000001100000000000000000000110000000000000000000000000000000000000000000000000000000000000000000000000000000000000000000000000000
000000010000000000000000000000000000000000000000000000000000000000000000000000001010000000000000000000000000001000000000000000001100000000000000001000000000000000000000000011000000000000000000000001100000000000000000000000000000000000000000000000000000000000000000000000000000000000000000000000000000
000000010000000000000000000000000000000000000000000000000000000000000000000000010010000000000000000000000010011000000000000011101000000000000000001000000000000000000000000000000000000000000000000000101000000000000000000000000000000000000000000000000000000000000000000000000000000000000000001000000000
000000010000000000000000000000000000000000000000000000000000000000000000000000011100010000000000000000000001100000000000000100011000000000000000000000000000000000000000000000000000000000000000001110101000000000000000000000000000000000000000000000000000001100000000000000000000000000000000010100000000
000000000000000000000000000000000000000000000000000000000000000000000000000111011000001000000000000000000000000000000000000010000000010000000011100011100000000000000000110000000000000000000000000111100000000000000000000000000000000000000000000000000000001100000000000000000000000000000000010100000000
011100000000000000000000000000000000000000000000000000000000000000000000000000011001001000000000000000000000000000000000000011000100010000000000000000000000000000000000110000000000000000000000000010110000000000000011000000000000000000000000000000000000000000000000000000000000000000000000001000000000
000000000000000000000000000000000000000000000000000000000000000000000000000000011001100000000000000000000000001100000000000000010010010000000000001000000000000000000000000000000000000000000000000000110000000000000100100000000000000000000000000000000000000000000000000000000011100000000000000000000000
000000011000000000000000000000000110000000000000000000000000000000010000000000000000000000000000000000000000010010000000000000000100000000000000001000000000000000000000000000000000000000000000000001100000000000000011000000000000000000000000000000000000000000000000000000000000000000000000000000000000
000000100100000000000000000000000110000000000100000000000000000000101000000010000000000000000000000000000000010100000000000000000000000000000000001000000000000000000000000000000000000000000000000000000000000000000000000000000000000000000000000000000000000000000000000000001000001000000000000000000000
000000010100000000000000000000000000000000001010000000000000000000101000000100000000000110000000000000000000001000000000000000000000000000000000000000000000000000000000000000000000000000000000000000000000000000000000000000000000000000000000000000000000000000000000000000001000001000000000000010000000
000110001000000000000000000000000000000000001001000000000000000000010000000000000000001001000000000000000000000000000000000000000000000000000000000000000000000000000000010000000000000001100000000000000000000000000000000000000000000000000000000000000000000000000000000000001000001000000110000101000000
000110000000000000000000000000000000000000000110000000000000000000000000000000000000000110000000000000000000000000000000000000000000000000000000000000000000000000000000101000000000001101100000000000000000000000000000000000000000000000000000110000000000001000000000000000000000000000000110000101000000
000000000000000000000000000000000000000000000000000000000000000000000000000000000000000000000000000000000000000000000000000000000000000000000000000000000000000000000000101000000000001100010000000000000000000000000000000000000000000110000000110000000000010100000000000000000011100000000000000010000000
000000000000000000000000000000100000000000000000000000000000000000000000000000000000000000000000000000000000000000000000000000000000000000000000000000000000000000000000010000000000010001100000000000000000000000000000000000000000000110000000000000000000101000000000000000000000000000000000000000000000
000000000000000000000000000000100000000000000000000000000000000000000000000000000000000000000000000000000000000000000000000000000000000000000000000000000000000000000000000000000000001101100010100000000000000000000000000000000000000000000000000000000000110000000000000000000000000001110000000000000000
000000000000000000000000000000100000000000000000000000000000000000000000000000000000000000000000000000000011100000000111000000001000000000000000000000000000000000000000000000000000001100000110100000000000000000000000000000000000000000000000000000000000000000000000000000000000000000000000000000000000
000000000000000000000000000000000000000000000000000000000000000000000000000000000000000000000000000000000011100000000000000000010100000000000000000000000000000000000000000000000000000000001101100000000000001100000000000000000000000000000000000000000000000000000000000000000000000000000000000000000000
000000000000000000000000000000000000000000000000000000000000000000000000000000000000000000000000000000000001000000000000000000001000000000000000000000000000000000000000000000000000000000011000100000000100001110000000000000000000000000000000000000000000000000000000000000000000000000000000000000000000
000000000000000000000000000000000000000000000000000000000000000000000000000000000000000000000000000000000000000000000000000000000000000000000000000000000000000000000000000000000000000000000001011000001011100001000000000000000000001000000000000000000000000000000000000000000000000000000000000000000000
000000000000000000000011000000000000000000000000000000000000000000000000000000000000000000000000000000000000000000000000000000000000000000000000000000000000000000000000000000000000000000000001000100001001000000100000000000000000001000000110000000000000000000000000000000000000000000011000000000000000
000000000000000000000011000000011000000000000000000000000000000000000000000000000000000000000000000000110011000111000000000000001000000000000000000000000000000000000000000000000000000000000010101110000110110001000000000000000000001000000110000000000000000000000000000000000000000000011000000000000000
000000000000000000000000000000011000000000000000000000000000000000000000000000000010000000000000000001011011001000100000000000010100000000000000000000000000000000000000000000000000000000000010000100000000001110000000000000000000000000000000000000000000000000000000000000000000000000000000000000000000
000000000000000000011000000000000000000000000000000000000000000000000000000000000101100000000000000010011000001000100000000000010100000000000000000000000000000000000000000000000000000000000001111000000000000000000000000000000000000000000000000000000000000000000000000000000000000000000000000000000000
000000000000000000100100000000000000000000000000000000000000000000000000000000000101000000000000000001100000000000010000000000001000000000000000000000000000000000000000000000000000000000000001100000000000000000000000000000000000000000000000000000000000000000000000000000000000011000000000000000000000
000000000000000000011000000000000000000000000000000000000000000000000000000000000010000000000000000000000000000100100000000000000000000000001100000000000000000000000000000000000000000000000000000000000000000000000000000000000000001100000000000000000000000000000000000000000000100100000000000000000000
000000000000000000000000000000000000000000000000000000000000110000000000000000000000000000000000000000000000000100100000000000000000000000001100000000000000000000000000000000000000000000000000000001000000000111000000000000000000001010000000000000000000000000000000000000000000010100000000000000000000
000000000001100000000000000000000000000000000000000000000000110000000011000000000000000000000000000000000000110000000000000000000000000000000000000000000000000000000000000000000000000000000000000001000000001000100000000000000000000110000000000000000000000000000000000000000000001000001000000000000000
000000000000100000000000000000000000000000000000000000000000000000000011000000000000000000000000000000000000000000010000000000000000000000000000000000000000000000000000000000000000000000000000000001000000010000010000000000000000000000000000000000000000000000000000000000000000000000010100000000000000
000000000100000000000000000000000000000000000000000000000000000000000000000000100000100000000000000000000000000010001000000000000000000000000000000000000000000000000000000000000000000000000000000000000000100010001000000000000000000000000000000000000000000000000000000000000000000000100100000000000000
000000000110000000000000000000000000000000000000000000000000000000100000000001111100100000000000000000000010000110000000000000000000000000000000011100000000000000000000000000000000000000000000000000000000100000001000000000000000000000000000000000000000000000000000000000000000000000011000000000000000
000000000000000000000000000000000000000000000000000000000000000001110000000001000101100000000000000000000101001000000000000000000000000000000000000000000000000000000000000000000000000000000000000000000000101101111000000000000000000000000000000000000000000000000000000000000000000000000000000000000000
000000000000000000000000000000000000000000000000000000000000000010101000000000110000000000000000000000000100100100010000000000000000000000000000000000000000011100000000000000000000000000000000000000000000011110010000000000000001100000000000000000000000000000000000000000000000000000000000000000000000
000000000000000000000000000000000000000000000000000010000000000010100010001100000000000000000000000000000011000000000100000000000000000000011000000000000000000000000000000000000000000000000000000000000000000100100010000000000010010000000000000000001100001110000000000000000000000000000000000000000000
001100000000000000000001000000000000000000000000000010000000000001110001000010001001000000000000000011100000000000000000000000000000000000100100000000000000000000000000000000000000000000000000000000000000000001011101100000000001100000000000000000001100001010000000000000000000000000000000000000000000
001100000000000000000001000000000000000000000000000010000000000000100001010100000110000000000000000000000000000000000000000000000000000000011000000000000000000000000000000000000000000000000100000000000000000000001010111111000000000000000000000000000000001001000011000000000000000000000000000000000000
000000000000000000000001000000000001100000000000000000000000000000000001011000000000000000000000001110000000000000000000000000000000000000000000000000000000000000000000000000000000000000001010000000000000000000000000101111000000000000000000000000000000000110100000000000110000000000000000000000000110
000000000000000000000000000000000010010000000000000000000000000000000000000000000000000000000000001100000000000000000000000000000000000000000000000000000000000000000000000000000000000000001010000000000000000000000000001000000000000010000000000000000000000010100000000001001000000000000000000000000110
000000000000000000000000000000000001100000000000000000000000000000010000000000000000000000000000001100100000000000000000000000000000000000000000000000000000000000000000000000000000000000000100000000000000000000110000011100000000000101000000000000000000011010000000000000110000000000000000000000000000
000000000000000000000000000000000000000000000000000000000000000000000000000000000000000000000000001101011000000000000000000000000000000000000000000000000000000000000000000000000000000000000000000000000000000001110000001110000000000101000000000000000000100010010000000000000000000000000000000000000000
000000000000000000000001100000000001100000000000000000000000000000000000000000000000000000000000000111110001000000000000000000000000000011000000000000000000000000000000000000001110000000000000011000000000000000000000100110000000000010000000000000000000010000100000000000000000000000000000000000000000
000000000000000000000001100000000010010000000000000000000000000000010100000000000000000000000000000000110000000000000000000000000000000100100000000000000000000000000010000000001100000000000000100100000000000001100000100000000000000000000000000000000000001111000000000000000000000000000000000000000000
000000000000000000000000000000000001100000000000000000000000000000001000000000000000000000000000000000010000100000000000000000000000000100100000010000000000000000000111000000001100100000000000011000000000000000100000000100000000000000001100000000000000000100000000000000000000000000000000000000000000
110000000000001100000000000000000000000000000000000000000000000000000000000000000000000000000000000000000000100000000000000000000000000011000000010000000000000000001000100000000010010000000000000000000000000000000000000000011000000000010010000000000000000000000000000000000000000000000000000000000000
110000000000001100000000000000000000000000000000000000000000000000000000000000000000000000000000000000000000000000000000000000000000000000000000010000000000000000001101100000000010100000000000000000000000000000000000001000010000000000001100000000000000000000001110000000000000000000000000000000000000
000000000000000000000000000000000000000000000000000000000000000000000000000000000000000000000000000000000111000000000000000000000000000000000000000000000000000000000000000010000000000000000000000000000000000000000000001000100000000000000000000000000000000000001110000000000000000000000000000000000000
000000000000000000000000000000000000110000000000000000000000000000000000000000000000000000000000000000000000000000000000000011000000000000000000000000000000000000000000000000000100000000000000000000000001100000000000000001100000000000000000000000000000000000101111000000000000000000000000000000000000
000000000000000000010000000000000001001000000000000000000000000000000000000000000000000000000000000000000000000000000000000011000000000000000011100000000000000000000000001000000100000000000000000000000001100000000000000000000000000000000000000000000000000000010000000000000000000000000000000000000000
000000000000000000101000000000000000110000000000000000000000000000000000000000000000000000000000000000000000000000000000000000000000000000000000000000000000000000001100001001110100000000000000000000000000000000000000000000000000000000000000000000000000000000110000000000000000000000000000000000000000
000000000000000000101000000000000000000000000000000000000000000000000000000000000000000000000000000000000000000000000000000000000000000000000000000000000000000000001000001000100000000000000000000000000000000000000000000000000000000000000000000000000000001000011100000000000000000000000000000000000000
000000000000000000010000000000000000000000000000000000000000000000000000000000000001100011000000000000000000000000000000000000000000000000000000000000000000000000000000000100100000000000000000111000000000000000000000000000000001000000000000000000000000001010001100000000000000000000000000000000000000
000000000000000000000000000000000000000000000000000000000000000000000000000000000001100100100000000000000000000100000000000000000000000000000000000000000000000000000000000101000000000001100000000000000000000000000000000000000011100000000000000000000000000000000000000000000000000000000000000000000000
000000001000000000000000000000000000000000000000000000000000000000000000000000000000000011000000000000000000001011011100000000000000000000110000000000000000000000000000000110000000000010010000000010000000000000000000000000000100010000000000000000000000000000100000000000000000000000000000000000000000
000000001000000000000000000000000000000000000000000000000000000000000000000000000000000000000000000000000000001010001010000000000000000000110000000000000100000000000000000000000000000001100000000010000000000000000000000000000110110000000000000000000000000000100000000000000000000000000000000000000000
000000001000000000000000000000000000000000000000000000000000000000000000000000000000000000000000000000000000110001000010000000000000000000000000000000001010000000000000000000000000000000000000000010000000000000000000000000000000000000000000000000000000000000100000000000000000000000000000000000000000
000000000000000000000000000000000000000000000000000000000000000000000000000000000000000000000000000000000001100000000100000000000000000000000000000000001010000000000000000000000001000000000000000000000000000000000000000000000000000000000000000000000000000000000000000000000000000000000000000000000000
000000000011100000000000000000000000000000000000000000000000000000000000000000000000000100000000000000000000100000001000000000000000000000000000000000000100000000000000000000000001100000000000111000000111000000000000000000000000000000000111000000000000000000000000000000000000000000000001100000000000
000000000000001110000000000000000000000000000000000000000000000000000000000000000000000100000000000000000000011111100000000000000000000000000000000000000000000000000000000000000000001000000000000000000000000000000000000000000000000000000000000000000000000000000000000000000000000000000001100000000000
000000000000000000000111000000000000000000000000000000000000000000000000000000000000000100000000000000000000001111100000000000000000000000000000000000000000000011000000000000101100110000000000000000000000000000000000000000000000000000000000000000000000000000000000000000000000000000000000000000000000
000000000000000000000000000000000000001100000000000000000000000000000000000000000000000000000000000000000000000011000000000000000000000000000000000000000000000011000000000000100010000000000000000000000000000000000000000000000000000000000000000000000000110000000000000000000000000000000000000000110011
000000000000000000000000000000000000001100000000000000000000000000000000000000000000000000000000000000000000000000000000000000000000000000000000000000000000000000000000000000000010000000000000000000000011100000000000000000000000000000000000000000000000110000000000000000000000000000000000000000110011
000011100000000000000000000000000000000000000000000000000000000000000000000000000000000000000000000000000000000000000000000000000000000000000000000000000000000000000000000000100010000000000000000000000000000000000000000000000000111000000000000000000000000000000000000000000000000000000000000000000000
000000000000000000000000000000000000000000000000000000000000000000000000000000000000000000000000000000000000000000000000000000000000001100000000000000000000000000000000000000100010000000000000000000000000001000000000000000000000111000000000000000000000000000001100000000000000000000000000000000000000
000000000000000000000000000000000000000000000000000000000000000000000000000000000000000000000000000000000000000000000000000000000000010010000000000000000000000110000000000000110110000000000000000000000000001000000000000000000000000000000000000000000000000000001100000000000000000000000000000000000000
000000000000000000000000000000000000000000000000000000000000000000000000000000000000000000000000000000000000000000000000000000000000001010000000000000001100000110000000000000010100000000000000000000000000001000000000000000000000000001100000000000000000000000000000000000000000000000000011100000000000
000000000000000000000000000000000000000000000000000000000000000000000000000000000000000000000000000000000000000000000000000000000000000100000000000000010010000000000000000000001000000000000000000000000000000000000000000000000000000000010000000000000000000000000000110000000000000000000000000000000000
000000000000000001100000000000000000000000000000000000000000000000000000000000000000000000000000000000000000000110000000000000000000000000000000000000001100000000000000000000000000000000000000000000000000000000000000000000000000001000000000000000000000000000000000110000000000000000000000000000000000
000000000000000001100000000000000000001100000000000000000000000000000000000000000000000000000000000000000000000110000000000000110000000000000000000001000000000000000000000000000000000000000000000000000000000000000000000000000000011000000000000000000000000000000000000000000000000000000000000000000000
000000000000000000000000000000000000001100000000000000000000000000000000000001100000000000000000000000000000000000000000000000110000000000000000000010100000000000000000000000000000000000000000000000010000000000000000000000000000010001000000000000000000000000000000000000000000000000011100000000000000
000000000000000000000000000000000000000000000001000000000000000000000000000010010000000000000000000000000000000000000000000000000000000010000000000010100000000000000000000000000000000000000000000000101000000000000000000000000000001001000000000000000000000000000000000000000000000000000000000000000000
000000000000000000000000000000000000000000000010100000000000000000000000000010100000000000000000000000000000000000000000000000000000000101000000000001000000000000000000000000000000000000000000000000110000000000000000000000000000001010000000000000000000000000000000000000000000000000000000000001000000
000000000000000000000000000000000000000000000010100000000000000000000000000001000000000000000000000000000000000000000000000000000000000110000000000000000000000000000000000000000000000000000000111000000000000000000000000000000000000000000000000000000000000000000000000000000000000000000000000010100000
000000000000000000000000000000000000000000000001000000000000000000000000000000000000000000000000000000000000000000000000000000000000000000000000000000000000000000000000000110000000000000000000000000000000000000000000000000000000000000000000000000000000000000000000000000000000000000000000000010100000
000000000000000000000000000000000000000000000000000000000000000000000000000000000000000000000000000000000000000000000000000000000000000000000000000000000000000000000000000110000000000000000000000000000000000000000000000000000000000000000000000000000000000000000000000000000000000000000000000001000000
000000000000000000000000000000000000000000011000000000000000000000000000000000000000000000000000000000000000000000000000000000000000000000000000000000000000000000000000000000000000000000000000000000000000000000000000000000001011000000000000000000000000000000000000000000000000000000000000000000000000
000000000000000000000000000000000000000000100100000000000000000000000000000000000000000000000000000000000000000000000000110000000000000000000000000000000000000000000000000000000000000000000000001000000000000000000000000000010000100000000000000000000000000000000000000000000011000001100000000000000000
000000000000000000000000000000000000000000011000000000000000000000000000000000000000000000000000000000000000000000000000110000000000000000000000000000000000000000000000000000000000000000000000010100000000000000000000000000010000100000000000000000000000000000000000000000000011000001100000000000000000
000000100000000000000000000000000000000000000000000000000011000000000000000000000000000000000000000000000000000000000000000000000000000000000000000000000000000000000000000000000000000000000000010100000000000000000000000000010000000000000000000000000000000000000000000000000000000000000000000000000000
000001010000000000000000000000000000000000000000000000000011000000000000000000000000000000000000000000000000000000000000000000000000000000000000000000000000000000000000000000000000000000000000001000000000000000000000000000011010000000000000000000000000000000000000000000000000000000000000000000000000
000001010000000000000000001000000000000000000000000000000000000000000000000000000000000000000000000000000000000000000000000000011000000011000000000000000000000000000000000000000000000000000000000000000000000000000000000000010010000000000000000000000000000000000000000000000000001100000000000000000000
000000100000000000000111001000000000000000000000000000000000000000000001100000000000000000000000000000000000000000000000000000100100000100100000000000000000000000000000000000000000000000000000000000110000000000000000000001101111011000000000000000000000000000000000000000000000010010000000000000000000
000000000000000000000000001000000000000000000000000000000000000000000001100000000000000000000000000000000000000000000000000000011000000011000000000000000000000000000000000000000000000000110000000000110000000000000000000011111100001000000000000000000000000000000000000000000000001100000000000000011000
000000000000000000000000000000000000000000000000000000000000000000000000000000000000000000000000000000000000000000000000000000000000000000000000000000000000000000000000000000000000000000110000000000000000000000000000000101100000010000000000000000000000000000000000000000000000000000000000000000011000
000000110000000000000000000000000000000000000000000000000000000000000000000000000000000000000000000000000000000110000000000000000000100000000000000000000000000000000000000000000000000000000000000000000000000000000000001001011110000000000000000000000000000000000000000000000000000000000000000000000000
000000110000000000000000000000000000000000000000001100000000000000000000000000000000000000000000000000000000001001000000000000000001010000000000000000000000000000000000000000000000000000000000000000000000000000000000001000100100000000000000000000000000000000000000000000000000000000000000000000000000
000000000000000000000000000000000000000000000000001100000000000000000000000000000000000000000000000000000000000101000000000000000001010000000000000000000000000000000000000000000000000000000000000000000000000000000000001100110000000000000000000000000000000000000000000000000000000000000000000110000000
000000000000000000000000000000000000000000000000000000000000000000000000000000000000000000000000000000000000000010000000000000000000100000000000000000000000000000000000000000000000000000000000000000000000000000000000000000110000000000000000000000000000000000000000000000000000000000000000000110000000
000000000000000000000000000000000000000000000000000000000000000000000000000000000000000000000000000000010000000000000000000000000000000010000000001110000000000000000000000000000000000000000000000000000000011000000000000000000000001000000000000000000000110000000000000000000000000000000000000000000000
000000000000000000000000000000000000000000000000000000000000000000000000000000000000000000000000000000101000000000000000000000000000000101000000000000000000000000000000000000001100000000000000000000000000011000000000000000000000110110000000000000000000110000000000000000000000000000000000000000000000
000000000000000000000000000000000000000000000000000000000000000000000000000000000000000000000000000000100100000000000000000000011000000101000000000000000000000000000000000000001100000000000000000000000000000000000000000000000000001000000000000000000000000000000000000000000000000000000000000000000000
000000000000000000000000000000000000000000000000000000000000000000000000000000000000000000110000000000011000000000000000000000100100000010000000000000000000000000000000000000000000000000000000000000000000000000000000000000000000000000000000000000000000000000000000000000000000000000000000000000000000
000010000000000000000000000000000000000000000000000000000000000000000000000000000000000000110000000000000000000000000000000000100100000000000000000110000000000001100000000000000000000000000000000000000000000000000000000000000000000000000000000000000000000011000000000000000000000000000000000000000000
000101000000000000000000000000000000000000000000000000000011000000000000000000000000000000000000000000000000000000000000000000011000000000000000001001000000000001010000000000000000000000000000000000000000000000000000000000000011100011100000000000000000000011000000000000000000000000000000000000000000
000110000000000000000000000000000001000000000000000000000100100000000000000000000000000100000000000000000000000000000000000000000000000000000000000110000000000000100000000000110000000000000000000000000000000000000000000000000000010101100000000000000000000000000000000000000000000000000000000000000000
000000000000000000001100000000000010100000000000000000000011000000000000000000000000001010000000000000000000000000000000000000000000000000000000000000000000000000000000000000101000000000000000000000000000000000000000000000000010000010000000000000000000000000000000000000000000000000000000000110000000
000000000000000000010010000000000010010000000000000000000000000000000000000000000000000100000000000000000000000000000000000000000000000000000000000000000000000000000000000000010000000000000000000000000000001100000000000000000000000000000000000000000000000000000000000000000000000000000000000110000000
000000000000000000001100000000000001100000000000000000000000000000000000000000000000000000000000000000000000000000000000000000000000000000000000000000000000000000000000000000000000000000000000000000000000001100000000000000000000100000110000000000000000001100000000000000000000000000000000000000000000
000000000000000000000000000000000000000000000001001111000000001100000000000000000000000000000000000000000011000000000000000000000000000000000000000000000000000001100000000000000000000000000000000000000000000000000000000000000001000001001000000000000000001100000000000000000000000000000000000000000000
000000000000000000000000000000000000000000000011000000100001011010000000000000000000000000000000000000000100100000000000000000000000000000000000000000000000000001100000000000000000000000000000000000000000000000000000000000000001100000001000000000000000000000000000000000000000000000000010000000000000
000000000000000000000000000000000000000000000001010100100010101010000000000000000000000000000000000000000011000000000000000000000000000000000000100000000000000000000000000000000000000000000000000000000001110000000000000000000111111101010000000000000000000000000000000000001000000000000101000000000100
000000000000000000000000000000000000000000000010000011000100010011000000000000000000000000000000000000000000000000000000000000000000000000000000100000000000000000000000000000000000000000000000000000000001000000000000000000001110011000100000000000000000000000000000000000001000000000000101000000001010
000000000000000000000000000000000000000000000000000001000010010111000000000000000000000000000000000000000000000000000000000000000000000000000000100000000000000000000000000000000000000000000000000000000000110000000000000000000000000000000000000000000000000001100000000000001000000000000010000000001001
000000000000000000000000000000000000000000000000000001100001010000000000000000000000000000000000000000000000000000000000000000000000000000000000000000000000000000000000000000000000000000000000000000000000000000000000000000000011000000000000000000000000000001100000000000000000000000000000000000000110
000000000000000000000000000000000000000000000000000000110000000000000000100000000000000000000000000110000000000000000000000000000000000000000000000000000000000000000000000000000000000000000000000000000000000000000000000000000001000011000000000000000000000000000000000011100011100000000000000000000000
000000000000000000000000000000000000000000000000000000000000000000000001010000000000000000000000000110000011000000000000000000000000000000000000000000000000000000000000000000000000000000000000000000000000000000001000000000000001000100100000000000000000000000000000000000000000000000000000000000000000
000000000000000000000000000000000000000001100000000000000000000000000001010000000000000000000000000000000011000000000000000000000000000000000000000000000000000000000000000000000000000000000000000000000000000000001000000000000000000011000000000000000000000000000000000000001000000000000000000000000000
000000000000000000000000000000000000000001100000010000000000000000000000100000000000001000000000000000000000000000000000000000000000000000000000000000000000000000000000000000000000000000000000000000000000000000001000000000000000000000000000000000000000000000000000000000001000000000000000000000000000
000000000000000000000000000000000000000000000000101000000000000000000000000000000000001010000000000000000000000000000000000000000000000000000000000000000000000000000000000000000000000000000000000000000000000000000000000000000000000000000000000000000000000000000000000000001000000000000000000000000000
000000111000000111000111000000100000000000000000000001000000000000000000000000000000001100000000000000000000000000000000000000000000000000111000000000000000000000000000000000000000000000000000000000000000000011100000000000000000000000100000000000000000000000000000000000000000000000000001110000000000
000000000000000000000000000000100000000000000000111001100000000000000000000000000000000000000000000000000000000000000000000000000000000000000000000000000000000000000000000000000000000000000000000000000000000000000000000000000000000000100000000000000000000000000000000000000000000000000000000000000000
000000000000010000101000010000100000000000000000000000100001110000010000000000000000000000000000000000000000110000000000000000000000000000000000000000000000000000000000000000000000000000110000000000000000000000000000000000000000000000100000000000000000000000000000000000000000000000000000000000000000
000000000000010000101000010000000000000011100000000000000001101000101000000000000000000000000000000000000000110000000000000000000000000000000000000000000000000000000000000000000000000001001000000000000000000000000000000000000000000000000000000000000000000000001100000000000000000000000000000000000000
000110000000010000101000010000000000000000000000000000000001100100100100000000000000000000000000000000000000000000000000000000000000000000000000000000000000000000000000000000000000000001001000000000000000000000110000000000000000000000000000000000000000000000001100000000000000000000000000000000000000
000110000000000111000111000000000000000000000000000000000000001000011000000000000000000000000000000000000000000000000000000000000000000000000000000000000000000000000000000000000000000000110000000000000000000000110000000000000000000000000000000000000000000000000000000000000000000000000000000000000000
