300 300
000000000000001100001000000000000000000000000000000110110000000000000000000000000000000111000000000000000000000000000000000000000000000000100000110000000000000000000000000000000000000000000000000000000000000000000000000000000000000000000000000000000000000000000000000000000000000000000010000000000000
000000000000010010001000000000000000000000000000000110110000000000000000000000000000000101000000000000000000000000000000000000000000000001100000110000000000000000000000000000000000000000000000000000000000000000000000000011100000000000001100000000000000000000000000000000000000000000000010000000000000
000000000000001100001000000000000000000000000000000000000000000000000000000000000000001100100000000000000000000000000000000000000000000010010000000000000000000000000000000000000000000000000000000000000000000000000000000000000000000000010010000000000000000000000000000000000000000000000010000000000000
000000000000000000000000000000000000000000000000000000000000000000000110000110000000001100110000000000000000000000000000000000000000000010100000000000110000000000000000000000000000000000000000000000000000000000000000000000000000000000010100000000000000000000000000000000000000000000000000000000000000
000000000000000000000000000000000000000000000000000000000000000000001001000110000000000101100000000110000000000000000000000000000000000010010000000000110000000000000000000000000000000000000000000000000000000000000000000000000000000000001000000000000000000000000000000000000000000000000000000000000000
000000000000000000000000000000000000000000000000000000000110000000000110000000000000001110000010000101000000000000000000000000000000000010010000000000000000000000000000000000000000000000000000000000000000000000000000000000000000000000000000000000000000000000000000000000000000000000000000000000000000
000000000000000000000000000000000000000000000000000000110110000000000000000000000000000000001111000010000000000000000000000000000000000001010000000000000000000000000000000000000000000000000000000000000000000000000000000000000000000000000000000000000000000000000000000000000000000000000000000000000000
000000000000000000000000000000000000000000000000000001010110011100000000000000000000000000001000100000000000000000000000000000000000000011100000000000000000000000000000000000000000000000000000000000000000000000000001100000000000000000000000000000000000000000000000000000000000000000000000000000000000
000000000000000000000000000000000000000000000000000011001000010100000000000000000000000000010000010000000000000000000000000000000000000000000000000000000000000000110000000000000000000000000000000000000000000000000001100000000000000000000000000000000000000000000000000000000000000000000000000000011000
000000000000000000000000000000000000000000000000000001110000010010000000000000000000000000011100010000000000000000000000000000000000000000000000000000000000000001010000000000000000000000000000000000000000000000000000000000000000000000000000000000000000000000000000000000000000000000000000000000011000
000000000000000000000000000000000000000000000000000000100000111100000000000000000000000000011000000000000000000000000000000000000000000000000000000000000000000000100000000000000000000000000000000000000000000000000000000000000000000000000000000000000000000000000000000000000000000000000000000000000000
000000000000000000000000000000000000000000000000000000000001000000000000000000000000000000110011000000000000000000000000000000000000000000000000000000000000000000000000000000000000000000000000000000000000000000000000011000000000000000000000000000000000000000000000000000000000000000000000000000000000
000000000000000000000000000000000000000000000000000000000001001000000000000000000000000000110011000000000000000000000000000000000000000000000000000000000000000000000000000000000000000000000110000000000000000000000000011000000000000000000000000000000000000000000000000000000000000000000000000000001100
000000000000000000000000000000000000000000000000000000000000101011000000000000000000000000000000000000000000000000000000000000000000000000000000000000000000000000000000000000000000000000001001000000000000000000000100000000000000000000000000000000000000000000000000000000000000001100000000001000001100
000000000001100011000000000000000000000000000000000000000000000111000000000000000000000000000000000000000000000000000000000000000000000000000000000000000000000000000000000000000000000000000101000000000000000000000100000000000000001000000000000001100000000000000000000000000000001100000000001000000000
000000000001100011000000000000000000000000000000000000000000010011000000000000000000000000000000000000000000000000000000000000000000000000000000000000000000000000000010000000000000000000000010000000000000000000000100000000000000010100000000000010000000000000000000000000000000000000000000001000000000
000000000000000000000000000000000000000000110000000111000000010000000000000000000000000000000000000000000000000000000000000000000000000000000000001110000000000000000101000000000000000000000000000000000000000000000000000000000000010100000000000100000000000000000000000000000000000000000000000000000000
000000000000000000001100000000000000000000110000000000000000100000000000000000000000000000000000000000000000000000000111000000000000000000000000000000000000000000000110000000000000000000000000000000000000000000000001110000001110001000000000000100000000000000000000000000000000000000000000000000000000
000000011000000000010010000000000000000000000000010000000000010000000000000000000000000000000000000000000000000000000000000000000000001110000000000000000000000000000000000000000000000000000000000000000000000000000000000000000000000000000000000110000000000000000000000000000000000000000000000000000000
000000011000000000001100000000000000000000000000010000000000010000000000000000000000000000000000000000000000000000000000000000100000110001000000000000000000000000000000000000000000000000000000000000000000000000000000000000000000000000000000000000110000000000000000000000000000011100000000000000000000
000110000000000000000000000000000000000000000000010000000000000000000000000000000000000010000000000000100000000000000000000000111100110000100001111000000000000000000000000000000000000000000000000000000000000000000000000000000000000000110000000000000000000000000000000000000000000000000000000000000000
001001000000000000000000000000000000110000000000000000000000000000000000000000000000000101000000000001010000000000000000000000101100010000100111000000000000000000000000000000000000000000000000000000000000000000000000000000000000000001001000000000000000000000000000000000000001000001000000000000000000
000110000000000000000000000000000000110000000000000111000000000000000000000000000000000101000000000001001000000000000000000000000000000110000100001000000000000000000000000000001110000000000000000000000000000000000000011110000000000011111100000110100000000000000000000000000001000001000000000000000000
000000000110000000110000000000000000000000000000000000000000000000000000000000000000000010000000000000110000000000000000000000000000000011011110100000000000000000000000000000000000000000000000000000000000000000000000001010000000000001001000000111000000100000000000000000000001000001000000000000000000
000000000110000000110000000000000000000000000000000000000000000000000000000000000000000000000000000000000001100000000000000000001000000010111000110000000000000000000000000000000000000000000000000000000000000000000000100000000000000000110000000000000000100000000000000000000000000000000000000000000000
000000000000000000000000000000000000000000000000000000000000000000000000000000000000000000000000000000000010010000000000000000001000001100110111000000000000000000000000000000000000000000000000000000000000000000000000000100000000000000000000000100000000000000000000000000000000011100000000000000000000
000000000000000000000000000000000000000000000000000000000000000000110000000000000000000000000000000000000010010000000000000000000000001100001110000000000000000000000000000000000000000000000000000000000000000000000010000100000000000000000000011011000100000000000110000000000000000000000000000000000000
000000000000000000000000000000000000000000000000000000000000000000101000000000000000000000000000000000000001100000000000000000000000000000000100000000000000000001110000000000000001000000000000000000110000000000000010010000000000000000001100010010101111000000000110000000000000000000000000001110000000
000000000000000000000000000000000000000000000000000000000000000000010000000000000000000000000000000000000000000000000000000000000000000000000000000000000000000000000000000000000001100000000000000000110000000000000001000000000000001110010000011010110000010110100000000000000000000000000000000000000000
000000000000000000000000000000000000000000000000000000000000000000000000000000000000000000000000000000000000000000000000000000000000000000000000000000000000000000000000000000000001100000000110000000000000000000000001101100000000000000011111000100000000011011000000000000000000000000000000000000000000
000000000000000000000000000000000000000000000000000110000000000000000000000000000000000000000000000000000000000000000000000000000000000000000000000000000000000110000000000000000000100000000110000000000000000000000000111000000111000000010111000000000000000111000010000000000000000000000000000000000000
000000000000000000000000000000000000000000000000000110000000011100000000000000000000000000000000000000000000000000000000000000000000000000000000000000000000000110000000000000000000000000000000000000000000000000000000011000001000100000111101000000000000000000000010000000000000000000000000000000000000
000000000000000000000000000000000000000000000000000000000000000000000000000000000000000000000000000000000000000000000000000000000000000000000000000000000000000000000000000000000000000000000000000000000000000000000000000000000000000000100100000110000000000000000010000000000000000000000000000000000000
000000000000000000100000000000000000000000000000000000000000000000000000000000000000000000000000000000000000000000000000000000000000000000010000000000000000000000000000000000000000000000000000000000000000000000000000000000000000000000011100000001000000000000000000000000000000000000000000000000000000
000000000000000001010000000000000000000000000000000000000000000000000000000000000000000110000000000000000000000000000000000000000000000110000100000000000000000000000000000000000000000000000000000000000000000000000000000000001000100000011000000110000000000000111000111000000000000000000000000000000000
000000000000000001001000000000000000000000000000000000000000000000000000000000000000001001000100000000000000000000000000000001100000000110000100000000000000000000000000000101000000000000000000000000000000000000000000000000000111000000000000000000000000000000000000000000000000000000000000000000000000
000000000000000000110000000000000000000000000000000000000000000000000000000000000000000101001010000000000000000000100000000010010000000110000010000000000000000000000000000000000000000000000000000000000000000000000000010010000000000000000000000000000100000000000010000000000000001000000000000000000000
000000000000000000000000000000000000000000000000000000000000000000000000000000000000000010001010000000000000000001010000000001010000000000000110000000000000000000000000010001000000000000000000000000000000000001110000000110000000000000000000000000001011000000000010000000000000001000000000000000001100
000000000000000000000000000000000000000000000000000000000000000000000000000000000000000000000100000000011000000000100000000000100000000000111101000000000000000000000000010000000000000000000000000000000000001000000000000100000000000000000000000000000100110000000010000000000000001000000000000000001100
000000000000000000000000000000000000000000000000000000000000000000000000000000000000000000000000000000011000000000000000000000000000000000000111000000000000010000000000000010100000000000000000000000010000001000000000000000000000000000000000000010100010000000000000000000000000000000000000000000000000
000000000000000000000000000000000000000000000000000000000000000000000000000000000000000000000000000000000000000000000000000000000000000000101111100000000000010000000000001001100000000000000000000000010000001000000000000000000000000000000000000110110001000000000000000001100000000000110000000000000000
000000000000000000000000000110000000000000000000000000000000000000000000000000000000000000000000000000000000000000000000000000000000000000111000110000000000010000000000001000100000000110000000000000010000000000000000010100000000000000001000000000001000111000000000000110111000000001001000000000000000
000000000000000000000000001001000000000000000000000000000000000000000000000000000000000000000000000000000000000000000000000000000000001111001011100000000000000000000000000111000000000110000000000000000000000000000000000110000000000000001000000111101000000000000000001000100100000000110000000000000000
000000000000000000000000000101000000000000000000000000000000110000000000000000000000000000000000000000000000000000000000000000000000001110000111000000000000000000000000000001000110000000000000000000000001000000000000000010000000000000001000001100000000000000000000010000000010000000000000000000000000
000000000000000000000000000010000000000000000000000000000000110000000000000000000000000000000000000000000000011100111000000000000000010100000010000000000000000000000000000001100110000000000000000000000010100000000000000101000000000000000000000110110000000000000001100010000010000000000000000000000000
000000000000000000000000000000000000000000000000000000000000000000000000000000000000000000000000000000000000000000000000000000000000010100000000000000000000000000000000000001100000000000000000000000000010100000000000000000000000000000000000000011100000000000000000100000000110000000000000000000000000
000000000000000000000000000000000000000000000000000000000000000000000000000000000000000000000000000000000000000000000010000011000000011000000000000011000000000000000000000000000000000000000000000000000001000000000001000010000110000000000000000001000001100000000000100100000000000000000000000000000000
000000000000000000000000000000000000000000000000000000000000000000000000000000000000000000000000000000000000000000000010000011000000000000000000000101000000000000000000000000000000001000100000000000000000000000000001110010000110000000000000000000000001100000000000010100110000000000000000000000000000
000000000000000000000000000000000000000000000000000000000000000000000000000000000001000000000000000000000000000000000010000000000000000000000000000010000000000000000000000000000111000111100000000000110000000110000000100010000000000000000000000000000000000000000000001010110000000000000000000000000000
000000000000000000000000000000000000000000000000000000000000000000000000000000000010100000000000000000000000000000000000000000000000000000000000000000000000000000000000000000000101110010100000000001001000001001000000000100000000000000000000000000000000000000000000000100000000000000000000000000000000
000000000000000000000000000000001100000000000000000001110000000000000000000000000010010000000000000000000000000000000000000000000000000000000000000000000000000000000000000000000011001010000000000000110000000110000000000000000000000000000000000000000000000000000000000000000000000000000000000000000000
000000000000000000000000000000010010000000000000000000000000000000000000000000000001100000000000000000000000011100000000000000000000000000000000000000000000000000000000000000000000011001000000000000000000000000000000000000000000000000000000000000000000000000000000000000000000000000000000000000001110
000000000000000000000000000000001100000000000000000011000000000000000000000000000000000000000000000000000000000000000000000000000000000000000000000000000000000000000000000000000000000000000000000000000001000000000000000000000000000000000000000000000000000000000000000000000000000000000000000000000000
000000000000000000000000000000000000000000000000001111100000000000000000000000000000000000000000000000000000000000000000000000011000000000000000000000000000110000000000000000000000000000000000000000000010100000000000000000000000110000000000000000000000000000000000000000000000000000000000000000000000
000000000000000000000000000000000000000000000000001000110100000000000000000000000000000000000000000000000000000000000000000000011000000000000000000000000001001000000000000000000001000000000000000000000010100001100000000000000000110000000000000001100000000001100000000000000000000000000000000000000000
000000000000000000000000000000000000000000000000000010000010000000000000000000000000000000000000000000000000000000000000000000000000000000000000000000000000110000000000000000000010000000000000100000000001000010100000000000000000000000000000000001100000000001100000000000000000000000000000000000000000
000000000000000000000000000000000000000011000000000000111100000000000000000000000000000000000000000000000000000000000000000000000000000000000000000000000000000000000000000000000010110000000000100000000000000001000000000000000000000000000000000000000000000000000000000000000000000000000000000000000000
110000000000000000000000000000000000011010100000001000000000000000000000000000000000000011000000000000000000000000000000000000000000110000000000000000000000000000110000000000000001111000000000100000000000000000000000000000000000000000000000000000000000000000000000000010000000000000000000000000000000
110000000000000000000000000000001000000000100000001010000000000000000000000000000000000011000000000000000000000000000000000000000001001000000000000000000000000000110000000000000001000100000000000000000000000000000000000000000000000000000000000000000000000000000000000010000000000000000000000000000000
000000000000000000000000000000110000000110100000000001000000000000000000000000000000000000000000000000000000000000000000000000000000110000000000000000000000000000000000000000000011011000000000000000000000000000000000000000000000000000000000000000000000000001100000000010000000000000000000000000000000
000000001100000000000011000001000000000011000000001101100000000000000000000000000000000000000000000000000000000000000000000000000000000000000000000000000000000000000000000000001111000000011100000000000000000000000000000000000000000000000000000000000000000010010000000000000000000000001110000000000000
000000010010000000000011000001000001000000000000010000010000000000000000000000000000000000000000000000000000000000000000000000000000000000000000000000000000000000000000000000001000100000100010000000000000000000000000000000000000000000000000000000000000000010100000000000111000000000001110000000000000
000000001100000000000000000000011110000000000000000010100000000000000000000000000000000000000000000000000000000000000000000000000000000000000000000000000000000000000000000000000111000001000001000000000000000000000000000000000000000000000000000010000000000001000000000000000000000000011000100000000000
000000000000000000000000000000110100000000000000000001000000000000000000000000000000000011000000000000000000000000000000000000000000000000000000000000000000000000000000000000000111000010001000100000000000000000000000000000000000000000000000001101000000000000000010000100000000000000101011100000000000
000000000000000000001000000000010100000000000000011000000000000000000000000000000000000011000000000000000000000000000000000000000000000000000000000000000000000000000000000000000000000010010100100000000000000000000000000000000000000000000000001000000000000000000000011110000000000000101001000000000000
000000000000000000001000000000001100000000000000000000000110000000000000000000000000000000000000000000000000000000000000000000000000000000000000000000000000000000000000000000000000000010001000011000000000000000000000000000000000000000000000000000000000000000000110110001000000000000111000000000000000
000000000000000000001000000000000000000000000000000000001001000000000000000000000000000000000000000000000000000000000000010000000000000000000000000000000000000000000000000000000000000001000001001000000000000000000000000000000000000000000000000000000000000000000111110110000000000000000000000000000000
000000000000000000000000000000000000000000000000000000000110000000000000000000000000000000000000000000000000000000000000010000000000000000000000000000000000000000000000000000000000000000100010001000000000000000000000000000000000000000000000000000000000000000000010001000000000000000000000000000000000
000000000000000000000000010000000000000000000000000000000000000000000000000000000000000000000000000000000111000000000000010000000000000000000000000000001100000000000000000000000000000000011100000000000000000000000000000000000000000000000000000001100000000000000011011000000001000000000000000000000000
000000000000000000000000101000000000000000000000000000000000001000000000000000000000000000000000000000000111111000000000000000000000000000000000000000001100000000000000000000000000000000000000000000000000000000000000000000000000000000000010010011100000000000000001110000000100100011100000000000000000
000000011000000000110000010000000000011000000000000000000000010100000000000000000111000000000000000000000001001000000000000000000000000000000000000000000000000000000000000000000000000000000000000000000000000000000000000000000000000001110001001001100000000000000000100000000100010000000000000000000000
000000011000000001010000000000000000011000000000000000000000100100000000000000000101000000000000000110000000101100000000000000010000000000000000000000000000000000000000000000000000000000000000000000000000000000000000000000000000000000000001001100110000000111000000000000000100010000010000000000000000
000110000000000000100000000000000000000000000000000000000000011000000000000000001100110000000000000110000011101100000000000000101000000000000000000000000000000000000000000000000000000000000000000000000000000000000000000000000000000000000000011000110000000000000000000000000000110010001000000000000000
000110000000000000000000000000000000000000000000000000000000000000000000000000001001000000000000000000000011001100100000000001000100000000000000000000000000000000000011100000000000000000000000000000000000000000000000000000000000000000000000001000000000001010100000000000000000010001001000000000000000
000000000000000000000000000000000000000000000000000000000000000000000000000000000000110000000000000000000000011000110000000011111000000000000000000000000000000000000000000000000000000000000000000000000000000000000000000000000000000000000010010000000000001101100000000000000011010000111000000000000000
000000000000000000000000000000000000000000000000000000000110000000000000000000000001000000000000000000001101110001001001000100100000000000000000000000000000000000000000000000011001100000000001000000000000000000000000000000000000000000000100010000100000110000011000000000001100010000000000111000000000
000000000000000001110011100000000000000000000000000000001001000000000000000000000010010000000101000000001101000000011010100101000000000000000000000000000000000000000000000000011001100000000010100000000000000000000000000000000000000011000110111011100010010010010010000000001100000000000000111000000000
000010000000000010000011100000000000000000000000000000001010000000000000000000000000010000001010100000000000000000110010000101100000000000000000000000000000000000000000000000000000000000000001100000000000001000000000000000000000000101100000111100000010100101001010000001000001000000000000010000000000
000100000000000000000000100000000000000000000000001000000100011100000000000011000110000000000000000000000000000000001000000000000000000000000000000000000000000000000000000000000000000000000000000000000000010100000000000000000000000000110000000001000010010010010010000001000001100000000000000000000000
000011110000000000000000000000000000000000000000001000000000000000000000000111000110100000100000001000000001100000111000000010000000000000000000000000000000000000000000000000011000000000110000000000000000010100000000000000000000000110100100110011000000110000011000000001000011000000000000000001100000
000001010000000001011000000000000000000000000000001000000001000001000000000000000001000001000000000100000001100000000001100000000000000000000000000000000000000000000000000000011000000001001000000000000000001000000000000000000000000000010100000000000000001101100000000000000010000000000000000001100000
000000000000000001000110000000000011000000000000000000000001000001000000001110000111000000100000001000000000000000000010111100000000000000000000000000000000000000000000000000000000000000110000000000000000000000000000000000000000000000000000000000000000001010100000000000000000000000000000000000000000
000000000000000000000100000000000010100000000011100000000001000001000000000100000100000001000000000100000000000000000111000000000000000000000000000000000000000000000000000000000000000000000000000000000000000000000000000000000000000000000000000000000000000000000000000000000000000000000000000000000000
000000000011000000000100000000000001000000000000000000000000000000000000000000000000000000100000001000000000000000000010000000000000000000000000000000000000000000000000000000000000000000000000010000000000000000000000000000000000000000000000001000000000000111000000000000000000000000000000000000000000
000000000000100000000000000000000000000000000000000000000000011100000000000000000000000000000000000000000000000000000000000000000000000000000000000000000000000000000000000000000000000000000000101000000000000000000000000000000000000000000000001000000000000000000000000000000000000000000000000000000000
000000000001100010000000000000000000000000000000000000000000000000000000000000000000000000001010100000000000000000000000000000000000000000000000000000011100000000000000000000000000000000000000101000000000000000000000000000000000000000000000001000000000000000000000000110000000000000000000000000000000
000000000011111111000000000000000000000000000000000000000000000000000000000000000000000000000101000000000000000000000000000000000000000000000000000000000000000000000000000000000000000000000000010000000000000000000000000000000000000000000000000000110000000001100000001001000000000000000000000000000000
000000000000101000000000000000000000000000000000000000000001100000000010000000000000000000000000000000000000000000000000000000000000000000000000000000000000000000000000000000000000000000000000000000000000000000000000000000000000000000000000000001010000000010010000000110000000000100000000000000000000
000000000000000010000000000000000000000000000000000000000001100000000101000000000000000000000000000000000000000000000000000000000000000000000000000000000000000000000000000000000000000000000000010000000000000000000000000000000000000000000000000000100000000001100000000000000000001010000000000000000000
000000000010011100001000000000000000000000000000000000000000000000000101000000000000000000000000000000000000000000000000000000000000000000000000000000000000000000000000000000000000000000000000101000000000000000000000000000000000000000000010010000000001000000000001000000000000001100000000000000000000
000000000001001000001000000000000000000000000000000000000000000000000010000000000000000000000000000000000000000000000000000000000000000000000000000000000000000000000000000000000000000000000000101000000000000000000000000000000000000000001110011100000011010000000010100000000000000000000000000000000000
000000000000000000001000000000000000000000000000000000000000000000000000000000101000000000000000000000000000000010000000000000000000000000111000000000000000000000000000000000000000000000000000010000000000000000000000000000101001100000000010010000000000001100000010100000000000000000000000000000000000
000000000000000000000000000000000000000000000000000000000000000001100000001101110000100000000000000000000000000010000101100000000000000000000000000000000000000000000000000000000000000000000000000000000000000000000000000000100101100000000000000000000101001100000001000000000000000000000000000000001100
000000000000000000000000000000000000000000000000000000000000000010010000010010010001010000000000000000000000000010001011100011000000000000000000000000000000000000000000000000011100000000000000000000000000000000000000000000000100000000000000000000000000001100000000000000001110000000000000000000001100
000110000000000000000000000000000000000000000000000000000000000001100000001100000011100000000000000000000000000000011000000000000000000000000000000000000000100000000000000000000000000000000000000000000000000000000000000000001010000011100000000000000010110000000000000000000000000000000000000000000000
000110000000000000000000000000000000000000000000110000000000000000000000000000000010110000000000000000000000000000001010000011100000000010000000000000000001010000000000000000000000000000000000000000000000000000000000000000000000000100010000000000000011100000000000000000100000100000000000000000000000
000000000000000000001000000000000000000000000000110000000000000000000010000000000111010000000000000000000000000000000010000000000000000010010000000000000000100000000000000000000000000000000000000000000000000000000000000000000000000100010000000000000000000000000000000000100000100000000000000000000000
000000000000000000001000000000000000000000000000000000000000000000000101000000000001001000000000000000000000000000000000000011000000000100001000001111000000000000000000000000000000000000000000000000000000000000000000000000000000000100010000000000000000000000000000000000100000100000000000000000000000
000000000000000000001000000000000000000000000000000000000000000000000101000000000000010000000000000000000000000000000000001010000000000001010000001001100000000000000000000000000000000000000000000000000000000000000000001100000000000011100000000100000000000000000000000000000000000000000000000000000000
000000000000000000000000000000000000000000000000000001000000000000000010000000000000000000000000000000000000000000000000001000000000000011110001000100110000000000000000000000000000000000000000000000000000000000000000001100000000000000000000001010000000000000000000000000001110000000000001100000000000
000000000000000000000000000000000000000000000000000000100000000000000000000000000000000000000000000000000000000000000000000100001110000000100001101100100000000000000000000000000000000000000000000000000000000000000000000000000000000000000000001100000000000000000000000000000000000000110000010000000000
000000000000000000000000000000000000000000000000000000001000000000000000000000000000000000000000000000000000000000000000000011001010000000000000110011000000000000000000000000000000000000000000000000000000000000000000000001100000000000000000000000000000000000000000000000000000000000110010000000000000
000000000000000000000000000000000000000000000000001110000100000000000000000001100000000000000000000000000000000000000000000000000010000000000001100000000000000000000000000000000000000000000000000000000000000000000000000001010000000000000000000000000000000000000000000000000000000000000001100000000000
000000000000000000000000000000000000000000000000001101000000000000000000000001100000000000000000000000000000000000000000000000001000000000000001000000000000000000000000000000000000000001100000000000000000000000000000000000010000000000000000100000000000000000000000000000000000000000000000000000000000
000000000000000000000000000000000000000000000000001100000100000000000000000000000001100000000000000000000000000000000000000000000010000000000000000000000000000000000000000000000000000001100000000000000000000000000000001011110000000000000001010000000000000000000000000000000000000000000000000000000000
000000000000000110000000000000000000000000000000000000110100000000000000000000000001100000000000000000000000000000000000000000001010000000101100000000000000010000000000000000000000000000000000000000000000000000000000001000110000000111111100011000000000000000000000000000000000000000000000000000000000
000000000000000110000000000000000000000000000000000010001000000000000000000000000000000000000000000000000000000000000000000000011010000001000011000000000000101000000000000000000000000000000000000000000000000000000000000101100000000110101011011000000000000000000000000000000000000000000000000000000000
000000000000000000000000000000000000000000000000000000111000000000000000000000000000000000000000000000000000000000000000000000010010000000101011000000000001001000000000000000000000000000000000000000000000000000000000000001110000000000001010011000000000000000000000000000000000000000000000000000000000
000000000000000000000000000000000000000000000000000000010000000000000000000000000000000000000000000000000000000000000000000000101110000000011011000000000000110000000000000000000000000000000000000000000000000000000000000000000000001011111000010000000000000000000000000000000000000000000000000000000000
000000000000000000000000000000000000000000000000000000000000000000000000000000000000000000000000000000000000000000000000000011101110000000000000000000000000000000000000000000110000000000000000000000000000000000000000000000010000001000001000110000000000000000000000000000000000000000000000000000000000
000000000000000000000000000000000000000000000000000000000111000000000000000000000000000000000000000000000000000010000000000000001000000000000000000000000000000000000000000000101000000000000000000000000000000000000000000000101000000010000110000000000000000000000000000000000000000000000000000000000000
000000000000000000000000000000000000000000000000000001110100110000000000000000000000000000000000000000000000000101000000000011100000000000000000000000000000000000000000000000010000000000000000000000000000000000000000000010000000000100000000000000000000000000000000000000000000000000000000000000000000
000000000000000000000000000000000000000000000000000000000011100000000000000000000000000000000000000000000000000010000000000010010000000000000000000000000000000000000000000000000000000000000000000000000000000000000000000110001010000000000000000000000000000000000000000000000000000000000000000000000000
000000000000000000000000000000000000000000000000000000000001000000000000011000000000000000000000000000000000000000000000000010010000000000000000000000000000000000000000000000000000000000000000000000000000000000000000000100000001000000000000000000000000000000000000000000000000000000000000000000000000
000100000000000000000000000000000000000000000000000000000000000000000000011000000000000000000000000000000000000000000000000010000000000000000000000000000000000000000000000000000000000000000000000000000000000000000000000100000000100000000000000000000001100000000000000000000000000000000000000000000000
001010000000000000000000000000000000000000000000000000000000000000000000000000000000000000000000000000000000000000000000000010110000000000000000000000000000000000000000000000000000000000000000000000000000000000000000000100000001000000000000000000000001100000000000000010000000000000000000000000000000
001100000000000000000000000000000000000000000000000000010000000000000000000000000000000000000000000010000000000000000000000000000000000000000000000000000000000000000011000000000000000000000000000000000000000000000001100000011000000000000000000000000000000000000000000010000000000000000000000000000000
000000000000000000000000000000000000000000000000000000101000000000010000000000000000000000000000000101000000000000000000000000000000000000000000000000000000000000000100100000000000000000000000000000000000000000000000000000100000000000000000000000000000000000000000000010000000000000000000000000000000
000000000000000000000000000000000000000000000000000000101000000000010000000000000000000000000000000100110100000000000000100000100000000000000000000000000000000000000011000000000000000000000000000000000000000000000000011001000000000000000000000000000000000000000000000000000000000000000000000000000000
000000000000000000000000000000000000000000000000000000010000000000000000000000000000000000000000000000010100000000000000100000100000000000000000000000000000000000000000000000000000000000000000000000000000000000000000000000000000000000000000000000000000000000000000000000000000000000000000000000000000
000000000000000000000000000000000000000000000000000000000000000110000000000000000000000000000000000000000000000000000000100000100000000000000000000110000010000000000000000000000000000000000000000000000000000000000000001010000000000000000000000000000000000000000001100000000000000000000000000000000000
000000000000000000000000000000000000000000000000000000000000000110000000000000000000000000000000000001011100000100000000000000000000000000000000000110000101000000000000000000000000000000000000000000000000000000000000000110000000000000000000000000000000000000000001100000000000000000000000000000000000
000000000000000000000000000000000000000000000000000000000000000000000000000000000000000000000000000100000100001010000000001110000000000000000000000000000101000000000000000000000000000000000000000000000000000000000000000000000000000000000000000000000000000000000000000000000000000000000000000000000000
000000000000000000000000000000000000000000000000000000000000000000000000000001000000000000000000000100000100001001000000000000000000000000000000000000000010000000000000000000000000110000000000000000000000000000000000000000000000000000000000000000000000000010000000000000000000000000000000000100000000
000000000000000000000000000000000000000000110000000000000000000000000000000001000000000000000000000000001000000110000000000000000000000000000000000000000000000000000000000000000000110000000000000000000000000000000110001000000000000000000000000000000000000010000000000000000000000000000000001010000000
000000000000000000000000000000000000000001001000000000000000011000000000000001000000000000000000000000110000000000000000000000000000000000000000000001100000001100000000000000000000000001000000000000000000000000000110010100000000000000000000000000000000000010000000000000000000000000000000001010000000
000000000000000000000000000000000000000000110000000000000000011000000000000000000000000000000000000000000000000000000000000000000000000000000000000010010000010010000000000000000000000010100000000000000000000000000000010010000000000001000000000000000000000000000000000000000000000000000000000100000000
000000000000000000000000000000000000000000000000000000000000000000000000000001000000000000000000000000000000000000000000000000000000000000000000000001100000001100000000000000000000000011000000000000000000000000000000001100000000000001000000000000000000111000000000000000000000000000000000000000000000
000000000001100000000000000000000000000000000000000000000000000000000000000010100000000000000000000000000000110000000000000000000000000000000000010000000000000000000000000000000000000000000000000000000000000000000000000000000000000001000000000000000000000000000000000000000000000000000000000000000000
000000000001100000000000010000000000000000000000000000000000000000000000000010100000000000000000000000000000110000000000000000000000000010000000010000000010000000000000000000000000000000000000000000000000000000000000000000000000000000000000000000100000000000000000000000000000000000000000000000000000
000000000000000000000000010000000000000000000000000000000000000000000000000001000000000000000000000000000000000000000000000000000000000101000000010000000101000000000000000000000010000000000001100000000000000000000000000000000000000000000000000001010000000000000000000000000000000000000000000000000000
000000000000000000000000010000000000000000000000000000000000000000000000000000000000000000111000000000000000000000000000000000000000000110000000000000000101000000000000000000000010000000000010010000000000000000000001000000000000000000000000000001010000000000000000000000000000000000000000000000000000
000000000000000100000000000000000000000110000000000000000000000000000000000000000000000000000000000000000000000000000000000000000000000000000000000000000010000000000000000000000010000000000001100000000001100000000010100000000000000000000000000000100000000000000000000000001000000000000000000000000000
000000000000001010000111000111000000000110000000000000000000000000000000000000000000000000000000000000000000000000000000000000000000000000000000000000000000000000000000000000000000000000000000000000000001100000000010100000000000000000000000000000000000000000000000000000010100000000000000000000000000
000000000000010010000000000000000000000000000000000000000000000000000000000000000000000000000000000000000000000000000000000000000000000000000000000000000000000000000000000000000000111000000000000000000000000000000001000000000000000000000000000000000000000000000000000000100100000000000000000000000000
000000000000001100000000010000000000110000000000000000000000000000000000000000000000000000000000000000000000000000000000000000000000000000000000000000000000000000000000000000000000000000000000000000000000000000000000000000000000000000000000000000000000000000000000000000011000000000000000000000000000
000000000000000000000000010000000000110000000000000000000000000000000000000000000000000000000000000000000000000000000000000000000110000000000000000000000000000000000000000000000000000000000000000000000000000000000000000000000000000000000000000000000000000000000000000000000000000000000000000110000000
000000000000000000000000010000000000000000000000000000000000000000000000000000000000000000000000000000011100000000000000000000001001000000000000000000000000000000000000000000011000000000000000000000000000000000000000000000000000000000000000000000000000000000000000000000000000000000000000000110000000
000000000000000000000000000000000000000000000000000000000000000000000000000000000000001100000000000000000000000000000000000000000110000000000000000000000000000000000000000000101000000000000000000000000000000000001100000000000000000000000000000000000000000000000000000000000000000000000000000000000000
000000000000000000000000000000000000000000000000000000000000000000000000000000000000001100000000000000000000000000000000000000000000000000000000000000000000000000000000000000010000000000000000000000000000000000010010000000000000000000000000000000000000000000000000000000000000000000000000000000000000
000000000000000000000000000000000000000001100000000000000000000000000001100000001100000000000000000000000000000000000000000000000000000000000000000000000000000000000000000000000000000000000000000000000000001000001100000000000000000000000000000000000000000000000000000000000000000000001100000000000000
000000000000000000000000000000000000000010010000000000000000000000000010010000010010000000000000000000000000000000000000000000000000000000000000000000000000000000000000000000000000000000000000000000000000010100000000000000000000000000000000000000000000000000000000000000000000000000001100000000000000
000000000000000000000000000000000000000001010000000000000000000000000001100000001100000000000000000000000000000000000000000000000000100000000000000000000000000000000000000000000000000000000000000000000000010100000000000000000000000011100000000000000000000000000000000000000000000000000000000000000000
000000000000000000000000000000000000000000100000000000000000000000000000000000000000000000000000000000000000000000000000000000000000100000000011000000000000000000000000000000000000000000000000000000000000001000000000000000000000000000000000000000000000000000000000000000000000000000000000000000000000
000000000000000000100000000000000000000000000000000000000000000000000000000010000000000000000000000000000000000000000000000000000000100000000010100000000000000000000000000000000000000000000000000000000000000001110000000000000000001000001000000000000000000000000000000000000000000000000000000000000000
000000000000000001010000000000000000000000000000000000000000010000000000000101000000000000000000000000000000000000000000000000000000000000000001000000000000000000000000000000000000000000000000000000000000000000000000000000000000001000001000000000000000000000000000000000000000000000000000000000000000
000000000000000001001000000000000000000000000000000000000000010000000000000101000000000000000000000000000000000000000000000000000000001110000000000000000000000000000000000000000000000000000000000000000000000000000000000000000000001000001000000000000000000000000000000000000000000000000000000000000000
000000000000000000110000000000011000000000000000000000000000010000000000000010000011000000000000000000000000000000000000000000000000000000000000000000000000000000000000000000000000000000000000000000000000000000000000000000000000000000000000011000000000000000000000000000000000000000000000000000000000
000000000000000000000000000000100100000000000000000000000000000000000000000000000011000000000000000000000000000000000000000000000000000000000000000000000000000000000000000000000000000000000000000000000000000000000000000000000000000011100000011000000000000000000000000000000000000000000000000000000000
010000000000000000000000000000101000000000000000000000000000000000000000000000000000000000000000000010000000000000000000000000000000000000000000000000000000000000010000000000000000000000000000000000000000000000000000000000000000000000000000000000000000000000000000000000000000000000000000000000000000
101000000000000000110000000000010000000000000000000000000000000000000000000000000000000000000000000101000000000000000000000000000000000000000000000000000000000000101000000000000000000000000000000000000000000000000000000000000000000000000000000000000000000000000000000000000000000000000000000000000000
101000000000000000110000000000000000000000000000000000000000000000000000000000000000000000000000000101000000000000000000000000000000000000000000000000000000000000101000000000000000000000000000000000000000000000000000000000000011100000000000000000000000010000000000000000000000000000000000000000000000
010000000000000000000000000000000000000000000000000000011000000000000000000000000000000000000000000010000000000000000000000000000000000000000000000000000000000000010000000000000000000000000000000000000000000000000000000000000000000000010000000000000000010000000000000000000000000000000000000000000000
000000000000000000000000000000000000000000000000000000011000110000000000000000000000000000000000000000000000000000000000000011100000100000000000000000000000000000000000000000000011000000000000000000000000000000000000000000000000001000101000000000000000010000000000000000000000000000000000000000000000
000000000000000000000000000000000000000000000000000000000000110000000000000000000000000000000000000000110000000000000000000000000000100000000000000000000000000000000000000000000101000000000000000000000000000000000000000000000000001000101000000000000000000000000000000000000000000000000000000000000000
000000110000000000000000000000000000000000000000000000000000000000000000000000000000000000000000000000110000000000000000000000000000100000000000000000000000000000000000000000000010000000000000000000000000000000000000000000000000001000010000000000000111000111000000000000000000000000000000000000000000
000000110000000000000000000000000000100000000000000000000000000000000000000000000000001100000000000000000000000000000000000000000000000000000000001000000000000000000000000000000000000000000000000000000000000000000000000000000000000000000000011000000000000000000000000000000000000000000000000000000000
000000000000000000000000000000000000100000000000000000000000000000000000000000000000001100000000000000000000000000011100000000000000000000000000001000000000000000000000000000000000000000000110000000000000000000000000000000000001000000000000011000000000010000000000000000000000000000000000000000000000
000000000000000000000000000000000000100000000000000000000000000000000000000000000000000000000000000000000000000000000000000001110000000000000000001000000000000000000000000000000000000000000101000000000000000000000000000000000010100000000000000000000000010000000000000000000000000000000000000000000000
000000000000000000000000000000000000000000000000000000000000000000000000000000000000000000000000001000000000000000000000000011011000000000000000000000000000000000000000000000000000000000000010000000000000000000000000000000000100100000111000000000000000010000000000000000000000000000000000000000000000
000000000000000000000000000000000000000000000000000000000000000000000000000000000100000000000000010100110000000000000000000011011000000000000000000000000000000000000000000000000000000000000000000000000000000000000000000000000011000000000000000000000000000000000000000000000000000000000000000000001000
000000000000000000000000000000000000000000110000000000000000000000000000000000000100000000000000110110110000000000000000000000100000000000000000000000000000000000001000000000000000000000000000000000000000000000000000000000000000000010000010000000000000000000000000000000000000000000000000000000010100
000000000000000000000000000000000000000000001000000000000000000000000000000000000100000000000000110110101000000000000000001000000000000000000000000000000000000000010100000000000000000000000000000000000000000000000000000000000000000010000010000000000000000000000000000000000000000000000000000000010100
000000000000000000000000000000000000000001000000000100000000000000000000000000000000000000000000110110011000000000000000010100000000000000000000000000000000000000010100000000000000000100000000000000000000000000000000000000000000000010000010000000000000000000000000000000000000000000000000000000001000
000000000000000000000000000000000000000000110000001010000000000000000000000000000000000000000000010110011000000000000000010100000000000000000000000000000000000000001000001100000000011100000000000000000000000000000000000000000000000000000000000000000000000000000000000000000000000000000000000000000000
000000000000000000000000000000000011000000000000000110000000000000000001000000000000000100000000001100000000000000000000001000000000000000001110000000000000000000000000010100000000100010000000000000000000000000000000000000000000000000111000000000000000000000000000000000000000000000000000000000000000
000000000000000000000000000000000011000000000000000000000000000000000010100000000000000100000000000000000000000000000000000000000000000000000000000000000000000000000000011000000001000000001100000000000000000000000000000000000000000000000000000000000000000000000000000000000000000000000000000000000000
000000000000000000000000000000000000000000000000000000000000000000000010100000000000000100000000000000000000000000000000000011100000000000000000000000000000000000000000000000000000000011101110000000000000000000000000000000000000000000000000000000000000000000000000000000000000000000000000000000000000
000000000000000000000000000000000000000000000000000000000000000000000001000000000000000000000000000000000000000000000000001100010000000000000000000000000000000000000000000000000000111011101110000000000000000000000000000000000000000000000000000000000000000000000000000000000000000000000000000001100000
000000000000000000000011100000000000000000000000000000000000000000000000000000000001110000000000000000000000000000000000000011100000000000000000000000000000010000000000000000000000001111000100000000000000000000000000000000000000000000000000000000000000000000000000000000010000000000000100000001100000
000000000000000000000000000000000000000000000000000000000000000110000000000000000000000000000000000000000000000000000000000000000000000000000000000000000000101000000000000000000000000100000000000000000000000000000000000000000000000000000000000000000000000000000000000000101000000000000100000000000000
000000000000000000001000000000000000000000000100000000000000000110000000000000000000000000000000000000000000000000000000000000000000000000000000000000000000101000000000000011011000000000000000000000000000000000000000000000000000000000000000000000000000000000110000000000101000000000000100000000000000
000000000000000000001000000000000000000000001010000010000010000000000000000000000000000000000000000000000000000000000000000000000000000000000000000000000000010000000000000010011000000000000000000000000000000000000000000000000000000000000000000000000000000001001000000000010000000000000000000000000000
000000000000000000001000000000000000000000000110000010000010000000000000000000000000000000000000000000000000000000000000000000000000000000000000000000000000000000000000000010110000000000000000000000000000000000000000000000000000000000000000000000000000000000110000000000000000000000000000000000000000
000000000000000000000000000000000000000000000000000010000010000000000000000000000000000000000000000000000000000000000000000000000000000000000000000000000000000000000000000111000000000000000000000000000000000000000000000000000000000000000000000000000000000000000000001100000001100000000000000000000000
000000000000001000000011000000000000011000000000000000000000000000000000000000000000000000000000000000000000000000000000000000000000000000000000000000000000000000000000000000001000000000000000000000000000000000000000000000000000000000000000000000000000000000000000010010000001100000000000000000000000
000000000000001000000011000000000000100100000000000000111000000000000000000000000000000000000000000000000000000000000000000000000000000000000000000000000000000000000000000000000100000000000000000000000000000000000000000000000000000000000000000000000000000000000000001100000000000000000000000000000000
000000000000001000000000000000000001001000000000000000000000000000000000000000000000000000000000000000000000000000000000000000000000000000000000000110000000000000000000000010000100000000000000000000000011000000000000000000000000000000000000000000000000000000000000000000000000000000000000000000000000
000000000000000000000000000000111000110000000000000000000000000000000000000000010000000000000000000000000000000000000000000000000000000000000000000110000000000000000000000000001000000000000000000000000011000000000000000000000000000000000000000000000000000001100000000000000000000000000000000000000000
000000000000000000000000000000000000000000000000000000000001110000000000000000010000000000000000000000000000000000000000001100000000000000000000000000000000000000000000000010100000000000000000000000000000000000000000000000000000000000000000000000000000000001100000000000110000000000000000000000000000
000000000000000000000000000010000010000000000000000000000000000000000000000000010000011000000000000000000000000000000000010100000000000000000000000000000000000000000000000000000000000000000000000000000000000000000000000000000000000000000000000000011000000000000010000000110000000000000000000000000000
000000000000000000000000000010000010000000000000000000000100000000000000000000000000000100000000000000000000000000000000001000000000000011000000000000000000000000000000000000000000000000000000000000000000000000000000000000000000000000000000011000010100000000000101000000000000000000000000000000000000
000000010000000000000000000010000010000000000000000000000100000000000000000000000011001000000000000000000000000000000000000000000000000011000000000000000000000000000000000000000000000000000000000000000000000000000000000000000000000000000000100100001000000000001010000000000000000000001100000000000000
000000010000000000000000000000000000000000000000000000000100000000000000000000000110101000000000000000000000000000000000000000000000000000000000000000000000000000000000000000000000000000000000000000000000000000000000000000000000000000000000101000000000000000001100000000000000000000001100000000000000
000000010000000000000000000000111000000000000000000000000000000000000000000000000111101100000000000000000000000000000000000000000000000000000000000000000000000000000000000000000000011000000000000000000000000000000000000000000000000000000000010000000000000000000000000000000000000000000000000000000000
000000000000000000000000000000000000000000000000000000000001110000000000000000000000000001000000000000000000000000000000000000000000000000000000000000000000000000000000000000000000100100000000000000000000000000000000000000000000000000000000000000000000000000000000000000000000011000000000000000000000
000111000111000000000110000000000000000000000000000000000000000000000000000000000000000000000000000000000000000000000000000000000000000000000000000000000000000000000000000000000000011000000000000000000000000000000000000000000000000000000000000000000000000000000000000000000000011000000000000000000000
000000000000000000000110000000000000000000000000000000000000000000000000000000000000001000100000000000000000000000000000000000000000000000000000001000000000000000000000000000000000000000000000000000100000000000000000000000000000000000000000000000000000000000000000000000000000000000000000000000000000
000000010000000000000000000000000000000000000000000000000000000000000000000000000000011011000000000000000000000000000000000000010000110000000000001000000000000000000000000000000000000000000000000001010000000000000000000000000000000000000000000000000000000000000000000000000000000000000000000000000000
000000010000000000000000000000000000000000000000000000000000000000000000000000000000010001110000000000000000000000000000000000110000111000000000001000000000000000000000000000000000000000000000000000100000000000000000000000000000000000000000000000000000000000000000000000000000000000000000001000000000
000000010000000000000000000000000000000000000000000000000000000000000000000000000000100010110000000000000000000000000000000001110000111000000000000000000000000000000000000000000000000000000000000000000000000000000000000000000000000000000000000000000000001100000000000000000000000000000000010100000000
000000000000000000000000000000000000000000000000000000000000000000000000000000000000010000010000000000000000000000000000000000101011001000000011100011100000000000000000110000000000000000000000000000000000000000000000000000000000000000000000000000000000001100000000000000000000000000000000010100000000
011100000000000000000000000000000000000000000000000000000000000000000000000000000000000001100000000000000000000000000000000000011110111000000000000000000000000000000000110000000000000000000000000000000000000000000011000000000000000000000000000000000000000000000000000000000000000000000000001000000000
000000000000000000000000000000000000000000000000000000000000000000000000000000000001111110000000000000000000000000000000000000001100110000000000001000000000000000000000000000000000000000000000000000110000000000000100100000000000000000000000000000000000000000000000000000000011100000000000000000000000
000000011000000000000000000000000110000000000000000000000000000000010000000000000001000000000000000000000000000000000000000000000000000000000000001000000000000000000000000000000000000000000000000000110000000000000011000000000000000000000000000000000000000000000000000000000000000000000000000000000000
000000100100000000000000000000000110000000000100000000000000000000101000000000000001010000000000000000000000000000000000000000000000000000000000001000000000000000000000000000000000000111000000000000000000000000000000000000000000000000000000000000000000000000000000000000001000001000000000000000000000
000000010100000000000000000000000000000000001010000000000000000000101000000000000000100000000000000000000000000000000000000000000000000000000000000000000000000000000000000000000000000000000000000000000000000000000000000000000000000000000000000000000000000000000000000000001000001000000000000010000000
000110001000000000000000000000000000000000001001000000000000000000010000000000000000000000000000000000000000000000000000000000000000000000000000000000000000000000000000010000000000000000000000000000000000000000000000000000000000000000000000000000000000000000000000000000001000001000000110000101000000
000110000000000000000000000000000000000000000110000000000000000000000000000000000000000000000000000000000000000000000000000000000000000000000000000000000000000000000000101000000000000000000000000000000000000000000000000000000000000000000000110000000000001000000000000000000000000000000110000101000000
000000000000000000000000000000000000000000000000000000000000000000000000000000000000000000000000000000000000000000000000000000000000000000000000000000000000000000000000101000000011100000000000000000000000000000000000000000000000000110000000110000000000010100000000000000000011100000000000000010000000
000000000000000000000000000000100000000000000000000000000000000000000000000000000000000000000000000000000000000000000000000000000000000000000000000000000000000000000000010000000011111100000000000000000000000000000000000000000000000110000000000000000000101000000000000000000000000000000000000000000000
000000000000000000000000000000100000000000000000000000000000000000000000000000000000000000000000000000000000000000000000000000000000000000000000000000000000000000000000000000000100011100000000000000000000000000000000000000000000000000000000000000000000110000000000000000000000000001110000000000000000
000000000000000000000000000000100000000000000000000000000000000000000000000000000000000000000000000000000000000000000111000000001000000000000000000000000000000000000000000000000001000011000000000000000000000000000000000000000000000000000000000000000000000000000000000000000000000000000000000000000000
000000000000000000000000000000000000000000000000000000000000000000000000000000000000000000000000000000000000000000000000000000010100000000000000000000000000000000000000000000000000011110000000000000000000000000000000000000000000000000000000000000000000000000000000000000000000000000000000000000000000
000000000000000000000000000000000000000000000000000000000000000000000000000000000000000000000000000111000000000000000000000000001000000000000000000000000000000000000000000000001000110001100000000000000000000000000000000000000000000000000000000000000000000000000000000000000000000000000000000000000000
000000000000000000000000000000000000000000000000000000000000000000000000000000000000000000000000000000000000000000000000000000000000000000000000000000000000000000000000000000000000011001000000000000000000000000000000000000000000001000000000000000000000000000000000000000000000000000000000000000000000
000000000000000000000011000000000000000000000000000000000000000000000000000000000000000000000000010000010000000000000000000000000000000000000000000000000000000000000000000000000000011000101011100100000000000000000000000000000000001000000110000000000000000000000000000000000000000000011000000000000000
000000000000000000000011000000011000000000000000000000000000000000000000000000000000000000000000010000010000000000000000000000001000000000000000000000000000000000000000000000000010001110001000000000011000000000000000000000000000001000000110000000000000000000000000000000000000000000011000000000000000
000000000000000000000000000000011000000000000000000000000000000000000000000000000000000000000000010000010000000000000000000000010100000000000000000000000000000000000000000000000011100000001001000000000010110000000000000000000000000000000000000000000000000000000000000000000000000000000000000000000000
000000000000000000011000000000000000000000000000000000000000000000000000000000000000000000000000000000000000000000000000000000010100000000000000000000000000000000000000000000000010010000011111011100000000001000000000000000000000000000000000000000000000000000000000000000000000000000000000000000000000
000000000000000000100100000000000000000000000000000000000000000000000000000010000000001100000000000111000000000000000000000000001000000000000000000000000000000000000000000000000001100000110000100010000000000000100000000000000000000000000000000000000000000000000000000000000000011000000000000000000000
000000000000000000011000000000000000000000000000000000000000000000000000000111000000110010000000000000000000000000000000000000000000000000001100000000000000000000000000000000000000010001100000100001101011111001010000000000000000001100000000000000000000000000000000000000000000100100000000000000000000
000000000000000000000000000000000000000000000000000000000000110000000000001001000110000110000000000000000000000000000000000000000000000000001100000000000000000000000000000000000000011000000000010001000000100001010000000000000000001010000000000000000000010000000000000000000000010100000000000000000000
000000000001100000000000000000000000000000000000000000000000110000000011011010001000000110000000000000000000000000000000000000000000000000000000000000000000000000000000000000000000000000000000000000011000000000100000000000000000000110000000000000000000101000000000000000000000001000001000000000000000
000000000000100000000000000000000000000000000000000000000000000000000011001100000100001000000000000000000000000000000000000000000000000000000000000000000000000000000000000000000000000000000000000010000110000000000000000000000000000000000000000000000001001000000000000000000000000000010100000000000000
000000000100000000000000000000000000000000000000000000000000000000100000000100001000101110000000000000000000000000000000000000000000000000000000000000000000000000000000000000000000000000000000000010000100000000000001100000000000000000000000000000000000110000000000000000000000000000100100000000000000
000000000110000000000000000000000000000000000000000000000000000001010000000000000100010001000000000000000010000000000000000000000000000000000000011100000000000000000000000000000000000000000000000100011000000000000001100000000000000000000000000000000000000000000000000000000000000000011000000000000000
000000000000000000000000000000000000000000000000000000000000000001010000000000110000010001000000000000000101000000000000000000000000000000000000000000000000000000000000000000000000000000000000000011100000000000000000000000000000000000000000000000000000000000000000000000000000000000000000000000000000
000000000000000000000000000000000000000000000000000000000000000000100000000000010000010110000000000000000100100000000000000000000000000000000000000000000000011100000000000000000000000000000000000000000000000000000000000000000001100000000000000000000000000000000000000000000000000000000000000000000000
000000000000000000000000000000000000000000000000000010000000000000000000000000001101100000000000000000000011000000000000000000000000000000011000000000000000000000000000000000000000000000000000000000111000000000000000000000000010010000000000000000000000000000000000000000000000000000000000000000000000
001100000000000000000001000000000000000000000000000010000000000000000000000000000000000000000000000000000000000000000000000000000000000000100100000000000000000000000011000000000000000000000000000001000100000000000000000000000010010000000000000000000000000000000000000000000000000000000000000000000000
001100000000000000000001000000000000000000000000000010000000000000000000000000000000000000000000000000000000000000000000000000000000000000011000000000000000000000000100100000000000000000000100000001000100000000000000000000000001100000000000000000000000000000000000000000000000000000000000000000000000
000000000000000000000001000000000001100000000000000000000000000000000001110000000000000000000000000000000000000000000000000000000000000000000000000000000000000110000011000000000000000000001010000001000100000000000000000000000010100100000000000000000000000000000000000000110000000000000000000000000110
000000000000000000000000000000000010010000000000000000000000000000000010001000000000000000000000000000000000000000000000000000000000000000000000000000000000000110000000000000000000000000000010000000111000000000000000000000000011001110000000000000000000000000000000000001001000000000000000000000000110
000000000000000000000000000000000001100000000000000000000000000000000010001000000000000000000000000000000000000000000000000000000000000000000000000000000000000000000000000000000000000000100000000000000000000000000000000000000011000001000000000000000000000000000000000000110000000000000000000000000000
000000000000000000000000000000000000000000000000000000000000000000000001110000000000000000000000000000000000000000000000000000000000000000000000000000000000000000000000000000000000000001000000000000000000000000000111011000000000001100000000000000000000000000000000000000000000000000000000000000000000
000000000000000000000001100000000001100000000000000000000000000000000000000000000000000000000000000000000000000000000000000000000000000011000000000000000000000000000000000000000000000011001100011000000000000000000100111000000000110000000000000000000000000001100000000000000000000000000000000000000000
000000000000000000000001100000000010010000000000000000000000000000000000000000000000000000000000000000000000000000000000000000000000000100100000000000000000000000000000000000000000000110001000100100000000000000001010000110111001100000000000000000000000000001110000000000000000000000000000000000000000
000000000000000000000000000000000001100000000000000000000000000000000000000000000000000000000000000000000000000000000000000000000000000100100000010000000000000000000000000000000000000110011100011000000000000000000010110101111010100000001100000000000000000000001000000000000000000000000000000000000000
110000000000001100000000000000000000000000000000000000000000000000000000000000000000000000000000000000000000000000000000000000000000000011000000010000000000001000000000000000000000000010100010000000000000000000001000010110010110000000010010000000000000000011000100000000000000000000000000000000000000
110000000000001100000000000000000000000000000000000000000000000000000000000000000000000000000000000000000000000000000000000000000000000000000000010000000000001000000000000000000000000011101110000000000000000000000111000001111000000000001100000000000000001100001101000000000000000000000000000000000000
000000000000000000000000000000000000000000000000000000000000000000000000000000000000000000000000000000000000000000000000000000000000000000000000000000000000001000010000000000000000000001000100000000000000000000000100000001001000000000000000000000000000001110100010000000000000000000000000000000000000
000000000000000000000000000000000000110000000000000000000000000000000000000000000000000000000000000000000000000000000000000011000000000000000000000000000000000001110000000000000000000000111000000000000001100000000000000001000000000000110000000000000000000001000011100000000000000000000000000000000000
000000000000000000010000000000000001001000000000000000000000000000000000000000000000000000000000000000000000000000000000000011000000000000000011100000000000000110100000000000000000000000010000000000000001100000000000000011010000000001011100000000000000000000000000000000000000000000000000000000000000
000000000000000000101000000000000000110000000000000000000000000000000000000000000000000000000000000000000000000000000000000000000000000000000000000000000000001100100000000000000000000000000000000000000000000000000000110011100000000110010010000000000000000001100000000000000000000000000000000000000000
000000000000000000101000000000000000000000000000000000000000000000000000000000000000000000000000000000000000000000000000000000000000000000000000000000000000001000000000000000000000000111100000000000000000000000000000101001000000011001001101000000000000011111000000000000000000000000000000000000000000
000000000000000000010000000000000000000000000000000000000000000000000000000000000001100011000000000000000000000000000000000000000000000000000000000000000000000111000000000000000000000100010000111000000000000000000000000111000011010001001001100000000000001110000000000000000000000000000000000000000000
000000000000000000000000000000000000000000000000000000000000000000000000000000000001100100100000000000000000000000000000000000000000000000000000000000000000000010000000000110000000000011000000000000000000000000000000000011110011010110000011000000000000000100000000000000000000000000000000000000000000
000000001000000000000000000000000000000000000000000000000000000000000000000000000000000011000000000000000000000001100000000000000000000000110000000000000000000000000000000110000000000000000000000010000000000000000110000000010011000000111010000000000000000000000000000000000000000000000000000000000000
000000001000000000000000000000000000000000000000000000000000000000000000000000000000000000000000000000000000000001100000000000000000000000110000000000000100000000000000000000011000000000000000000010000000000000000110000001010001000000000000000000000000000000000011100000000000000000000000000000000000
000000001000000000000000000000000000000000000000000000000000000000000000000000000000000000000000000000000000000000000000000000000000000000000000000000001010000000000000000001000100000000000000000010000000000000000101000001100111001000000000000000000000000000001110010000000000000000000000000000000000
000000000000000000000000000000000000000000000000000000000000000000000000000000000000000000000000000000000000000000000000000000000000000000000000000000001010000000000000000001001000000000000000000000000000000000000111000000000000000000000000000000000000000000111010110000000000000000000000000000000000
000000000011100000000000000000000000000000000000000000000000000000000000000000000000000100000000000000000000000000000000000000000000000000000000000000000100000000000000000000100000000000000000111000000111000000000010010000000000011100000000000000000000000001001010001000000000000000000001100000000000
000000000000001110000000000000000000000000000000000000000000000000000000000000000000000100000000000000000000000000000000000000000000000000000000000000000000000000000000000000000000000000000000000000000000000000000001100000000000000000000000000000000000000010001000110000000000000000000001100000000000
000000000000000000000111000000000000000000000000000000000000000000000000000000000000000100000000000000000000000000000000000000000000000000000000000000000000000000100000000000000000000000000000000000000000000000000000000000000000000000000000000000000000000001101010110000000000000000000000000000000000
000000000000000000000000000000000000001100000000000000000000000000000000000000000000000000000000000000000000000000000000000000000000000000000000000000000000000001000000000000000000000000000000000000000000000000000000000000000000000000000000000000000000110000000100000000000000000000000000000000110011
000000000000000000000000000000000000001100000000000000000000000000000000000000000000000000000000000000000000000000000000000000000000000000000000000000000000000001000000000000000000000000000000000000000011100000000000000000000000010000000000000000000000110000000000000000000000000000000000000000110011
000011100000000000000000000000000000000000000000000000000000000000000000000000000000000000000000000000000000000000000000000000000000000000000000000000000000000000010000100000000000000000000000000000000000000000000000000000000000101000000000000000000000000000000000000000000000000000000000000000000000
000000000000000000000000000000000000000000000000000000000000000000000000000000000000000000000000000000000000000000000000000000000000001100000000000000000000000000011000100000000000000000000000000000000000001000000000000000000000101000000000000000000000000000001100000000000000000000000000000000000000
000000000000000000000000000000000000000000000000000000000000000000000000000000000000000000000000000000000000000000000000000000000000010010000000000000000000000000001111100000000000000000000000000000000000001000000000000000000000010000000000000000000000000000001100000000000000000000000000000000000000
000000000000000000000000000000000000000000000000000000000000000000000000000000000000000000000000000000000000000000000000000000000000001010000000000000001100000111010010000000000000000000000000000000000000001000000000000000000000000000000000000000000000000000000000000000000000000000000011100000000000
000000000000000000000000000000000000000000000000000000000000000000000000000000000000000000000000000000000000000000000000000000000000000100000000000000010010000001001110000000000000000000000000000000000000000000000000000000000000000000000000000000000000000000000000110000000000000000000000000000000000
000000000000000001100000000000000000000000000000000000000000000000000000000000000000000000000000000000000000000110000000000000000000000000000000000000001100000000000000000000011100000000000000000000000000000000000000000000000000000000000000000000000000000000000000110000000000000000000000000000000000
000000000000000001100000000000000000001100000000000000000000000000000000000000000000000000000000000000000000000110000000000000110000000000000000000001000000000000000000000000000000000000000000000000000000000000000000000000000001100000000000000000000000000000000000000000000000000000000000000000000000
000000000000000000000000000000000000001100000000000000000000000000000000000001100000000000000000000000000000000000000000000000110000000000000000000010100000000000000000000000000000000000000000000000010000000000000000000000000010010000000000000000000000000000000000000000000000000000011100000000000000
000000000000000000000000000000000000000000000001000000000000000000000000000010010000000000000000000000000000000000000000000000000000000010000000000010100000000000000000000000000000000000000000000000101000000000000000000000000001100000000000000000000000000000000000000000000000000000000000000000000000
000000000000000000000000000000000000000000000010100000000000000000000000000010100000000000000000000000000000000000000000000000000000000101000000000001000000000000000000000000000000000000000000000000110000000000000000000000011000000000000000000000000000000000000000000000000000000000000000000001000000
000000000000000000000000000000000000000000000010100000000000000000000000000001000000000000000000000000000000000000000000000000000000000110000000000000000000000000000000000000000000000000000000111000000000000000000000000000110000000000000000000000000000000000000000000000000000000000000000000010100000
000000000000000000000000000000000000000000000001000000000000000000000000000000000000000000000000000000000000000000000000000000000000000000000000000000000000000000000000000110000000000000000000000000000000000000000000000000001000000000000000000000000000000000000000000000000000000000000000000010100000
000000000000000000000000000000000000000000000000000000000000000000000000000000000000000000000000000000000000000000000000000000000000000000000000000000000000000000000000000110000000000000000000000000000000000000000001001000000001000000000000000000000000000000000000000000000000000000000000000001000000
000000000000000000000000000000000000000000011000000000000000000000000000000000000000000000000000000000000000000000000000000000000000000000000000000000000000000000000000000000000000000000000000000000000000000000000001101000000000100000000000000000000000000000000000000000000000000000000000000000000000
000000000000000000000000000000000000000000100100000000000000000000000000000000000000000000000000000000000000000000000000110000000000000000000000000000000000000000000000000000000000000000000000001000000000000000000000001000000000100000000000000000000000000000000000000000000011000001100000000000000000
000000000000000000000000000000000000000000011000000000000000000000000000000000000000000000000000000000000000000000000000110000000000000000000000000000000000000000000000000000000000000000000000010100000000000000000000000000010101000000000000001000000000000000000000000000000011000001100000000000000000
000000100000000000000000000000000000000000000000000000000011000000000000000000000000000000000000000000000000000000000000000000000000000000000000000000000000000000000000000000000000000000000000010100000000000000000000110001000110000000000000101000000000000000000000000000000000000000000000000000000000
000001010000000000000000000000000000000000000000000000000011000000000000000000000000000000000000000000000000000000000000000000000000000000000000000000000000000000000000000000000000000000000000001000000000000000000000010001000100000000000000011000000000000000000000000000000000000000000000000000000000
000001010000000000000000001000000000000000000000000000000000000000000000000000000000000000000000000000000000000000000000000000011000000011000000000000000000000000000000000000000000000000000000000000000000000000000000100010000100000000000000000000000000000000000000000000000000001100000000000000000000
000000100000000000000111001000000000000000000000000000000000000000000001100000000000000000000000000000000000000000000000000000100100000100100000000000000000000000000000000000000000000000000000000000110000000000000001010101011001010000000000000000000000000000000000000000000000010010000000000000000000
000000000000000000000000001000000000000000000000000000000000000000000001100000000000000000000000000000000000000000000000000000011000000011000000000000000000000000000000000000000000000000110000000000110000000000000000000011000010110000000000000000000000000000000000000000000000001100000000000000011000
000000000000000000000000000000000000000000000000000000000000000000000000000000000000000000000000000000000000000000000000000000000000000000000000000000000000000000000000000000000000000000110000000000000000000000000000000011000000010000000000000000000000000000000000000000000000000000000000000000011000
000000110000000000000000000000000000000000000000000000000000000000000000000000000000000000000000000000000000000110000000000000000000100000000000000000000000000000000000000000000000000000000000000000000000000000000000011011000001010110000000000000000000000000000000000000000000000000000000000000000000
000000110000000000000000000000000000000000000000001100000000000000000000000000000000000000000000000000000000001001000000000000000001010000000000000000000000000000000000000000000000000000000000000000000000000000000000011011100001100001000000000000000000000000000000000000000000000000000000000000000000
000000000000000000000000000000000000000000000000001100000000000000000000000000000000000000000000000000000000000101000000000000000001010000000000000000000000000000000000000000000000000000000000000000000000000000000000001010000000111110000000000000000000000000000000000000000000000000000000000110000000
000000000000000000000000000000000000000000000000000000000000000000000000000000000000000000000000000000000000000010000000000000000000100000000000000000000000000000000000000000000000000000000000000000000000000011100000000000000000000000000000000000000000000000000000000000000000000000000000000110000000
000000000000000000000000000000000000000000000000000000000000000000000000000000000000000000000000000000010000000000000000000000000000000010000000001110000000000000000000000000000000000000000000000000000000000011010000000000000000000000000000000000000000110000000000000000000000000000000000000000000000
000000000000000000000000000000000000000000000000000000000000000000000000000000000000000000000000000000101000000000000000000000000000000101000000000000000000000000000000000000001100000000000000000000000000000000001000000000000000000011100000000000000000110000000000000000000000000000000000000000000000
000000000000000000000000000000000000000000000000000000000000000000000000000000000000000000000000000000100100000000000000000000011000000101000000000000000000000000000000000000001100000000000000000000000000000000101000000000000000000010100000000000000000000000000000000000000000000000000000000000000000
000000000000000000000000000000000000000000000000000000000000000000000000000000000000000000110000000000011000000000000000000000100100000010000000000000000000000000000000000000000000000000000000000000000000000001110000000000000000000011000000000000000000000000000000000000000000000000000000000000000000
000010000000000000000000000000000000000000000000000000000000000000000000000000000000000000110000000000000000000000000000000000100100000000000000000110000000000001100000000000000000000000000000000000000000000011100000000000000000000011000000000000000000000011000000000000000000000000000000000000000000
000101000000000000000000000000000000000000000000000000000000000000000000000000000000000000000000000000000000000000000000000000011000000000000000001001000000000001010000000000000000000000000000000000000000000011011000000000000000000011000000000000000000000011000000000000000000000000000000000000000000
000110000000000000000000000000000001000000000000000000000000000000000000000000000000000100000000000000000000000000000000000000000000000000000000000110000000000000100000000000110000000000000000000000000000000000100100000000000000000011000000000000000000000000000000000000000000000000000000000000000000
000000000000000000001100000000000010100000000000000001100000000000000000000000000000001010000000000000000000000000000000000000000000000000000000000000000000000000000000000000101000000000000000000000000000000000011100000000000000000000000000000000000000000000000000000000000000000000000000000110000000
000000000000000000010010000000000010010000000000000001100000000000000000000000000000000100000000000000000000000000000000000000000000000000000000000000000000000000000000000000010000000000000000000000000000001100000000000000000000000000000000000000000000000000000000000000000000000000000000000110000000
000000000000000000001100000000000001100000000000000000000000000000000000000000000000000000000000000000000000000000000000000000000000000000000000000000000000000000000000000000000000000000000000000000000000001100000000000000000000000000000000000000000000001100000000000000000000000000000000000000000000
000000000000000000000000000000000000000000000000000000000000000000000000000000000000000000000000000000000011000000000000000000000000000000000000000000000000000001100000000000000000000000000000000000000000000000000000000000000000000000000000000000000000001100000000000000000000000000000000000000000000
000000000000000000000000000000000000000000000000000000000000000000000000000000000000000000000000000000000100100000000000000000000000000000000000000000000000000001100000000000000000000000000000000000000000000000000000000000000000000000000000000000000000000000000000000000000000000000000010000000000000
000000000000000000000000000000000000000000000000000000000000000000000000000000000000000000000000000000000011000000000000000000000000000000000000100000000000000000000000000000000000000000000000000000000000000000000000000000000000000000000000000000000000000000000000000000001000000000000101000000000100
000000000000000000000000000000000000000000000000000000000000000000000000000000000000000000000000000000000000000000000000000000000000000000000000100000000000000000000000000000000000000000000000000000000000000000000000000000000000001000000000000000000000000000000000000000001000000000000101000000001010
000000000000000000000000000000000000000000000000000000000000000110000000000000000000000000000000000000000000000000000000000000000000000000000000100000000000000000000000000000000000000000000000000000000000000000000000010000011000011111100011000000000000000001100000000000001000000000000010000000001001
000000000000000000000000000000000000000000000000000000000000001001000000000000000000000000000000000000000000000000000000000000000000000000000000000000000000000000000000000000000000000000000000000000000000000000000000111001010100011010100010110000000000000001100000000000000000000000000000000000000110
000000000000000000000000000000000000000000000000000000000000001010000000100000000000000000000000000110000000000000000000000000000000000000000000000000000000000000000000000000000000000000000000000000000000000000000001000000110001001011000000010000000000000000000000000011100011100000000000000000000000
000000000000000000000000000000000000000000000000000000000000000100000001010000000000000000000000000110000011000000000000000000000000000000000000000000000000000000000000000000000000000000000000000000000000000000001000110110000001010011000001010000000000000000000000000000000000000000000000000000000000
000000000000000000000000000000000000000000000000000000000000000000000001010000000000000000000000000000000011000000000000000000000000000000000000000000000000000000000000000000000000000000000000000000000000000000001000011000001100110010011101100000000000000000000000000000001000000000000000000000000000
000000000000000000000000000000000000000000000000000000000000000000000000100000000000000000000000000000000000000000000000000000000000000000000000000000000000000000000000000000000000000000000000000000000000000000001000000000001100001110100001000000000000000000000000000000001000000000000000000000000000
000000000000000000000000000000000000000000000000000000000000000000000000000000000000000000000000000000000000000000000000000000000000000000000000000000000000000000000000000000000000000000000000000000000000000000000000000000000100011100000001000000000000000000000000000000001000000000000000000000000000
000000111000000110000011000000100000000000000000000000000000000000000000000000000000000000000000000000000000000000000000000000000000000000111000000000000000000000000000000000000000000000000000000000000000000011100000000000000011110001000001000000000000000000000000000000000000000000000001110000000000
000000000000000011000110000000100000000000000000000000000000000000000000000000000000000000000000000000000000000000000000000000000000000000000000000000000000000000000000000000000000000000000000000000000000000000000000000000000000000001000000000000000000000000000000000000000000000000000000000000000000
000000000000010010101010010000100000000000000000000000000000000000000000000000000000000000000000000000000000110000000000000000000000000000000000000000000000000000000000000000000000000000110000000000000000000000000000000000000000000000000000000000000000000000000000000000000000000000000000000000000000
000000000000011101101101110000000000000000000000000000000000000000000000000000000000000000000000000000000000110000000000000000000000000000000000000000000000000000000000000000000000000001001000000000000000000000000000000000000000000001001100100000000000000000001100000000000000000000000000000000000000
000110000000001010101010100000000000000000000000000000011000000000000000000000001100000000000000000000000000000000000000000000000000000000000000000000000000000000000000000000000000000001001000000000000000000000110000000000000000000001010011000000000000000000001100000000000000000000000000000000000000
000110000000000111000111000000000000000000000000000000011000000000000000000000001100000000000000000000000000000000000000000000000000000000000000000000000000000000000000000000000000000000110000000000000000000000110000000000000000000000000000000000000000000000000000000000000000000000000000000000000000
