300 300
000000000000001100001000000000000000000000000000000000000000000000000000000000000000000000000000000000100001000001000000000000000000000110000000110000000000000000000000000000000000000000000000000000000000000000000000000000000000000000000000000000000000000100000000000000000000000000000010000000000000
000000000000010010001000000000000000000000000000000000000000000000000000000000000000000000000000000001000001000010100000000000000010000101000000110000000000000000000000000000000000000000000000000000000000000000000000000011000000000000001100000000000000001010000000000000000000000000000010000000000000
000000000000001100001000000000000000000000000000000000000000000000000000000000000000000000000000000001001101000010100000000000000101000010000000000000000000000000000000000000000000000000000000000000000000000000000000000011000000000000010010000000000000001010000000000000000000000000000010000000000000
000000000000000000000000000000000000000000000000000000000000000000000000111000000000000000000000000001101001000001000000000000000100100000000000000000110000000000000000000000000000000000000000000000000000000000000000000000000000000000010100000000000000000100000000000000000000000000000000000000000000
000000000000000000000000000000000000000000000000000000000000000000000000000000000000000000000000000000010000000000000000000000000011000000000000000000110000000000000000000000000000000000000000000000000000000000000000000000000000000000001000000000000000000000000000000000000000000000000000000000000000
000000000000000000000000000000000000000000000000000000000000000000001100000000000000000010000000000000010001000000000000000000000000000000000000000000000000000000000000000000000000000000000000000000000000000000000000000000000000000000000000000000000000000000000000000000000000000000000000000000000000
000000000000000000000000000000000000000000000000000000000000000000001100000000000000000010000000000000000100000000000000000000000000000000000000000000000000000000000000000000000000000000000000000000000000000000000000000000000000000000000000000000000000000000000000000000000000000000000000000000000000
000000000000000000000000000000000000000000000001100000000000000000000000000000000000000010000000000000000000000000000000000000000000000000000000000000000000000000000000000000000000000000000000000000000000000000000001100000000000000000000000000000000000000000000000000000000000000000000000000000000000
000000000000000000000000000000000000000000110001100000000000000000000000000000000000000000000000000000000000000000000000000000000000000000000000000000000000000000110000000000000000000000000000000000000000000000000001100000000000000000000000000000000000000000000000000000000000000000000000000000011000
000000000000000000000000000000000000000000110000000000000000000000000000000000000000000000000000000000000000000000000000000000000000000000000000000000000000000001010000000000000000000000000000000000000000000000000000000000000000000000000000000000000000000000000000000000000000000000000000000000011000
000000000000000000000000000000000000000000000000000000111000000000000000000000000000000000000000000000000011000000000000000000000000000000000000000000000000000000100000000000000000000000000000000000000000000000000000000000000000000000000000000000000000000000000000000000000000000000000000000000000000
000000000000000000000000000000000000000000000000000000000000000000000001100000000000000000000000000000000011000000000000000000000000000000000000000000000000000000000000000000000000000000000000000000000000000000000000000000000000000000000000000000000000000000000000000000000000000000000000000000000000
000000000000000000000000000000000000000000000000000000000000000000000001100000000000000000000000000000000000000000000000000000000000000001100000000000000000000000000000000000000000000000000110000000000000000000000000000000000000000000000000000000000000000000000000000000000000000000000000000000001100
000000000000000000000000000000000000000000000000000000000000000000000000000000000000000000000000011000000000000000000000000000000000000001100000000000000000000000000000000000000000000000001001000000000000000000000010000000000000000000000000000000000000000000000000000000000000000000000000001000001100
000000000001100011000000000000000000000000000000000000000000000000000000000000000000000000000000011000000000000000000000000000000000000000000000000000000000000011000000000000000000000000000101000000000000000000000101000000000000000000000000000000000000000000000000000000000000000000000000001000000000
000000000001100011000000000000000000000000000000000000000000000000001100000000000000000000000000000000000000000000000000000000000000000000000000000000000000000011000000000000000000000000000010000000000000000000000101000000000000000000000000000000000000000000000010000000000000000000000000001000000000
000000000000000000000000000000000000000000000000000000000000000000010010000000000000000000000000000000000000000000000000000000000000000000000000000000001100000000000000000000000000000000000000000000000000000000000010000000000000000000000000000110000000000000000010000000000000000000000000000000000000
000000000000000000001100000000000000000000000000000000000000000000001100000000000000000000000000000000000011000000000000000000000000000000000000000000001100000000000000000000000000000000000000000000000000000000000000000000000000000000000000001001000000000000000010000000000000000000000000000000000000
000000011000000000010010000000000000000000000000000000000000000000000000000000000000000000000000000000000011000000000000000000000000000000000000000000000000000000000000000000000000000000000000000000000000000000000000000000000000000000110000000110000000000000000000000000000000000000000000000000000000
000000011000000000001100000000000000000000000000000000000000000000000000000000000000000000000000000000000000000000000000000000000000000000000000000000000000000000000000000000000000000000000000000000000000000000000000000000000000000000110000000000000000000000000000000000000000011100000000000000000000
000110000000000000000000000000000000000000000000000000000000000000000000000000000000000000000000000000000000000000000000000000000000000000000000000000000000000000000000000000000000000000000000000000000000000000000000000000000000000000000000000000000000000000000000000000000000000000000000000000000000
001001000000000000000000000000000000110000000000000000000000000000000000000000000000000000000000000000000000000000000000000000000000000000000000000000000000000000000000000000000000000000000000000000000000000000000000000000000000000000000000000000000000000000000000000000000001000001000000000000000000
000110000000000000000000000000000000110000000001000000011000000000000011000000000000000000000000000000000000000000000000000000000000000000000000000000000000000000000000000000001110000000000000000000000000000000000000000000000000000000000000000000000000000000000000000000000001000001000000000000000000
000000000110000000110000000000000000000000000010100000011000000000000011000000000000000000000000000000010000000000000000000000000000000000000000000000000000000000000000000000000000000000000000000000000000000000000000000000000000000000000000000000000000000000000000000000000001000001000000000000000000
000000000110000000110000000000000000000000000010100000000000000000000000000000000000000000000000000000110000000000000000000000000000000011000000000000000000000000000000000000000000000000000000000000000000000000000000000000000000000000000000000000000000000000000000000000000000000000000000000000000000
000000000000000000000000000000000000000000000001000000000000000000000000000000000000000000000000000001001000000000000000000000000000000011000000000000000000000000000000000000000000000000000000000000000000000000000000000000000000000000000000000000000000000000000000000000000000011100000000000000000000
000000000000000000000000000000000000000000000000000000000000000000110000000000000000000000000000000001010000000000000000000000000000000000000000000000000000000000000000000000000000000000010000000000000000000000000110000000000000000000000000000000000000000000000000000000000000000000000000000000000000
000000000000000000000000000000000000000000000000000000000000000000101000000000000000000000000000000000110000000000000000000000000000000000000000000000000000000001110000000000000001000000010000000000000000000000000110000000000000000000000000000000000000000000000000000000000000000000000000001110000000
000000000000000000000000000000000000000000000000000000000000000000010000000000000000000000000000000000000000000000000000000000000000000000000000000000000000000000000000000000000001100000010000000000000000000000000000000000000000000000000000000000000000000000000000000000000000000000000000000000000000
000000000000000000000000000000000000000000000000000000000000000000000000000000000000000000000000000000000000000000000000000000000000000000000000000000000000000000000000000000000001100000000000000000000000000000000000000000000000000000000000000000000000000000000000000000000000000000000000000000000000
000000000000000000000000000000000000000000000000000110000000000000000000000000000000000000000000000000000000000000000000000000000000000000000000000000000000000110000000000000000000100111000111000000000000000000000000000000011100000000000000000000000000000000000000000000000000000000000000000000000000
000000000000000000000000000000000000000000000000000110000000011100000000000000000000000000000000000000000000000000000000000000000000000000000000000000000000000110000000000000000000000000000000000000000000000000000000000000000000000000000000000000000000000100000100000000000000000000000000000000000000
000000000000000000000000000000000000000000000000000000000000000000000000000000000000000000000000000000000000000000000000000000000000000000000000000000000000000000000000000000000000000000010000000000000000000000000000000001000001000000100000000000000000001010001010000000000000000000000000000000000000
000000000000000000100000000000000000000000000000000000000000000000000000000000000000000000000001000000000000000000000000000001100000000000000000000000000000000000000000000000000000000000010000000000000000000000000000000001000001000001010010000000000000000110001100000000000000000000000000000000000000
000000000000000001010000000000000000000000000000000000000000000000000000000000000000000000000001000000000000000000000000100001100000000000000000000000000000000000000000000000000000000000010000000000000000000000000000000001000001000001100010000000000000000000000000000000000000000000000000000000000000
000000000000000001001000000000000000000000000000000000000000000000000000000000000000000000000001000000000000000000000000100000000000000000000000000000000000000000000000000000000000000000000000000000000000000000000000000000000000000000000010000000000000000000000000000000000000000000000000000000000000
000000000000000000110000000000000000000000000000000000000000000000000000000000000000000000000000000000000000000000000000100000000000000000000000000000000000000000000000000000000000000000000000000000000000000000000000000000011100000000000000000000000000000000000000000000000000000000000000000000000000
000000000000000000000000000000000000000000000000000000000000000000000000000000000000000000011100011100000000000000000000000011000000000000000000000000000000000000000000000000000000000000000000000000000000000000000000000000000000000000000000000000000110000000011000000000000000000000000000000000001100
000000000000000000000000000000000000000000000000000000000000000000000000000000000000000000000000000000000000000000000000000011000000000000000000000000000000000000000000000000100000000000000000000000000000000000000000000000000000000000000000000000000110000000010100000000000000000000000000000000001100
000000000000000000000000000000000000000000000000000000000000000000000000000000000000000000000001000000000000000000000000000000000000000000000000000000000000010000000000001000100000000000000000000000000000000000000000000000000000000000000000000000000000000000001000000000000000000000000000000000000000
000000000000000000000000000000000000000000000000000000000000000000000000000000000000000000000001000000000000000000000000000000010000000000000000000000000000010000000000110001000000000000000000000000000000000000000000000000000000000000000000000000000000000000000000000000000000000000000000000000000000
000000000000000000000000000110000000000000000000000000000000000000000000000000000000000000000001000000000000000000000000000000101000000000000000000000000000010000000000100000110000000000000000000000000000000000000000000000000000000000000000000000000000000000000000000000000000000000000000000000000000
000000000000000000000000001001000000000000000000000000000000000000000000000000000000000000000000000000000000000000000110000000101000000000000000000000000000000000000000001001001000000000000000000000000000000000000000000000000000000000000000000000000000000000000001000000000000000000000000000000000000
000000000000000000000000000101000000000000000000000000000000000000000000000000000000000000000000000000000000000000001001000000010000000000000000000000000000000000000000100000101000000000000000000000000000000000000000000000000000000000000000000000000000000000000010100000000000000000000000000000000000
000000000000000000000000000010000000000000000000000000000000000000000000000000000000000000000000000000000000000000000110000000000000000000000000000000000000000000000010110000011000000000000000000000000000000000000000000000000000000000000000000000000000000000000010100000000000000000000000000000000000
000000000000000000000000000000000000000000000000000000000000000000000000000000000000000000000000000000000000000000000000001100000000000000000000000000000000000000000010111100010000000000000000000000000000000000000000000000000000000000000000000000110000000000000001000000000000000000000000000000000000
000000000000000000000000000000000000000000000000000000000000000000000000000000000000000000000000000000000000000000000000010010000000000000000000000000000000000000000111010110010101111001000001000000000000000000000000000000000000000000000000000000110000000000000000000000000000000000000000000000000000
000000000000000000000000000000000000000000000000000000000000000000000000000000000000000000000000000000000000000000000000010010000000000000000000000000000000000000000111001110011111010001001110110000000000000000000000000000000000000000000000000000000000000000000000000000000001100000000100000000000000
000000000000000000000000000000000000000000000000000000000000000000000000000000000001000000000000000000000000000000000000001100000000000000000000000000000000000000000100000000000010000001000101100000000000000000000000000000000010000000000000000000000000001100000000000000000001100000000100000000000000
000000000000000000000000000000000000000000000000000000000000000000000000000000000010100000000000000000000000000000000000000000000000000000000000000000000000000000000011101000000001110000000010000000000000000000000000000000000101000000001100001000000000010010001100000000000000000000000100000000000000
000000000000000000000000000000001100000000000000000000000000000000000000000000000010010000000000000000000000000000000000000000000000000000000000000000000000000000000000111000000001110000010010000000000000000000000000000000000101000000010010010100000000001100001100000000000000000000000000000000000000
000000000000000000000000000000010010000000000000000000000000000000000000000000000001100000000000000000000000000000000000000000000000000000000000000000000000000101000000010000000000000000000111000000000000000000000000000000000010000000001100010100000000000000000000000000000000000000000000000000001110
000000000000000000000000000000001100000000000000000000000000000000000000000000000000000000000000000000000000000000000000000110000000000000000000000000000000001110000000000000000000000000000000000000000000000000000000000000000000011000000000001000000000000000000000000000000000000000000000000000000000
000000000000000000000000000000000000000000000000000000000000000000000000000000000000000000000000000000000000000000000000001001000000000000000000000000000000111110000000000000000000000000010100000000000000000000000000000000000000100100000000000000000000000000000000000000000000000000000000000000000000
000000000000000000000000000000000000000000000000000011000000000000000000000000000000000000000000000000000000000000000000000110000000000000000000000000000001001000000000000000000000000000010100000000000000000000000000000000000000101000000000000000000000000001100000000000000000000000000000000000000000
000000000000000000000000000000000000000000000000000011000000000000000000000000000000000000000000000000000000000000000000000000000000000000000000000000000000110000000000000000000000000000000000000000000000000000000000000000000000010000000000000000000000000001100000000000000000000000000000000000000000
000000000000000000000000000000000000000000000000000000110000000000000000000000000000000000000000000000000000000000110000000000000000000000000000000000000000000000000000000000000000000000000000000000000000000000000000000000000000000000000000000000000000000000000000000000000000000000000000000000000000
110000000000000000000000000000000000000000000000000000110000000000000000000000000000000011000000000000000000000000110000000000000000000000000000000000000000000000110000000000000000000000000000000000000000000000000000000000000000000000000000000000000000000000000000000000000000000000000000000000000000
110000000000000000000000000000000000000000000000000000000000000000000000000000000000000011000000000000000000000000000000000000000001110000000000000000000000000000110000000000011000000000000000000000000000000000000000000000000000000000000000000000000000000000010000000000000000000000000000000000000000
000000000000000000000000000000000000000000000000000000000000000000000000000000000000000000000000000000000000000000000000000000000000000000000000000000000000000000000000000000011000000000000000000000000001000000000000000000000000000000000000000000000000000000101000000000000000000000000000000000000000
000000001100000000000011000000000000000000000000000000000000000110000000000000000000000000000000000000000000000000000000000000000100000100000000000000000000000000000000000000000000000000000000000000000001000000000000000000000000000000000000000000000000000000100100000000000000000000000000000000000000
000000010010000000000011000000000000000000000000000000000000000101000000000000000000000000000000000000000000000000000000000000000100000100000000000000000000000000000000000000000000000000000000000000000001000000000000000000000000000000000000000000000000000000011000000000000000000000000000000000000100
000000001100000000000000000000000000000000000000000000000000000011000000000000000000000000000000000000000000000000000000000000000100000100000000000000000000000000000000000000000000000000000000000000000000000000000000000000000000000000000000000000000000000000000000000000000000000000000000000000000100
000000000000000000000000000000000000000000000000000000000000000000000000000000000000000011000000000000000000000000000000000000000000000000000000000000000000000000000000000000000000000000000000000000011100011100000000000000000000000000000000000000000000000000000000000000000000001100000001100000000100
000000000000000000001000000000000000000000100000000000000000000000000000000000000000000011000000000000000000000000000000000000000001110000000000000000000000000000000000000000000000000000000000000000000000000000110000000000000000000000000000000000000000000000000000000000000000010010000001100000000000
000000000000000000001000000000000000000001010001100011000000000000000000000000000000000000000000000000000000000000000000000000000000000000000000000000000000000000000000000000000000000000000000000001000001000001001000000000000000000000000000000000000000000000000000000000000000001100000000000000000000
000000000000000000001000000000000000000000110001100011000000000000000000000000000000000000000000000000000000000000000011110000000000000000000000000000000000000000000000000000000000000000000000000001100001000010010000000000000000000000000000000000000000000000000000000000000000000000000000000000000000
000000000000000000000000000000000000000000000000000000000000000000000000000000000000000000000000000000000000000000000010010001000000000000000000000000000000000000000000000000000000000000000000000010100001000001100000000000000000000000000000000000000000000000000000000000000000000000000000000000000000
000000000000000000000000010000000000000000000000000000000000000000000000000000000000000000000000000000000000000000000000000001100000000000000000000000001100000000000000000000000000000000000000000000000000000000000000000000000000000000000000000000000000000000000000000000000000000000000111000000000000
000000000000000000000000101000000000000000000000000000000000001000000000000000000000000000000000000000000000000000000000000000110000000000000000000000001100000000000000000000000000000010000000000000000000000000000000000000000000000000100000000011000000000000000000000000000000000000010000100000000000
000000011000000000110000010000000000011000000000000000000000010100000000000000010000000000000000000000000000000000000000010011001000000000000000000000000000000000000000000000000000000010000000000001000000000000000000000000000000000001010000000011000000000000000000000000000000000000110100000000000000
000000011000000001010000000000000000011000000000000000000000100100000000000000010000000000000000000000000000000000000001001100010000000000000000000000000000000000000000000000000000000010000000000010100000000000000000000000000000000001010000000000000000000000000000000000000000000001100011100000000000
000110000000000000100000000000000000000000000000000000000000011000000000000000010000000000000000000000000000000000000000100100010001100000000000000000000000000000000000000000000000000000000000000100010000000000000000000000000000000000100000000000000000000000000000000000000000000011000000000000000000
000110000000000000000000000000000000000000000000000000000000000000000000000000000000000000000000000000000000000000000000000110000001100000000000000000000000000000000011100000000011000000000000000100010000000000000000000000000000000000000000000000000000000000000000000000000000000001100000000000000000
000000000000000000000000000000000000000000000000000000000000000000000000000000000000000000000000000000000000000000000000000000000000000000000000000000000000000000000000000000000011000000000000000101010000000000000000000000000000000000000000000000000000000000000000000000000000000000000000000000000000
000000000000000000000000000000000000000000000000000000000110000000000000000000000000000000000000000001100000000000000000000000000000000000000000000000000000000000000000000000000000000000000000000001000000000000000000000000000000000000000000000000000000000000000000000000000000000000001110110000000000
000001000000000000000000000000000000000000000000000000001001000000000000000000000000000000000000000001100000000000000000000000000000000000000000000000000000000000000000000000000000000000000000000001100000000000000000000000000000000000000000000000000000000000000000000000000000000000001111010000000000
000010100000000000000000000000000000000000000000000000001010000000000000000000000000000000000000000000000000000000000111000000000000000000000000000000000000000000000000000000000000000000000000000001110000001000000000000000000000000000000000000000000000000000000000000000000000000000000000100000000000
000100100000100000000000000000000100000000000000001000000100011100000000000000000000000000000000000000000000000000000100100000000000000000000000000000000000000000000000000000011000000000000000000010010000010100000000000000000000000000000000000000000000000000000000000000000000000000000000000000000000
000011000000100000000000000000001010000000000000001000000000000000000000000000000000000000000100000000000000000000000011000000000000000000000000000000000000000000000000000000011000000000000000000010010000010100000000000000000000000000000000000000000000000000000000001101110000000000000000000000000000
000000000000100000000000000000001100000000000000001000000001000001000000000000000000000000001010000000000000000000000000000000000000000000000000000000011000000000000000000000000000000000000000000000000000001000000000000000000000000000000000000000000000000000000000001110000000000000000000000000000000
000000000000000000000000000000000000000000011100000000000001000001000000000000000000000000001010000000000000000000000000000000010100000000000000000000100100000000000000000000000000000000000000001000000000000000000000000000010000000000000000000000000000000000000000010010110000000000000000000000000000
000000000000000000000000000000000000000000000000000000000001000001000000000000000000000000000100000000000000000000000000000011000100011100000000000000011000000000000000000000000000000000000000011100000000000000000000000000111000000000000000000000000000000000000000001100011000000000000000000000000000
000000110000000000000000000000000000000000000000000000000000000000000000000000000000000000000000000000000000000000000001110010000000000000000000000000000000000000000000000000000000000000000000100010000000000000000000000001010100000000000000000000000000000000000000001000001100000000000000000000000000
000001001000000000000000000000000000000000000000000000000000011100000000000000000000000000000000000000000000000000000001110001000000000000000000000000000000000000000000000000000000000000000000111110000000000000000000000001101110000000000000000000000000000000000000000000001100000000000000000000000000
000000110000000000000000000000000000000000000000000000000000000000000000000000000000000000000000000000000000000000000000100000010110000000000000000000000000000000000000000000000000000000000000011100000000000000000000000011100110000000000000000000000000000000000001100011000000000000000000000000000000
000000000000000000000000000000000000000000000000000000000000000000000000000000000000000000000000000000000000000000000000000000001000100000000000000000000000110000000000000000000000000000000000000000000000000000000000000100100100000000000000000000000000000000000010000101100000000000000000000000011000
000000000000000000000000000000000000000000000000001100000001100000000010000000000000000000000000000000000000000000000000010000010000000000000000000000000001010000000000000000000000000000000000000000000000000000000000000010001000000000000000000000000000000000000010000001010000000000000000000000010100
000000000000000000000000000000000000000000000000001100000001100000000101000000000000000000000000000000000000000000000000011100010000000000000000000000000001100000000000000000000000000000000000000000000000000000000000000011110000000000000000000000000000000000000001100000011000000000000000000000001000
000000000000000000000000000000000000000000000000000000000000000000000101000000000000000000000000000000000000000000000000000011100100010000000000000000000000000000000000000000000000000000000000000000000000000000000000000000100000000000000000000000000000000000000000000010010000000000000000000000000000
000000000000000000001100000000000000000000000000000000000000000000000010000000000000000000000000000000000000000000000000011010011100010000000000000000000000000000000000000000000000000000000000000000000000000000000000000000000000000000000000000000000000000000000000000011100000000000000000000000000000
000000000000000000001100000000111000000000000000000000000000000000000000011000000000000000000000001100001100011000000000001010001100100000000000000000000000000000000000000000000000000000000000000000000000000000000000000000000000000000000000000000000000000000000000000001000000000000000000000000000000
000000000000000000000000000000000000000000000000001000000000000001100000011000000000000000000000001100001100011000000000000100000101000000000000000000000000000000000000000000000000000000000000000000000000000000000000000000000000000000000000000000000000000000000000000000000000000000000000000000001100
000001100000000000000000000000000000000000000000010100000001100010010000000000000000000000000000000000000000000000000000000000000000000000000000000000000000000000000000000000011100000000000000000000000000000000000000000000000000000000000000000000000000000000000000000000000000000000000000000000001100
000001100000000000000000000000000000000000000000010100000001100001100000000000000000000000000000000000000000000000000000000000000000000000000000000000000000000000000000000000000000000000000000000000000000000000000000000000000000000000000000000000000110000000000000000000000000000000000000000000000000
000000000000000000000000000000000000000000000000001000011000000000000000000000000000000000000000000000000000000000000000000000000000000000000000000000000000000000000000000000000000000000000000000000000000000000000000001100000000000000000000000000000110000000000000000000000000000000000000000000000000
000000000000000000001000000000000000000000000000000000011000000000000010000000000000000000000000000000000000000000000000000000000000000000000000000000000000000000000000000000000000000000000000000000000000011000000000011100000000000000000000000000000000000000000000000000000000000000000000000000000000
000000000000000000001000000000011100011100000000000000000000000000000101000000000000000000000000000000000000000000000000000000000000000000000000000000000000000110000000000000000000000000000000000000000000011000000000010010000000000000000000000000000000000000000000000000000000000000000000000000000000
000000000000000000001000000000000000000000000000000000000000000000000101000000000000000000000000000000000000000000000000000000000000000000000000000000000000000110000000000000000000000000000000000000000000000000000001101100000000000000000000000000000000000011000000001100000000000000000000000000000000
000000000000000000000000000000000001000000000000000000000000000000000010000000000000000000000000000000000000000000000000000000000000000000000000000000000000000000000000000000000000000000000000000000000000000000000010010000000000000000000000000000000000000011000000001100000000000000000001100000000000
000000000000000000000000000000000001000000000000000000000000000000000000000000000000000000000000000000000000000000000000000100000000000000000000000011000000000000000000000000000000000000000000000000000000000000000000010000000000000000000000000000000000000000000000000000000000000000110000010000000000
000000000000000000000000000000000001000000000000000000000000000000000000000000000000000000000000000000000000000000000000000100000000000000000000000101000000000000000000000000000000000000000000000000000000000000001000100000100000000100000001110000000000000000000000000000000000000000110010000000000000
000000000000000000000000000000000000000000000000000000000000000000000000000001100000000000000000000000000000000000000000000100000000000000000000000110000000000000000000000000000000000000000000000000000000000000001010000011010000000100000000000000000000000000000000000011000000000000000001100000000000
000000000000000000000000000000000000000000000000000000000000000000000000000001100000000000000000000000000000000000000000000000000000000100000000000000000000000000000000000000000000000001100000000000000000000000000000001101000000000100000000000000000000000000000000000010100000000000000000000000000000
000000000000000000000000000000000000000000000000000000000000000000000000000000000001100000000000000000000000000000000001110001110000001010000000000000000000000000000000000000000000000001100000000000000000000000000000001000000000000000000000000011000000000000000000000001100000000000000000000000000000
000000000000000110000000000000000000000000000000000000000000000000000000000000000001100000000000000000000000000000000000000000000000010010000000000000000000010000000000000000000000000000000000000000000000000000000000000101100000000000000000000011000000000000000000000000000000000000000000000000000000
000000000000000110000000000000000000000000000000000000000000000000000000000000000000000000000000000000000000000000000000000100000000001100000000000000000000101000000000000000000000000000000000000000000000000001010000000001000000000000000000000000000000000000000000000000000000000000000000000000000000
000000000000000000000000000000000000000000000000000000000000000000000000000000000000000000000000000000000000000000000000000100000000000000000000000000000001001000000000000000000000000000000000000000000000000000100000111000000000000000000000000000000000000000000000110000000000000000000000000000000000
000000000000000000000000000000000011000000000000000000000000000000000000000000000000000000000000000000000000000000000000000100000000000000110000000000000000110000000000000000000000000000000000000000000000000000000000101000000000000000000000000000000000000000000000110000000000000000000000000000000000
000000000000000000000000000000000011000000000000000000000000000000000000000000000000000000000000000000000000000000000000000000000000000000110000000000000000000000000000000000110000000000000000000000000000000000000000110100000000000000000000000000000000000000000000000000000000000000000000000000000000
000000000000000000000000000000000000000000000000000000000000000000000000000000000000000000000000000000000000000010000000000000000000000000000000000000000000000000000000000000101000000000000000000000000000000000000000011000000000000000000000000000000000000000000000000000000000000000000000000000000000
000000000000000000000000000000000000010000000000000000000000000000000000000000000000000000000000000000000000000101000000000000000000000000000000000000000000000000000000000000010000000000000000000000000000000000000000010000000000000000000000000000000000000000000000000000000000000000000000000000000000
000000000000000000000000000000000000101000000000000000000000000000000000000000000000000000000000000000000000000010000000000000000000000000000000000000000000000000000000000000000000000000000000000000000000000000000000110000000000000000000000000000000000000000000000000000000000000000000000000000000000
000000000000000000000000000000000000100100000000000000000000000000000000011000000000000000000000000000000000000000000000000000000000000000000000000000000000000000000000000000000000000000000000000000000000000000000000000000000000000000110000000000000000000000000000000000000000000000000000000000000000
000100000000000000000000000000000000011000000000000000000000000000000000011000000000000000000000000000000000000000000000000000000000000000000000000000000000000000000000000000000000000000000000000000000000000000000000000000000000000001001000000000000001100000000000000000000000000000000000000000000000
001010000000000000000000000000000000000000000000000000000000000000000000000000000000000000000000000000000000110000000000000000000000000000000000000000000000000000000000000000000000000000000000000000000000000000011000000000000100000000110000000000000001100000000000000010000000000000000000000000000000
001100000000000000000000000000000000000000000000000000000000000000000000000000000000000000000000000000000000110000000000000000000000000000000000000000000000000000000011000000000000000000000000000000000000000000011000000000001110000000000000000000000000000000000000000010000000000000000000000000000000
000000000000000000000000000000000000000000000000000000000000000000000000000000000000000000000000000000000000000000000000000000000000000000000000000000000000000000000100100000000000000000000000000000000000000000000000000000011010000000000000000000000000000000000000000010000000000000000000000000000000
000000000000000000000000000000000000000000000000000000000000000000000000000000000000000000000000000000000110000000000000000000000000000000000000000000000000000000000011000000000000000000000000000000000000000000000000000000001100000000000000000000000000000000000000000000000000000000000000010000000000
000000000000000000000000000000000000000000000000000000000000000000000000000000000000000000000000000000000110000000110000000000000000000000000000000000000000000000000000000000000000000000000000000000000000000000000000000000001110000000000000000000000000000000000000000000000000000000000000101000000000
000000000000000000000000000000000000000000000000000000000000000110000000000000000000000000000000000000000000000000110000000000000000000000000000000110000010000000000000000000000000000000000000000000000000000000000000000000000101000000000000000000000000000000000001100000000000000000000000101000000000
000000000000000000000000000000000000000000000000000000000000000110000000000000000000000000000000000000000000000000000000000000000000000000000000000110000101000000000000000000000000000000000000000000000000000000000000000000000010000000000000000000000000000000000001100000000000000000000000010000000000
000000000000000000000000000000000000000000000000000000000000000000000000000000000000000000000000000000000000000000000000000000000000000000000000000000000101000000000000000000000000000000000000000000000000000000000000000000000000000000000000000000000000000000000000000000000000000000000000000000000000
000000000000000000000000000000000000000000000000000000000000000000000000000001000000000000000000000000000000000000000000000000000000000000000000000000000010000000000000000000000000110000000000000000000000000000000000000000000000001110000000000000000000000010000000000000000000000000001100000001100000
000000000000000000000000000000000000000000000000000000000000000000000000000001000000000000000000000000000000000000000000000000000000000000000000000000000000000000000000000000000000110000000000000000000000000000000000000000000000001110000000000000000000000010000000000000000000000000010010000010010000
000000000000000000000000000000000000000000000011000000000000011000000000000001000000000000000000000000000000000000000000000000000000000000000000000001100000001100000000000000000000000001000000000000000000000000000000000000000000010001000000000000000000000010000000000000000000000000001100000001100000
000000000000000000000000000000000000000000000011000000000000011000000000000000000000000000000000000000000000000000000000000000000000000000000000000010010000010010000000000000000000000010100000000000000000000000000000000000000000001110000000000000000000000000000000000000000000000000000000000000000000
000000000000000000000000000000000000000000000000000000000000000000000000000001000000000000000000000000000000000000110000000000000000000000000000000001100000001100000000000000000000000011000000000000000000000000000000000000000000001110000000000000000000111000000000000000000000000000000000010000000000
000000000001100000000000000000000000000000000000000000000000000000000000000010100000000000000000000000000000110000110000000000000000000000000000010000000000000000000000000000000000000000000000000000000000000000000000000000000000000000000000000000000000000000000000000000000000000000000000101000000000
000000000001100000000000010000000000000000000000000000000000000000000000000010100000000000000000000000000000110000000000000000000000000010000000010000000010000000000000000000000000000000000000000000000000000000000000000000000000000000000000000000100000000000000000000000000000000000000000101000000000
000000000000000000000000010000000000000000000000000000000000000000000000000001000000000000000000000000000000000000000000000000000000000101000000010000000101000000000000000000000010000000000001100000000000000000000000000000000000000000000000000001010000000000000000000000000000000000000000010000000000
000000000000000000000000010000000000000000000000000000000000000000000000000000000000000000111000000000000000000000000000000000000000000110000000000000000101000000000000000000000010000000000010010000000000000000000000000000000000000000000000000001010000000000000000000000000000000000000000000000000000
000000000000000100000000000000000000000110000000000000000000000000000000000000000000000000000000000000000000000000000000000000000000000000000000000000000010000000000000000000000010000000000001100000000001100000000000010000010100000000000000000000100000000000000000000000001000000000000000000000000000
000000000000001010000111000111000000000110000000000000000000000000000000000000000000000000000000000000000000000000000000000000000000000000000000000000000000000000000000000000000000000000000000000000000001100000000000110000011010000000000000000000000000000000000000000000010100000000000000000000000000
000000000000010010000000000000000000000000000000000000000000000000000000000000000000000000000000000000000000000000000000000000000000000000000000000000000000000000000000000000000000111000000000000000000000000000000000010100001110000000000000000000000000000000000000000000100100000000000000000000000000
000000000000001100000000010000000000110000000000000000000000000000000000000000000000000000000000000000000000000000000000000000000000000000000000000000000000000000000000000000000000000000000000000000000000000000000000000010001000000000000000000000000000000000000000000000011000000000000000000000000000
000000000000000000000000010000000000110000000000000000000000000000000000000000000000000000000000000000000000000000000000000000000110000000000000000000000000000000000000000000000000000000000000000000000000000000000000010100000000000000000000000000000000000000000000000000000000000000000000000110000000
000000000000000000000000010000000000000000000000000000000000000000000000000000000000000000000000000000011100000000000000000000001001000000000000000000000000000000000000000000011000000000000000000000000000000000000000001000000000000000000000000000000000000000000000000000000000000000000000000110000000
000000000000000000000000000000000000000000000000000000000000000000000000000000000000001100000000000000000000000000000000000000000110000000000000000000000000000000000000000000101000000000000000000000000000000000000000000000000000000000000000000000000000000000000000000000000000000000000000000000000000
000000000000000000000000000000000000000000000000000000000000000000000000000000000000001100000000000000000000000000000000000000000000000000000000000000000000000000000000000000010000000000000000000000000000000000000000000000000000000000000000000000000000000000000000000000000000000000000000000000000000
000000000000000000000000000000000000000001100000000000000000000000000001100000001100000000000000000000000000000000000000000000000000000000000000000000000000000000000000000000000000000000000000000000000000001000001110000000000000000000000000000000000000000000000000000000000000000000001100000000000000
000000000000000000000000000000000000000010010000000000000000000000000010010000010010000000000000000000000000000000000000000000000000000000000000000000000000000000000000000000000000000000000000000000000000010100000000000000000000000000000000000000000000000000000000000000000000000000001100000000000000
000000000000000000000000000000000000000001010000000000000000000000000001100000001100000000000000000000000000000000000000000000000000100000000000000000000000000000000000000000000000000000000000000000000000010100000000000000000000000011100000000000000000000000000000000000000000000000000000000000000000
000000000000000000000000000000000000000000100000000000000000000000000000000000000000000000000000000000000000000000000000000000000000100000000011000000000000000000000000000000000000000000000000000000000000001000000000000000000000000000000000000000000000000000000000000000000000000000000000000000000000
000000000000000000100000000000000000000000000000000000000000000000000000000010000000000000000000000000000000000000000000000000000000100000000010100000000000000000000000000000000000000000000000000000000000000001110000000000000000001000001000000000000000000000000000000000000000000000000000000000000000
000000000000000001010000000000000000000000000000000000000000010000000000000101000000000000000000000000000000000000000000000000000000000000000001000000000000000000000000000000000000000000000000000000000000000000000000000000000000001000001000000000000000000000000000000000000000000000000000000000000000
000000000000000001001000000000000000000000000000000000000000010000000000000101000000000000000000000000000000000000000000000000000000001110000000000000000000000000000000000000000000000000000000000000000000000000000000000000000000001000001000000000000000000000000000000000000000000000000000000000000000
000000000000000000110000000000011000000000000000000000000000010000000000000010000011000000000000000000000000000000000000000000000000000000000000000000000000000000000000000000000000000000000000000000000000000000000000000000000000000000000000011000000000000000000000000000000000000000000000000000000000
000000000000000000000000000000100100000000000000000000000000000000000000000000000011000000000000000000000000000000000000000000000000000000000000000000000000000000000000000000000000000000000000000000000000000000000000000000000000000011100000011000000000000000000000000000000000000000000000000000000000
010000000000000000000000000000101000000000000000000000000000000000000000000000000000000000000000000000111000000000000000000000000000000000000000000000000000000000010000000000000000000000000000000000000000000000000000000000000000000000000000000000000000000000000000000000000000000000000000000000000000
101000000000000000110000000000010000000000000000000000000000000000000000000000000000000000000000000000000000000000000000000000000000000000000000000000000000000000101000000000000000000000000000000000000000000000000000000000000000000000000000000000000000000000000000000000000000000000000000000000000000
101000000000000000110000000000000000000000000000000000000000000000000000000000000000000000000000000010000010000000000000000000000000000000000000000000000000000000101000000000000000000000000000000000000000000000000000000000000011100000000000000000000000010000000000000000000000000000000000000000000000
010000000000000000000000000000000000000000000000000000011000000000000000000000000000000000000000000010000010000000000000000000000000000000000000000000000000000000010000000000000000000000000000000000000000000000000000000000000000000000010000000000000000010000000000000000000000000000000000000000000000
000000000000000000000000000000000000000000000000000000011000110000000000000000000000000000000000000010000010000000000000000000000000000000000000000000000000000000000000000000000011000000000000000000000000000000000000000000000000001000101000000000000000010000000000000000000000000000000000000000000000
000000000000000000000000000000000000000000000000000000000000110000000000000000000000000000000000000000000000000000000000000000000000000000000000000000000000000000000000000000000101000000000000000000000000000000000000000000000000001000101000000000000000000000000000000000000000000000000000000000000000
000000110000000000000000000000000000000000000000000000000000000000000000000000000000000000000000000000111000000000000000000000000000000000000000000000000000000000000000000000000010000000000000000000000000000000000000000000000000001000010000000000000111000111000000000000000000000000000000000000000000
000000110000000000000000000000000000100000000000000000000000000000000000000000000000001100000000000000000000000000000000000000000000000000000000001000000000000000000000000000000000000000000000000000000000000000000000000000000000000000000000011000000000000000000000000000000000000000000000000000000000
000000000000000000000000000000000000100000000000000000000000000000000000000000000000001100000000000000000000000000000000000001100000000000000000001000000000000000000000000000000000000000000110000000000000000000000000000000000001000000000000011000000000010000000000000000000000000000000000000000000000
000000000000000000000000000000000000100000000000000000000000000000000000000000000000000000000000000000000000000000000000000001100000000000000000001000000000000000000000000000000000000110000101000000000000000000000000000000000010100000000000000000000000010000000000000000000000000000000000000000000000
000000000000000000000000000000000000000000000000000000000000000000000000000000000000000000000000000000000000000000000000000000000000000000000000000000000000000000000000000000000000001001000010000000000000000000000000000000000100100000111000000000000000010000000000000000000000000000000000000000000000
000000000000000000000000000000000000000000000000000000000000000000000000000000000000000000000000000000000000000000000000000000000000000000000000000000000000000000000000000000000000000101000000000000000000000000000000000000000011000000000000000000000000000000000000000000000000000000000000000000001000
000000000000000000000000000000000000000000110000000000000000000000000000000000000000000000000000000000000000000000000000000000000000000000000000000000000000000000001000000000000000000010000000000000000000000000000000000000000000000010000010000000000000000000000000000000000000000000000000000000010100
000000000000000000000000000000000000000000001000000000000000000000000000000000000000000000000000000000000000000000000000000000000000000000000000000000000000000000010100000000000000000000000000000000000000000000000000000000000000000010000010000000000000000000000000000000000000000000000000000000010100
000000000000000000000000000000000000000001000000000100000000000000000000000000000000000000000000000000000000000110000000000000000000000000000000000000000000000000010100000000000000010000000000000000000000000000000000000000000000000010000010000000000000000000000000000000000000000000000000000000001000
000000000000000000000000000000000000000000110000001010000000000000000000000000000000000000000000000000000000000101000000000000000000000000000000000000000000000000001000001100000000010000000000000000000000000000000000000000000000000000000000000000000000000000000000000000000000000000000000000000000000
000000000000000000000000000000000011000000000000000110000000000000000000000000000000000000000000000000000000000010000000000000000000000000001110000000000000000000000000010100000000010000000000000000000000000000000000000000000000000000111000000000000000000000000000000000000000000000000000000000000000
000000000000000000000000000000000011000000000000000000000000000000000000000001100000000000000000000000000000000000000000000000000000000000000000000000000000000000000000011000000000000000000000000000000000000000000000000000000000000000000000000000000000000000000000000000000000000000000000000000000000
000000000000000000000000000000000000000000000000000000000000000000000000000001100000000000000000000000000000000000000000000000000000000000000000000000000000000000000000000000000000000000000000000000000000000000000000000000000000000000000000000000000000000000000000000000000000000000000000000000000000
000000000000000000000000000000000000000000000000000000000000000000000000000000000000000000000000000000000000000000000000001100000000000000000000000000000000000000000000000000000000000000000000000000000000000000000000000000000000000000000000000000000000000000000000000000000000000000000000000001100000
000000000000000000000011100000000000000000000000000000000000000000000000000000000000000000000000000000000000000000000000001100000000000000000000000000000000010000000000000000111000000000000000000000000000000000000000000000000000000000000000000000000000000000000000000000010000000000000100000001100000
000000000000000000000000000000000000000000000000000000000000000110000000000000000000000000000000000000000000000000000000000000000000000000000000000000000000101000000000000000000000000000000000000000000000000000000000000000000000000000000000000000000000000000000000000000101000000000000100000000000000
000000000000000000001000000000000000000000000100000000000000000110000000000000000000001100000000000000110000000000000000000000000000000000000000000000000000101000000000000000000010000000000000000000000000000000000000000000000000000000000000000000000000000000110000000000101000000000000100000000000000
000000000000000000001000000000000000000000001010000010000010000000000000000000000000001100000000000000110000000000000000000001000000000000000000000000000000010000000000000000000010000000000000000000000000000000000000000000000000000000000000000000000000000001001000000000010000000000000000000000000000
000000000000000000001000000000000000000000000110000010000010000000000000000000000000000000000000000000000000000000000000000001000000000000000000000000000000000000000000000000000010000100000000000000000000000000000000000000000000000000000000000000000000000000110000000000000000000000000000000000000000
000000000000000000000000000000000000000000000000000010000010000000000000000000000000000000000000000000000000000000000000000001000000000000000000000000000000000000000000000000000000000100000000000000000000000000000000000000000000000000000000000000000000000000000000001100000001100000000000000000000000
000000000000001000000011000000000000011000000000000000000000000000000000000000000000000000000000000000000000000000000000000000000000000000000000000000000000000000000000000000000000000100000000000000000000000000000000000000000000000000000000000000000000000000000000010010000001100000000000000000000000
000000000000001000000011000000000000100100000000000000111000000000000000000000000000000000000000000000000000000000000000000000000000000000000000000000000000000000000000000000000000000000000000000000000000000000000000000000000000000000000000000000000000000000000000001100000000000000000000000000000000
000000000000001000000000000000000001001000000000000000000000000000000000000000000000000000000000000000000000000000000000000000000000000000000000000110000000000000000000000000000000000000000000000000000011000000000000000000000000000000000000000000000000000000000000000000000000000000000000000000000000
000000000000000000000000000000111000110000000000000000000000000000000000000000000000000000000000000000000000000000000000000000000000000000000000000110000000000000000000000000000000000000000000000000000011000000000000000000000000000000000000000000000000000001100000000000000000000000000000000000000000
000000000000000000000000000000000000000000000000000000000001110000000000000000000000000000000000000000000000000000000000001100000000000000000000000000000000000000000000000000000000000000000000000000000000000000000000000000000000000000000000000000000000000001100000000000110000000000000000000000000000
000000000000000000000000000010000010000000000000000000000000000000000000000000000000000000000000000000000000000000000000010100000000000000000000000000000000000000000000000000000000000000000000000000000000000000000000000000000000000000000000000000011000000000000010000000110000000000000000000000000000
000000000000000000000000000010000010000000000000000000000100000000000000000000000000000000000000000000011000000000000000001000000000000011000000000000000000000000000000000000000000000000000000000000000000000000000000000000000000000000000000011000010100000000000101000000000000000000000000000000000000
000000010000000000000000000010000010000000000000000000000100000000000000000000000000000000000000000000100100000000000000000000000000000011000000000000000000000000000000000000000000000000000000000000000000000000000000000000000000000000000000100100001000000000001010000000000000000000001100000000000000
000000010000000000000000000000000000000000000000000000000100000000001100000000000000000000000000000000100100000000000000000000000000000000000000000000000000000000000000000000000000000000000000000000000000000000000000000000000000000000000000101000000000000000001100000000000000000000001100000000000000
000000010000000000000000000000111000000000000000000000000000000000001100000000000000000000000000000000011000000000000000000000000000000000000000000000000000000000000000000000000000000001000000000000000000000000000000000000000000000000000000010000000000000000000000000000000000000000000000000000000000
000000000000000000000000000000000000000000000000000000000001110000000000000000100000000000000000000000000000000000000000000000000000000000000000000000000000000000000000000000000000000011100000000000000000000000000000000000000000000000000000000000000000000000000000000000000000011000000000000000000000
000111000111000000000110000000000000000000000000000000000000000000000000000001010000000000000000000000000000000000000000000000000000000000000000000000000000000000000000000000000000000110110000011100000011100000000000000000000000000000000000000000000000000000000000000000000000011000000000000000000000
000000000000000000000110000000000000000000000000000000000000000000000000000001010000000000000000000000000000000000000000000000000000000000000000001000000000000000000000000000000000000101001000100100000000000000000000000000000000000000000000000000000000000000000000000000000000000000000000000000000000
000000010000000000000000000000000000000000000000000000000000000000000000000000100000000000000000000000000000000000000000000000000000000000000000001000000000000000000000000000000000000010001100000000000000010000000000000000000000000000000000000000000000000000000000000000000000000000000000000000000000
000000010000000000000000000000000000000000000000000000000000000000000000000000000000000000000000000000000000000000000000000000000000000000000000001000000000000000000000000000000000000000000101000000000000100000000000000000000000000000000000000000000000000000000000000000000000000000000000001000000000
000000010000000000000000000000000000000000000000000000000000000000000000011000000011000000000000000000000000000000000000000000000000000001000000000000000000000000000000000000000000000000100100000110000000000000000000000000000000000000000000000000000000001100000000000000000000000000000000010100000000
000000000000000000000000000000000000000000000000000000000000000000000000100100000100100000000000000000000000000000000000000000000000000010100011100011100000000000000000110000000000000000101000000001000000000000000000000000000000000000000000000000000000001100000000000000000000000000000000010100000000
011100000000000000000000000000000000000000000000000000000000000000000000011000000011000000000000000000000000000000000010000000000000000010100000000000000000000000000000110000000000000000100000011111111000000000000011000000000000000000000000000000000000000000000000000000000000000000000000001000000000
000000000000000000000000000000000000000000000000000000000000000000000000000000000000000011100000000000000000000000000101000000000000000001000000001000000000000000000000000000000000000000000110000000000000000000000100100000000000000000000000000000000000000000000000000000000011100000000000000000000000
000000011000000000000000000000000110000000000000000000000000000000000000000000100000000000000000000000000000000000000101000000000000000000000000001000000000000000000000000000000000000000001101000000000000000000000011000000000000000000000000000000000000000000000000000000000000000000000000000000000000
000000100100000000000000000000000110000000000100000000000000000000000000000001010000001000001000000000000000000000000010000000000000000000000000001000000000000000000000000000000000000000011101000000000000000000000000000000000000000000000000000000000000000000000000000000001000001000000000000000000000
000000010100000000000000000000000000000000001010000000000000000000000000000001010000001000001000000000000000000000000000000100000000000000000000000000000000000000000000000000000000000001100111000000000000000000000000000000000000000000000000000000000000000000000000000000001000001000000000000010000000
000110001000000000000000000000000000000000001001000000000000000000000000000000100000001000001111000000000000000000000000001010000000000000000000000000000000000000000000000000000000000001100011000000000000000000000000000000000000000000000000000000000000000000000000000000001000001000000110000101000000
000110000000000000000000000000000000000000000110000000000000000000000000000000000000000000000011100000000000000000000000001010000000000000000000000000000000000000000000110000000000000000100111000000000000000000000000000000000000000000000000000000000000001000000000000000000000000000000110000101000000
000000000000000000000000000000000000000000000000000000000000000000000000000000000000000011100110010000000000000000000000000100000000000000000000000000000000000000000000110000000000000000110001000000000000000000000000000000000000000000000000000000000000010100000000000000000011100000000000000010000000
000000000000000000000000000000100000000000000000000000000000000000000000000000000000000000000011111000000000000000000000000000000000000000000000000000000000000000000000000000000000000000011101000000000000000000000000000000000000000000000000000000000000101000000000000000000000000000000000000000000000
000000000000000000000000000000100000000000000000000000000000000000000000000000000000000000000001111000000000000000000011000000011000000000000000000000000000000000000000000000000000000000001110000000000000000000000000000000000000000000000000000000000000110000000000000000000000000001110000000000000000
000000000000000000000000000000100000000000000000000000000000000000000000000000000000000000000001111000000000000000000100100000100100000000000000000000000000000000000000000000000000000000000100000000000000000000000000000000000000000000000000010000000000000000000000000000000000000000000000000000000000
000000000000000000000000000000000000000000000000000000000000000000000000000000000000000000011010110000000000000000000011000000011000000000000000000000000000000000000000000000000000000000000000000000000000000000000000000000000000000000000000111000000000000000000000000000000000000000000000000000000000
000000000000000000000000000000000000000000000000000000000000000000000000000000000000000000010000100000000000000000000000000000000000000000000000000000000000000000000000000000000000000000000000000000000000000000000000000000000000000000000000101100000000011000000000000000000000000000000000000000000000
000000000000000000000000000000000000000000000000000000000000000000000000000000000000000000010011000000000000000000000000000100000000000000000000000000000000000000000000000000000010000000000000000000000000000000000000000000000000000000000000001100000000011000000000000000000000000000000000000000000000
000000000000000000000011000000000000000000000000000000000000000000000000000000000000000000001111000000000000000000000000001010000000000000000000000000000000000000000000000000000101000000000000000000000000000000000000000000000000000000100000001110000000000000000000000000000000000000011000000000000000
000000000000000000000011000000011000000000000000000000000000000000000000000000000000000000000100000000000000000000000000001010000000000000000000000000000000000000000000000000001001000000000000000000000000000000000011000000000000000000100100000000000000000000000000000000000000000000011000000000000000
000000000000000000000000000000011000000000000000000000000000000000000000000000000000000000000000000000000000000000000000000100000000000000000000000000000000000000000000000000000110000000000000000000000000000000000000000000000000000000010110000000000100000000000000000000000000000000000000000000000000
000000000000000000011000000000000000000000000000000000000000000000000000000000000000000000000010000000000000000000000000000000000000000000000000000000000000000000000000000000000000000000000000000000000000000000000000000000000000000000000110000000000100000000000000000000000000000000000000000000000000
000000000000000000100100000000000000000000000000000000000000000000000000000000000000000000000111000000000000000000000000000000000000000000000000000000000000000000000000000000000000001000000000000000000000000000000000000000000000000000000000001100000100000000000000000000000000011000000000000000000000
000000000000000000011000000000000000000000000000000000000000000000000000000000000000000000001100100000000000000000000000000000000000000000001100000000000000000000000000000000000000001000000000000000000000000000000000000000000000000000000001101100000000000000000000000000000000100100000000000000000000
000000000000000000000000000000000000000000000000000000000000110000000011000000000000000000010001100000000000000000000000000000000000010000001100000000000000000000000000000000000000001000000000000000000000000000000000000000000000000000110000101000000000000000000000000000000000010100000000000000000000
000000000001100000000000000000000000000000000000000000000000110000000100100000000000000000110000000000000000000000000000000000000000101000000000000000000000000000000000000000000000000000011000000000000000000000000000000000000000000000001000010000000000000000000000000000000000001000001000000000000000
000000000000100000000000000000000000000000000000000000000000000000000011000000000000000001110000000000000000000000000000000000000000101000000000000000000000000000000000000000000000000000100100000000000000000000000001000000000000000000010100000000000000000000000000000000000000000000010100000000000000
000000000100000000000000000000000000000000000000000000000000000000100000000000000000000000110000000000000000000000000000000000000000010000000000000000000000000000000000000000000000000000101000000011000000000000000001000000000000000000001100000000000000000000000000000000000000000000100100000000000000
000000000110000000000000000000000000000000000000000000000000000001010000000000000000000000010001100000000000000000000000000000000000000000000000011100000000000000000000000000000000000000010000000011000000000000000001000000000000000000000000100000000000000000000000000000000000000000011000000000000000
000000000000000000000000000000000000000000000000000000000000000001010000000000000000000000001100100000000000000000000000000000000000000000000000000000000000000000000000000000000000000000000000000000000100000100000000000000000000000000000000110000000000000000000000000000000000000000000000000000000000
000000000000000000000000000000000000000000000000000000000000000000100000000000000000000000000111000000000000000000000000000000000000000000000000000000000000011100000000000000000000000000000000000000000100000100000000000000010000000000011111111100000000000000000000000000000000000000000000000000000000
000000000000000000000000000000000000000000000000000010000000000000000000000000000000000000000010000000000000000110000000000000000000000000011000000000000000000000000000000000000000000000000000000000000100000100000000000000101000000001001100010000000000000000000000000000000000000000000000000000000000
001100000000000000000001000000000000000000000000000010000000000000000000000000000000000000000000000000000000000110000000000000000000000000100100000000000000000000000000000000000000000000000000000000000000000000000000000000101000000011001000000010000000000000000000000000000000000000000000000000000000
001100000000000000000001000000000000000000000000000010000000000000000000000000000000000000000000000110000000000000000000000000000000000000011000000000000000000000000000000000000000000000000000000000000001110000000000000000010000000100110000010100000000000000000000000000000000000000000000000000000000
000000000000000000000001000000000000000000000000000000000000000000000000000000000000000000000000010000100000000000000000000000000000000000000000000000000000000000000000000000000000000000000000000000000000000000000000000000000000000001000001111000000000000000000000000000110000000000000000000000000110
000000000000000000000000000000000000000000000000000000000000000000000000000000000000000000000000010000011000000000000000000000000000000000000000000000000000000000000000000000000110000000000000000000000000000000000000000000000000000000110000100000000000000000000000000001001000000000000000000000000110
000000000000000000000000000000000000000000000000000000000000000000000000000000000000000000000000100001010000000000000000000000000000000000000000000000000000000011000000000000001001000000000000000000000000000000000000000000000000000001101000010000000000000000000000000000110000000000000000000000000000
000000000000000000000000000000000000000000000000000000000000000000000000000000000000000000000000001000010000000000000000000000000000000000000000000000000000000011000000000000000101000000000000000000000000000000000000000000000000000011001010100000000000000000000000000000000000000000000000000000000000
000000000000000000000001100000000000000000000000000000000000000000000000000000000000000000000000001101100000000000000000000000000000000011000000000000000000000000000000000000000010000000000000000000000000000000000000000000000000000011010000000000110000000000000000000000000000000000000000000000000000
000000000000000000000001100000000000000000000000000000000000000000000000000000000000000000000000000000000000000000000000000000000000000100100000000000000000000000000000000000000000000000000000000000000000000000000000000000000000000001100000000000110000000000000000000000000000000000000000000000000000
000000000000000000000000000000000000000000000000000000000000000000000000000000000000000000000000000000111000000000000000000000000000000100100000010000000000000000000000000000000000000000000000000000000000000000000000000000000000000000000000000000000000000000000000000000000000000000000000000000000000
110000000000001100000000000000000000000000000000000000000000000000000000000000000000000000000000000000000100000000000000000000000000000011000000010000000000000000000000000000000000000000000000000000000000000000000000000000000000000000000000000000000000000000000000000000000000000000000000000000000000
110000000000001100000000000000000000000000000000000000000000000000000000000000000000000000000000010001101100000000100000000000000000000000000000010000000000000000000000000000000000000000000000000000000000000000000000000000000000000000000000000000000000011000000000000000000000000000000000000000000000
000000000000000000000000000000000000000000000000000000000000000000000000000000000001100000011100000001001100000001010000000010000000000000000000000000000000000000000000000000000000000000000000000000000000000000000000000000000000000000000000000000000000100100000000000000000000000000000000000000000000
000000000000000000000000000000000000110000000000000000000000000000000000000000000001100000010010000000110000000011001000000101000000000000000000000000000000000000000000000000000000000000000000000000000000000000000000000000000000000000000000000000000000011000000000000000000000000000000000000000000000
000000000000000000010000000000000001001000000000000000000000000000000000000000000000000001100000000000000000010110010000000101000000000000000011100000000000000000000000000000000001000000000000000000000000000000000000000000000000000000000000000000000000000000000000000000000000000000000000000000000000
000000000000000000101000000000000000110000000000000000000000000000000000000000000000000001000001000000000000010010000000000010000000000000000000000000000000000000000000000000000010000000000000000000000000000000000000000000000000000000000000000000000000000000000000000000000000000000000000000000000000
000000000000000000101000000000000000000000000000000000000000000000000000000000000000000000000000000000000000010010000000000000000000000000000000000000000000000000000000000000000100000000000000000000000000000000000000000000000000000000000000000000000000000000000000000000000000000000000000000000000000
000000000000000000010000000000000000000000000000000000000000000000000000000000000000000010000000000000000000000101000000000000000000000000000000000000000000000000000000000000000100000000000000000000000000000000000000000000000000000000000000000000000000000000000000000000000000000000000000000000000000
000000000000000000000000000000000000000000000000000000000000000000000000000000000000000010000100000000000000000010000000000000000000000000000000000000000000000000000000000000000100000000000000000000000000000000000000000000000000000000000000000000000000000000000000000000000000000000000000000000000000
000000001000000000000000000000000000000000000000000000000000000000000000000000000000000000010100000000000000000000000000000000000000000000110000000000000000000000000000000000000000010000000000000000000000000000000000000000000000000000000000000000000000000000000000000000000000000000000000000000000000
000000001000000000000000000000000000000000000000000000000000000000000000000000000000000000001100000000000000000000000000000000000000000000110000000000000000000000000000000000000010001000000000000000000000000000000000000000000000000000000000000000000000000000000000000000000000000000000000000000000000
000000001000000000000000000000000000000000000000000000000000000000000000000000000000000000010110000000000000000000000000000000000000000000000000000000000000000000000000000000000001000000000000000000000000000000000000000000000000000000000000000000000000000000000000000000000000000000000000000000000000
000000000000000000000000000000000000000000000000000000000000000000000000000000000000000110010010000000000000000000000000000000000000000000000000000000000000000000000000000000000000111000000000000000000000000000000000000000000000000000000000000000000000000000000000000000000000000000000000000000000000
000000000011100000000000000000000000000000000000000000000000000000000000000000000000000100000000000000011100000000000000000000000000000000000000000000000000000000000000000000000000000000000000001111000000000000000000000000000000000000000000000000000000000000000000000000000000000000000001100000000000
000000000000001110000000000000000000000000000000000000000000000000000000000000000000010100000000000001100100000000000000000000000000000000000000000000000000000000000000000000000000000000000011101100010000000000000000000000000000000000000000000000000000000000000000000000000000000000000001100000000000
000000000000000000000111000000000000000000000000000000000000000000000000000000000000101000000000000010000000000000000000000000000000000000000000000000000000000000000000010000000000000000000011010000000000000000000000000000000000000000000000000000000000000000000000000000000000000000000000000000000000
000000000000000000000000000000000000001100000000000000000000000000000000000000000000100000000000000001010000000000000000000000000000000000000000000000000000000000000000001000000000000000000000011010000000000000000000000000000000000000000000000000000000000000000000000000000000000000000000000000110011
000000000000000000000000000000000000001100000000000000000000000000000000000000000000011111000000000000100000000000000000000000000000000000000000000000000000000000000000011000000000000001100000111010011000011000000000000000000000000000000000000000000000000000000000000000000000000000000000000000110011
000011100000000000000000000000000000000000000000000000000000000000000000000000000000001110000000000000000000000000000000000000000000000000000000000000000000000000000000010000000000000010010000110100000100001100001100000000000000000000000000000000000000010000001100000000000000000000000000000000000000
000000000000000000000000000000000000000000000000000000000000000000000000000000000000000010000000000000000000000000000000000000000000001100000000000000000000000000000010111000000000000100010000011111111000101000001110000000000000000000000000001100000000101000001100000011000000000000000000000000000000
000000000000000000000000000000000000000000000000000000000000000000000000000000000000000000000000000000000000000000000000000000000000010010000000000000000000000000000100010100000000000000000000011011000000100000010111000000000000000000000000001100000000101000000000000011000000000000000010000000000000
000000000000000000000000000000000000000000000000000000000000000000000000000000000000110101011000001000000000000000000000000000000000001010000000000000001100000000001000001100000000011000000000000011011000010010011001100000000000000000000000000000000000010000000000000000000000000000000101000000000000
000000000000000000000000000000000000000000000000000000000000000000000000000000000000100101001000010100000000000000000000000000000000000100000000000000010010000000000000001000000000010101100001101010001100010001101101110000000000000000000000000000000000000000000000000000000000000000001001000000000000
000000000000000001100000000000000000000000000000000000000000000000000000000000000000100101001000001100000000000110000000000000000000000000000000000000001100000000000000000000000000000001000001100011101010000101101111100000000001000000000000000000000000000000000000000000000000000000000110000000000000
000000000000000001100000000000000000001100000000000000000000000000000000000000000000010000010000000000000000000110000000000000110000000000000000000001000000000000000000000000000000100110001001101001000110000101100010000000000001000000000000000000000000000000000000000000000000000000000000000000000000
000000000000000000000000000000000000001100000000000000000000000000000000000001100000001010100000000000000000000000000000000000110000000000000000000010100000000000000000000000000000100110110110000011000000000011000000000000000001000000000000000000000000000000000000000000000000000000000000000000000000
000000000000000000000000000000000000000000000001000000000000000000000000000010010000000111000000000000000000000000000000000000000000000010000000000010100000000000000000000000000000000000000010000000000000000000000000000000000000000000000000000000000000000000000000000000000000000100000000000000000000
000000000000000000000000000000000000000000000010100000000000000000000000000010100000000010000000000000000000000000000000000000000000000101000000000001000000000000000000000000000000000001001101000000000000000000000000000000000000000000000000000000000000000000000000000000000000001010000000000001000000
000000000000000000000000000000000000000000000010100000000000000000000000000001000000000000000000000000000000000000000000000000000000000110000000000000000000000000000000000000000000000010000001110001101000000000000000000000000000000000000000000000000000000000000000000000000000000100000000000010100000
000000000000000000000000000000000000000000000001000000000000000000000000000000000000000000000000000000000000000000000000000000000000000000000000000000000000000000000000000000000000000001100000000001001000000000000000000000000000000000000000000000000000000000000000000000000000000000000000000010100000
000000000000000000000000000000000000000000000000000000000000000000000000000000000000000000000000000000000000000000000000000000000000000000000000000000000000000000010000000000000000000000000000000000011000000000000000000000000000000000000000000000000000000000000000000000000000000000000000000001000000
000000000000000000000000000000000000000000011000000000000000000000000000000000000000000000000000000000000000000000000000000000000000000000000000000000000000000000101000000000000000000000000000000000000000000000000000000000000000000000000000000000000000000000000000000000000000000000000000000000000000
000000000000000000000000000000000000000000100100000000000000000000000000000000000000000000000000000000000000000000000000110000000000000000000000000000000000000001001000000000000000000000000000001000000000000000000000000000000000000000000000000000000000000000000000000000000000000000000000000000000000
000000000000000000000000000000000000000000011000000000000000000000000000000000000000000000000000000000000000000000000000110000000000000000000000000000000000000000110000000000000110000000000000000000000000000000000000000000000000000000000000000000000000000000000000000000000000000000000000000000000000
000000100000000000000000000000000000000000000000000000000011000000000000000000000000000000000000000000000000000000000000000000000000000000000000000000000000000000000000000000001001000000000000000000000000000000000000000000000000000000000000000000000000000000000000000000000000000000000000000000000000
000001010000000000000000000000000000000000000000000000000011000000000000000000000000000000000000000000000000000000000000000000000000000000000000000000000000000000000000000000001010000000000000000000000000000000000000000000000000000000000000000000000000000000000000000000000000000000000000000000000000
000001010000000000000000001000000000000000000000000000000000000000000000000000000000000000000000000000000000000000000000000000011000000011000000000000000000000000000000000000000100000000000000000000000000000000000000000000000000000000000000000000000000000000000000000000000000000000000000000000000000
000000100000000000000111001000000000000000000000000000000000000000000001100000000000000000000000000000000000000000000000000000100100000100100000000000000000000000000000000000000000000000000000000000000000000000000000000000000000000000000000000000000000000000000000000000000000000000000000000000000000
000000000000000000000000001000000000000000000000000000000000000000000001100000000000000000000000000000000000000000000000000000011000000011000000000000000000000000000000000000000000000000000000000000000000000000000000000000000000000000000000000000000000000000000000000000000000000000000000000000011000
000000000000000000000000000000000000000000000000000000000000000000000000000000000000000000000000000000000000000000000000000000000000000000000000000000000000000000000000000000000000000000000000000000000000000000000000000000000000000000000000000000000000000000000000000011000000110000000000000000011000
000000110000000000000000000000000000000000000000000000000000000000000000000000000000000000000000000000000000000110000000000000000000100000000000000000000000000000000000000000000000000000000000000000000000000000000000000000000000000000000000000000000000000000000000000011000000110000000000000000000000
000000110000000000000000000000000000000000000000001100000000000000000000000000000000000000000000000000000000001001000000000000000001010000000000000000000000000000000000000000000000000000000000000010000000000000000000000000000000000000000000000000000110000000000000000000000000000000000000000000000000
000000000000000000000000000000000000000000000000001100000000000000000000000000000000000000000000000000000000000101000000000000000001010000000000000000000000000000000000000000000000000000000000000100100000000000000000000000000000000000000000000101011001000000000000000000000000000000000000000110000000
000000000000000000000000000000000000000000000000000000000000000000000000000000000000000000000000000000000000000010000000000000000000100000000000000000000000000000000000000000000000000000000000000000010000000000111000000000000000000000000000011101100100000000000000000000000000000000000000000110000000
000000000000000000000000000000000000000000000000000000000000000000000000000000000000000000000000000000010000000000000000000000000000000010000000001110000000000000000000000000000000000000000000000100000000000000000000000000000000000000000000001100010000000000000000000000000000000000000000000000000000
000000000000000000000000000000000000000000000000000000000000000000000000000000000000000000000000000000101000000000000000000000000000000101000000000000000000000000000000000000000000000000000000000000000000000000000000000000000000000000000000000101010000000000000000000011000000000000000000000000000000
000000000000000000000000000000000000000000000000000000000000000000000000000000000000000000000000000000100100000000000000000000011000000101000000000000000000000000000000000000000000000000000000000000000000110000000000000000000000000000000000000000001100000000000000000011000000000000000000000000000000
000000000000000000000000000000000000000000000000000000000000000000000000000000000000000000110000000000011000000000000000000000100100000010000000000000000000000000000000000000000000000000000000000010010001001000000000000000000111000000000000000000010000000000000000000000000000000000000000000000000000
000010000000000000000000000000000000000000000000000000000000000000000000000000000000000000110000000000000000000000000000000000100100000000000000000110000000000001100000000000000000000000000000001100100001001000000000000000001110000000000000000000000100000000000000000000000000000000000000000000000000
000101000000000000000000000000000000000000000000000000000000000000000000000000000000000000000000000000000000000000000000000000011000000000000000001001000000000001010000000000000000000000000000000001000000110000000000000000000000000000000000000000010010100000000000000000000000000000000000000000000000
000110000000000000000000000000000001000000000000000000000000000000000000000000000000000100000000000000000000000000000000000000000000000000000000000110000000000000100000000000000000000000000000000110000000000000000000000000000000000000000000000000010110111000000000000000000000000000000000000000000000
000000000000000000001100000000000010100000000000000001100000000000000000000000000000001010000000000000000000000000000000000000000000000000000000000000000000000000000000000000000000000000000000000000000000000000000000000000000000000000000000000000000000011000000000000000000000000000000000000000000000
000000000000000000010010000000000010010000000000000001100000000000000000000000000000000100000000000000000000000000000000000000000000000000000000000000000000000000000000000000000000000000000000000000000000000000000000000000000000000000000000000000001100000000000000000000000000000000000000000000000000
000000000000000000001100000000000001100000000000000000000000000000000000000000000000000000000000000000000000000000000000000000000000000000000000000000000000000000000000000000000000000000000000000000111000000000000000000000000000000000000000000000001001000000000000000000000000000000000000000000000000
000000000000000000000000000000000000000000000000000000000000000000000000000000000000000000000000000000000011000000000000000000000000000000000000000000000000000001100000000000000000000000000000000001100100000000000000000000000000000000000000000000001000000000111000000010000000000000000000000000000000
000000000000000000000000000000000000000000000000000000000000000000000000000000000000000000000000000000000100100000000000000000000000000000000000000000000000000001100000000000010000000000000000000010001100000011100000000000000000000000000000000000001001000001000100001101100000000000000000000010000000
000000000000000000000000000000000000000000000000000000000000000000000000000000000000000000000000000000000011000000000000000000000000000000000000100000000000000000000000000000101100000000000000000100111000000000000011000000000000110000100000000000001010000001000100001101100000000000000000000101000000
000000000000000000000000000000000000000000000000000000000000000000000000000000000000000000000000000000000000000000000000000000000000000000000000100000000000000000000000000001000100000000000000001001100000000000000011000000000000110001010000000000000100000001000100001101000000000000000000001000100000
000000000000000000000000000000000000000000000000000000000000000110000000000000000000000000000000000000000000000000000000000000000000000000000000100000000000000000000000000001100010000000011000001001000000000000000000000000000000000010010000000000000000000000111001000010100001100000000000010001100010
000000000000000000000000000000000000000000000000000000000000001001000000000000000000000000000000000000000000000000000000000000000000000000000000000000000000000000000000000001110000000000011000000100100000000000000000000000000000000001100000000000000000000000000011100000000001100000000001001101010101
000000000000000000000000000000000000000000000000000000000000001010000000100000000000000000000000000110000000000000000000000000000000000000000000000000000000000000000000000000000000000000000000000100100000000000000000000000010000000000000000000000000000000000000100001000000000000000000000010000100001
000000000000000000000000000000000000000000000000000000000000000100000001010000000000000000000000000110000011000000000000000000000000000000000000000000000000000000000000000000000011000000000000000011100000000000000000000000010000000000000000000000000000000000000010011001110000000000000000000000100100
000000000000000000000000000000000000000000000000000000000000000000000001010000000000000000000000000000000011000000000000000000000000000000000000000000000000000000000000000000111011000000000010000000000000000000000000000000010000000000000000000000000000000000000011001110010000000000000000000000000000
000000000000000000000000000000000000000000000000000000000000000000000000100000000000000000000000000000000000000000000000000000000000000000000000000000000000000000000000000011011000000000000010000000000000000000000000000000000000000000000001000000000000000000000000000111110000000000000000000000000000
000000000000000010000010000000000000000000000000000000000000000000000000000000000000000000000000000000000000000000000000000000000000000000000000000000000000000000000000000011010000000000000010000000000000000000000000000000000000000000000001000000000000000000001000000111000000000000000000000000000000
000000111000000010000010000000100000000000000000000000000000000000000000000000000000000000000000000000000000000000000000000000000000000000111000000000000000000000000000000000000011000000000000000000000000000000011000000000000000000000000001000000000000000011001000000000000000000000000000000000000000
000000000000000011000110000000100000000000000000000000000000000000000000000000000000000000000000000000000000000000000000000000000000000000000000000000000000000000000000000000000111000000000000000000000000000000011000000000000000000000000000000000000000000110000000000000000001100000000000000000000000
000000000000000000000000000000100000000000000000000000000000000000000000000000000000000000000000000000000000110000000000000000000000000000000000000000000000000000000000000000000011000000000000000000000000000000000000000000000000000000011100011100000000000001011000000000000010010000000000000000000000
000000000000111001101100111000000000000000000000000000000000000000000000000000000000000000000000000000000000110000000000000000000000000000000000000000000000000000000000000000000100000000000000000000000000000000000000000000000000000000000000000000000000000000011000000000000001100000000000000000000000
000110000000001010101010100000000000000000000000000000011000000000000000000000001100000000000000000000000000000000000000000000000000000000000000000000000000000000000000000000000000000000000000000000000000000000000000000000000000000000000000000000000000000000000000000000000000000000000000000000000000
000110000000000011000110000000000000000000000000000000011000000000000000000000001100000000000000000000000000000000000000000000000000000000000000000000000000000000000000000000000000000000000000000000000000000000000000000000000000000000000000000000000000000000000000000000000000000000000000000000000000
